Open,High,Low,Close,Volume,Dividends,Stock Splits
0.0,0.5689230280125728,0.561021319290176,0.5629966259002686,89600,0.0,0.0
0.0,0.5629966259002686,0.5629966259002686,0.5629966259002686,3200,0.0,0.0
0.0,0.5629964551695517,0.5610211491584778,0.5610211491584778,9600,0.0,0.0
0.0,0.5649721622467042,0.5610210685106533,0.5649721622467041,9600,0.0,0.0
0.0,0.5610211874757495,0.5531194806098938,0.5531194806098938,48000,0.0,0.0
0.0,0.5511443614959717,0.5491690546796614,0.5511443614959717,9600,0.0,0.0
0.0,0.5491688847541808,0.5491688847541808,0.5491688847541809,3200,0.0,0.0
0.0,0.5452178688830367,0.5333655476570128,0.5333655476570129,22400,0.0,0.0
0.0,0.5353408982977831,0.5136110782623291,0.5136110782623291,44800,0.0,0.0
0.0,0.5175619494585352,0.5096602439880371,0.5096602439880371,32000,0.0,0.0
0.0,0.5136108555823722,0.5096602439880371,0.5096602439880371,9600,0.0,0.0
0.0,0.5096602439880371,0.5096602439880371,0.5096602439880371,16000,0.0,0.0
0.0,0.5116354823112488,0.5096601767745825,0.5116354823112488,9600,0.0,0.0
0.0,0.5076845372126856,0.4997828304767609,0.49978283047676086,105600,0.0,0.0
0.0,0.4997828304767609,0.49780752436325604,0.49978283047676086,22400,0.0,0.0
0.4997828304767609,0.4997828304767609,0.4997828304767609,0.49978283047676086,0,0.0,0.0
0.0,0.49385701896859063,0.48990592360496515,0.4899059236049652,19200,0.0,0.0
0.0,0.4859552777053162,0.4780535697937011,0.47805356979370117,19200,0.0,0.0
0.0,0.47410233194671547,0.4503972153493797,0.4523725211620331,54400,0.0,0.0
0.0,0.4622504257164034,0.4503976157400097,0.45434871315956116,51200,0.0,0.0
0.0,0.4899059109263048,0.45829907796331737,0.48595529794692993,144000,0.0,0.0
0.0,0.49583246703582834,0.4899060634398099,0.4918813705444336,38400,0.0,0.0
0.0,0.49385666847229,0.4918808810517137,0.49385666847229004,12800,0.0,0.0
0.0,0.4958319962024688,0.4958319962024688,0.49583199620246887,9600,0.0,0.0
0.0,0.5057093501091003,0.4938570283569277,0.5057093501091003,86400,0.0,0.0
0.0,0.5057093501091003,0.5017587369523824,0.5057093501091003,48000,0.0,0.0
0.0,0.501758727413832,0.4820042151597238,0.4899059236049652,89600,0.0,0.0
0.0,0.49385666847229,0.49385666847229,0.49385666847229004,3200,0.0,0.0
0.0,0.49780761916705163,0.48595529794692993,0.48595529794692993,35200,0.0,0.0
0.0,0.4899059109263048,0.48595529794692993,0.48595529794692993,6400,0.0,0.0
0.0,0.4820042464692714,0.46620082855224615,0.4662008285522461,54400,0.0,0.0
0.0,0.47015192417252294,0.46620082855224615,0.4662008285522461,12800,0.0,0.0
0.0,0.47410266465443096,0.4701520502567291,0.4701520502567291,44800,0.0,0.0
0.0,0.4780535697937011,0.4701518618820861,0.47805356979370117,86400,0.0,0.0
0.0,0.4839794890159297,0.4780535697937011,0.47805356979370117,22400,0.0,0.0
0.0,0.49385666847229,0.4820038730755014,0.49385666847229004,48000,0.0,0.0
0.0,0.4899059109263048,0.48595529794692993,0.48595529794692993,6400,0.0,0.0
0.0,0.4820041826085202,0.4780535697937011,0.47805356979370117,6400,0.0,0.0
0.0,0.4800288762011106,0.4780535697937011,0.47805356979370117,16000,0.0,0.0
0.0,0.48595535074704843,0.4780536416477635,0.4820042550563812,51200,0.0,0.0
0.0,0.48595535275988744,0.47607785463333124,0.4760778546333313,35200,0.0,0.0
0.0,0.47410249710083,0.47410249710083,0.4741024971008301,12800,0.0,0.0
0.0,0.4701520502567291,0.4701520502567291,0.4701520502567291,3200,0.0,0.0
0.0,0.4642254412174225,0.4582990399578234,0.4642254412174225,41600,0.0,0.0
0.0,0.4721272308416409,0.46620082855224615,0.4662008285522461,140800,0.0,0.0
0.0,0.46620071807812,0.45829901099205017,0.45829901099205017,51200,0.0,0.0
0.0,0.4582991090950285,0.45632380247116083,0.4563238024711609,9600,0.0,0.0
0.0,0.45632402072820655,0.4543487131595611,0.45434871315956116,44800,0.0,0.0
0.0,0.43854494493171636,0.4108887314796448,0.4108887314796448,99200,0.0,0.0
0.0,0.4187907075881958,0.39508557319641113,0.39508557319641113,86400,0.0,0.0
0.0,0.39508504347373363,0.39310973882675176,0.3931097388267517,19200,0.0,0.0
0.0,0.3891590024816428,0.3832330831314257,0.38718369603157043,32000,0.0,0.0
0.0,0.39310973882675176,0.3911344341797699,0.3931097388267517,86400,0.0,0.0
0.0,0.4108887314796448,0.3990364130586736,0.4108887314796448,86400,0.0,0.0
0.0,0.40891358256340027,0.40693827578129477,0.40891358256340027,19200,0.0,0.0
0.0,0.40496259195577294,0.39508557319641113,0.39508557319641113,48000,0.0,0.0
0.0,0.393110097663775,0.3832330831314257,0.38718369603157043,105600,0.0,0.0
0.0,0.3832331861337117,0.37335568666458135,0.3733556866645813,64000,0.0,0.0
0.0,0.3773067495912069,0.3615033305746336,0.3674297332763672,377600,0.0,0.0
0.0,0.3713802495362928,0.35557683466240797,0.3575521409511566,1139200,0.0,0.0
0.0,0.38718369603157043,0.3634785717847396,0.38718369603157043,118400,0.0,0.0
0.0,0.3970604154493293,0.38323279829419205,0.39113450050354004,67200,0.0,0.0
0.0,0.39113450050354004,0.3812570110306333,0.39113450050354004,240000,0.0,0.0
0.0,0.3990362882614136,0.39113458435803644,0.3990362882614136,54400,0.0,0.0
0.0,0.4029871821403503,0.4029871821403503,0.40298718214035034,6400,0.0,0.0
0.0,0.4108887314796448,0.40496233112821756,0.4108887314796448,16000,0.0,0.0
0.0,0.4069381357905262,0.40101173520088196,0.40101173520088196,28800,0.0,0.0
0.0,0.4049622118473053,0.4049622118473053,0.4049622118473053,3200,0.0,0.0
0.0,0.4069381654262543,0.4069381654262543,0.4069381654262543,6400,0.0,0.0
0.0,0.39508557319641113,0.39508557319641113,0.39508557319641113,67200,0.0,0.0
0.0,0.4029871821403503,0.4029871821403503,0.40298718214035034,32000,0.0,0.0
0.0,0.4108887314796448,0.4069381194332821,0.4108887314796448,19200,0.0,0.0
0.0,0.4069381654262543,0.4069381654262543,0.4069381654262543,3200,0.0,0.0
0.0,0.4089134716726887,0.4029870706514477,0.4069381654262543,32000,0.0,0.0
0.0,0.4108887314796448,0.4108887314796448,0.4108887314796448,6400,0.0,0.0
0.0,0.41286414861679077,0.410888842061996,0.41286414861679077,22400,0.0,0.0
0.41286414861679077,0.41286414861679077,0.41286414861679077,0.41286414861679077,0,0.0,0.0
0.0,0.4148399531841278,0.4069382443833066,0.4148399531841278,76800,0.0,0.0
0.0,0.4187905490398407,0.4108888405673909,0.4187905490398407,35200,0.0,0.0
0.0,0.42274159270726147,0.41681519150733953,0.4168151915073395,9600,0.0,0.0
0.0,0.4227415025234222,0.42076571435697674,0.42274150252342224,16000,0.0,0.0
0.0,0.426692247390747,0.426692247390747,0.42669224739074707,12800,0.0,0.0
0.0,0.43854483962059015,0.43064313514347835,0.4385448396205902,54400,0.0,0.0
0.0,0.4543485366078801,0.4484221339225769,0.4484221339225769,51200,0.0,0.0
0.0,0.4523725211620331,0.4523725211620331,0.4523725211620331,3200,0.0,0.0
0.0,0.47015213827324565,0.4543487131595611,0.45434871315956116,124800,0.0,0.0
0.0,0.45632380247116083,0.45632380247116083,0.4563238024711609,9600,0.0,0.0
0.0,0.49385666847229,0.4622498571230768,0.49385666847229004,115200,0.0,0.0
0.0,0.497807278750108,0.4899055759128047,0.49385666847229004,41600,0.0,0.0
0.0,0.5057093501091003,0.49583233493528667,0.5057093501091003,137600,0.0,0.0
0.0,0.5096602439880371,0.5017585385175392,0.5096602439880371,48000,0.0,0.0
0.0,0.5057093501091003,0.5057093501091003,0.5057093501091003,28800,0.0,0.0
0.0,0.5096602439880371,0.5096602439880371,0.5096602439880371,6400,0.0,0.0
0.0,0.5136110782623291,0.5136110782623291,0.5136110782623291,3200,0.0,0.0
0.0,0.5136110782623291,0.5136110782623291,0.5136110782623291,16000,0.0,0.0
0.0,0.5175620913505554,0.5116356900524748,0.5175620913505554,32000,0.0,0.0
0.5175620913505554,0.5175620913505554,0.5175620913505554,0.5175620913505554,0,0.0,0.0
0.0,0.521512704027969,0.5136109963911816,0.5175620913505554,57600,0.0,0.0
0.0,0.513610787847915,0.5096601767745825,0.5116354823112488,51200,0.0,0.0
0.0,0.5136109378351055,0.4997828304767609,0.49978283047676086,54400,0.0,0.0
0.0,0.5057093501091003,0.5037340435307414,0.5057093501091003,19200,0.0,0.0
0.0,0.5057090671766064,0.5017584562301636,0.5017584562301636,6400,0.0,0.0
0.0,0.497807278750108,0.49385666847229,0.49385666847229004,6400,0.0,0.0
0.0,0.4918812301457731,0.48990592360496515,0.4899059236049652,32000,0.0,0.0
0.0,0.48990592360496515,0.48990592360496515,0.4899059236049652,12800,0.0,0.0
0.0,0.48595529794692993,0.48595529794692993,0.48595529794692993,19200,0.0,0.0
0.0,0.4820041826085202,0.4780535697937011,0.47805356979370117,9600,0.0,0.0
0.0,0.47410258901799557,0.4681761860847473,0.4681761860847473,9600,0.0,0.0
0.0,0.46620063578499127,0.46225002408027654,0.4622500240802765,25600,0.0,0.0
0.0,0.47015192417252294,0.4622502152140103,0.4662008285522461,25600,0.0,0.0
0.0,0.46225008405447926,0.4503972828388214,0.4503972828388214,83200,0.0,0.0
0.0,0.45434838592765514,0.4424955844879151,0.44249558448791504,22400,0.0,0.0
0.0,0.44644667906179947,0.4424955844879151,0.44249558448791504,19200,0.0,0.0
0.0,0.44052037596702576,0.44052037596702576,0.44052037596702576,19200,0.0,0.0
0.0,0.44447089063390066,0.4424955844879151,0.44249558448791504,28800,0.0,0.0
0.0,0.44644677639007574,0.44052037437821184,0.4464467763900757,48000,0.0,0.0
0.0,0.44644670074194004,0.4444709122180939,0.44447091221809387,28800,0.0,0.0
0.0,0.4444709122180939,0.4444709122180939,0.44447091221809387,3200,0.0,0.0
0.0,0.4543487131595611,0.44842230817136425,0.45434871315956116,16000,0.0,0.0
0.0,0.45632380247116083,0.45632380247116083,0.4563238024711609,3200,0.0,0.0
0.0,0.4543487131595611,0.4503976157400097,0.45434871315956116,19200,0.0,0.0
0.0,0.45829901099205017,0.4543483985899786,0.45829901099205017,16000,0.0,0.0
0.0,0.4642254412174225,0.4622501348915418,0.4642254412174225,6400,0.0,0.0
0.0,0.4681761860847473,0.46027447626778073,0.4681761860847473,28800,0.0,0.0
0.0,0.4622501056760484,0.45829901099205017,0.45829901099205017,12800,0.0,0.0
0.0,0.458299328296852,0.4543487131595611,0.45434871315956116,6400,0.0,0.0
0.0,0.4503973895433061,0.44644677639007574,0.4464467763900757,76800,0.0,0.0
0.0,0.44249561499565154,0.43656921386718744,0.4365692138671875,16000,0.0,0.0
0.0,0.43854500243130645,0.43656921386718744,0.4365692138671875,16000,0.0,0.0
0.0,0.440520308713479,0.43656921386718744,0.4365692138671875,25600,0.0,0.0
0.0,0.43656931207281313,0.4345940053462982,0.4345940053462982,28800,0.0,0.0
0.0,0.44644677639007574,0.44052037437821184,0.4464467763900757,35200,0.0,0.0
0.0,0.458298920881825,0.4523725211620331,0.4523725211620331,80000,0.0,0.0
0.0,0.4503972828388214,0.4484219767301798,0.4503972828388214,22400,0.0,0.0
0.0,0.4503972828388214,0.44644667062153814,0.4503972828388214,22400,0.0,0.0
0.0,0.4523725211620331,0.4503972153493797,0.4523725211620331,6400,0.0,0.0
0.0,0.4523725211620331,0.44842190953672634,0.4523725211620331,64000,0.0,0.0
0.0,0.45829901099205017,0.45829901099205017,0.45829901099205017,16000,0.0,0.0
0.0,0.4543487131595611,0.4543487131595611,0.45434871315956116,9600,0.0,0.0
0.4543487131595611,0.4543487131595611,0.4543487131595611,0.45434871315956116,0,0.0,0.0
0.0,0.4543483773380087,0.4503972828388214,0.4503972828388214,19200,0.0,0.0
0.0,0.45829901099205017,0.4543483985899786,0.45829901099205017,22400,0.0,0.0
0.0,0.4582991090950285,0.45632380247116083,0.4563238024711609,16000,0.0,0.0
0.0,0.46620063578499127,0.45829893009372025,0.4622500240802765,102400,0.0,0.0
0.0,0.46620104085369424,0.4503976157400097,0.45434871315956116,332800,0.0,0.0
0.0,0.4503972828388214,0.4503972828388214,0.4503972828388214,6400,0.0,0.0
0.0,0.4543487131595611,0.4503976157400097,0.45434871315956116,22400,0.0,0.0
0.0,0.46225002408027654,0.45632362424136286,0.4622500240802765,51200,0.0,0.0
0.0,0.4681761860847473,0.46422557231731065,0.4681761860847473,9600,0.0,0.0
0.0,0.4820042550563812,0.47212723925278743,0.4820042550563812,28800,0.0,0.0
0.0,0.48595535074704843,0.4820042550563812,0.4820042550563812,38400,0.0,0.0
0.0,0.4839797019958496,0.4820043947191871,0.4839797019958496,32000,0.0,0.0
0.0,0.49188137054443365,0.4859554492305625,0.4918813705444336,54400,0.0,0.0
0.0,0.4978075325489045,0.49583222640291885,0.4978075325489044,6400,0.0,0.0
0.0,0.4978075325489045,0.4978075325489045,0.4978075325489044,25600,0.0,0.0
0.0,0.4978075325489045,0.49385692025693323,0.4978075325489044,35200,0.0,0.0
0.0,0.49385666847229,0.49385666847229,0.49385666847229004,25600,0.0,0.0
0.0,0.4978075325489045,0.49385692025693323,0.4978075325489044,9600,0.0,0.0
0.0,0.5254637598991394,0.501758638752154,0.5254637598991394,153600,0.0,0.0
0.0,0.5254637598991394,0.5215126652336796,0.5254637598991394,166400,0.0,0.0
0.0,0.5294143722826747,0.5254637598991394,0.5254637598991394,9600,0.0,0.0
0.5254637598991394,0.5254637598991394,0.5254637598991394,0.5254637598991394,0,0.0,0.0
0.0,0.5254637598991394,0.5215126652336796,0.5254637598991394,9600,0.0,0.0
0.5254637598991394,0.5254637598991394,0.5254637598991394,0.5254637598991394,0,0.0,0.0
0.0,0.519537480505096,0.5136110782623291,0.5136110782623291,25600,0.0,0.0
0.0,0.513610787847915,0.5116354823112488,0.5116354823112488,44800,0.0,0.0
0.0,0.5096602439880371,0.5096602439880371,0.5096602439880371,9600,0.0,0.0
0.0,0.5136110782623291,0.5096604649551759,0.5136110782623291,70400,0.0,0.0
0.0,0.5096602439880371,0.5096602439880371,0.5096602439880371,6400,0.0,0.0
0.0,0.5096602439880371,0.5057091501118741,0.5096602439880371,16000,0.0,0.0
0.0,0.5057095089647263,0.4701520502567291,0.4701520502567291,124800,0.0,0.0
0.0,0.46620063578499127,0.46225002408027654,0.4622500240802765,41600,0.0,0.0
0.0,0.460274317193086,0.45829901099205017,0.45829901099205017,32000,0.0,0.0
0.0,0.4444709704615282,0.4148399261042262,0.42669224739074707,118400,0.0,0.0
0.0,0.45829901099205017,0.4345938897338407,0.45829901099205017,112000,0.0,0.0
0.0,0.4543482485748138,0.43459374624115055,0.4385448396205902,86400,0.0,0.0
0.0,0.43459398404516514,0.41088885764270155,0.4148399531841278,115200,0.0,0.0
0.0,0.4187905490398407,0.4108888405673909,0.4187905490398407,44800,0.0,0.0
0.0,0.42076575756073,0.42076575756073,0.42076575756073,6400,0.0,0.0
0.0,0.4148400929973286,0.39508557319641113,0.39508557319641113,64000,0.0,0.0
0.0,0.402986899072236,0.3990362882614136,0.3990362882614136,28800,0.0,0.0
0.0,0.3990362882614136,0.3950851951688588,0.3990362882614136,35200,0.0,0.0
0.0,0.4049622118473053,0.4029869064059467,0.4049622118473053,28800,0.0,0.0
0.0,0.40298704130346247,0.40101173520088196,0.40101173520088196,35200,0.0,0.0
0.0,0.3990362882614136,0.3990362882614136,0.3990362882614136,16000,0.0,0.0
0.0,0.39508557319641113,0.39508557319641113,0.39508557319641113,6400,0.0,0.0
0.0,0.39113450050354004,0.39113450050354004,0.39113450050354004,25600,0.0,0.0
0.0,0.3871836755424738,0.3792819678783417,0.3792819678783417,67200,0.0,0.0
0.0,0.38718383368988274,0.3832332193851471,0.3832332193851471,12800,0.0,0.0
0.0,0.38718369603157043,0.38718369603157043,0.38718369603157043,9600,0.0,0.0
0.0,0.38718369603157043,0.38718369603157043,0.38718369603157043,22400,0.0,0.0
0.0,0.3832332193851471,0.3832332193851471,0.3832332193851471,25600,0.0,0.0
0.0,0.3832330510681261,0.3634785413742066,0.36347854137420654,51200,0.0,0.0
0.0,0.3694050908088684,0.3654539943711314,0.3694050908088684,25600,0.0,0.0
0.0,0.3634785413742066,0.3634785413742066,0.36347854137420654,57600,0.0,0.0
0.0,0.3476752638816834,0.33977355333891784,0.34767526388168335,227200,0.0,0.0
0.0,0.3615032732486725,0.3476751632314669,0.3615032732486725,44800,0.0,0.0
0.0,0.3555768430233002,0.3555768430233002,0.35557684302330017,64000,0.0,0.0
0.0,0.3555769744244489,0.3476752638816834,0.34767526388168335,28800,0.0,0.0
0.0,0.35162621736526484,0.35162621736526484,0.3516262173652649,3200,0.0,0.0
0.0,0.3555768430233002,0.3516262303529099,0.35557684302330017,12800,0.0,0.0
0.0,0.38718369603157043,0.3595279588845948,0.38718369603157043,115200,0.0,0.0
0.0,0.39113460292643304,0.3871835096463074,0.38915881514549255,57600,0.0,0.0
0.0,0.38718369603157043,0.3832330831314257,0.38718369603157043,9600,0.0,0.0
0.38718369603157043,0.38718369603157043,0.38718369603157043,0.38718369603157043,0,0.0,0.0
0.0,0.38915881514549255,0.38915881514549255,0.38915881514549255,19200,0.0,0.0
0.0,0.39310973882675176,0.3911344341797699,0.3931097388267517,38400,0.0,0.0
0.0,0.38915881514549255,0.3852082041471222,0.38915881514549255,32000,0.0,0.0
0.0,0.3832330628513887,0.3792819678783417,0.3792819678783417,57600,0.0,0.0
0.0,0.3753313532211299,0.3555768430233002,0.35557684302330017,57600,0.0,0.0
0.3555768430233002,0.3555768430233002,0.3555768430233002,0.35557684302330017,0,0.0,0.0
0.0,0.359528124332428,0.35557702733207797,0.359528124332428,6400,0.0,0.0
0.0,0.3634785413742066,0.35952792880459095,0.36347854137420654,22400,0.0,0.0
0.3634785413742066,0.3634785413742066,0.3634785413742066,0.36347854137420654,0,0.0,0.0
0.0,0.3694050908088684,0.3615033802155351,0.3694050908088684,28800,0.0,0.0
0.0,0.37533137202262873,0.3694049704382123,0.3753313720226288,57600,0.0,0.0
0.0,0.37730658054351807,0.37730658054351807,0.37730658054351807,9600,0.0,0.0
0.0,0.37533137202262873,0.37335558330650087,0.3753313720226288,12800,0.0,0.0
0.0,0.37533144278465386,0.3674297332763672,0.3674297332763672,25600,0.0,0.0
0.0,0.3674297332763672,0.3674297332763672,0.3674297332763672,3200,0.0,0.0
0.0,0.3654538476590144,0.35952792880459095,0.36347854137420654,38400,0.0,0.0
0.0,0.3674297332763672,0.3654539441877397,0.3674297332763672,16000,0.0,0.0
0.0,0.3674297332763672,0.3654539441877397,0.3674297332763672,16000,0.0,0.0
0.0,0.37138018012046814,0.37138018012046814,0.37138018012046814,19200,0.0,0.0
0.0,0.37138018012046814,0.37138018012046814,0.37138018012046814,6400,0.0,0.0
0.0,0.37138018012046814,0.37138018012046814,0.37138018012046814,32000,0.0,0.0
0.0,0.3792819678783417,0.3733555665597521,0.3792819678783417,291200,0.0,0.0
0.0,0.379281886465059,0.37533127462197713,0.37730658054351807,64000,0.0,0.0
0.0,0.3832332193851471,0.38125742995062034,0.3832332193851471,25600,0.0,0.0
0.3832332193851471,0.3832332193851471,0.3832332193851471,0.3832332193851471,0,0.0,0.0
0.0,0.38718369603157043,0.38718369603157043,0.38718369603157043,9600,0.0,0.0
0.0,0.3950851104673995,0.39113450050354004,0.39113450050354004,38400,0.0,0.0
0.0,0.3871836755424738,0.3792819678783417,0.3792819678783417,32000,0.0,0.0
0.0,0.3832332193851471,0.37928212279825246,0.3832332193851471,121600,0.0,0.0
0.0,0.37928198489091736,0.37533137202262873,0.3753313720226288,6400,0.0,0.0
0.0,0.37533137202262873,0.37533137202262873,0.3753313720226288,3200,0.0,0.0
0.0,0.3792819678783417,0.3753313551872566,0.3792819678783417,102400,0.0,0.0
0.0,0.3852083305808362,0.38125723600387573,0.38125723600387573,19200,0.0,0.0
0.0,0.3792819678783417,0.3792819678783417,0.3792819678783417,57600,0.0,0.0
0.0,0.3832332193851471,0.3832332193851471,0.3832332193851471,6400,0.0,0.0
0.0,0.38125723600387573,0.38125723600387573,0.38125723600387573,3200,0.0,0.0
0.0,0.3792819678783417,0.3792819678783417,0.3792819678783417,6400,0.0,0.0
0.0,0.37928198489091736,0.37533137202262873,0.3753313720226288,12800,0.0,0.0
0.0,0.3792819678783417,0.3792819678783417,0.3792819678783417,3200,0.0,0.0
0.0,0.37533137202262873,0.37533137202262873,0.3753313720226288,12800,0.0,0.0
0.0,0.3792819678783417,0.3753313551872566,0.3792819678783417,9600,0.0,0.0
0.0,0.3792819678783417,0.3792819678783417,0.3792819678783417,6400,0.0,0.0
0.0,0.3832332193851471,0.3832332193851471,0.3832332193851471,3200,0.0,0.0
0.0,0.39310973882675176,0.38718334260425896,0.3931097388267517,12800,0.0,0.0
0.0,0.39508557319641113,0.39508557319641113,0.39508557319641113,9600,0.0,0.0
0.0,0.3990362882614136,0.3950851951688588,0.3990362882614136,80000,0.0,0.0
0.0,0.39508557319641113,0.39311026590097753,0.39508557319641113,25600,0.0,0.0
0.0,0.402986899072236,0.3990362882614136,0.3990362882614136,19200,0.0,0.0
0.0,0.41088889159408265,0.4029871821403503,0.40298718214035034,73600,0.0,0.0
0.0,0.41088877791912315,0.4069381654262543,0.4069381654262543,54400,0.0,0.0
0.0,0.4029871821403503,0.4029871821403503,0.40298718214035034,224000,0.0,0.0
0.0,0.4029871821403503,0.4029871821403503,0.40298718214035034,19200,0.0,0.0
0.0,0.40693827800825205,0.4029871821403503,0.40298718214035034,9600,0.0,0.0
0.0,0.3990366700694722,0.39508557319641113,0.39508557319641113,32000,0.0,0.0
0.0,0.40101173520088196,0.39508533461123774,0.40101173520088196,22400,0.0,0.0
0.0,0.40101173520088196,0.40101173520088196,0.40101173520088196,19200,0.0,0.0
0.0,0.3970603481207155,0.39310973882675176,0.3931097388267517,195200,0.0,0.0
0.0,0.39113460292643304,0.38915881514549255,0.38915881514549255,67200,0.0,0.0
0.0,0.39508557319641113,0.39311026590097753,0.39508557319641113,19200,0.0,0.0
0.0,0.39508557319641113,0.39508557319641113,0.39508557319641113,22400,0.0,0.0
0.0,0.39113460292643304,0.38915881514549255,0.38915881514549255,19200,0.0,0.0
0.0,0.38718369603157043,0.38718369603157043,0.38718369603157043,3200,0.0,0.0
0.0,0.38718369603157043,0.38718369603157043,0.38718369603157043,28800,0.0,0.0
0.0,0.38718369603157043,0.38718369603157043,0.38718369603157043,12800,0.0,0.0
0.0,0.39310973882675176,0.38718334260425896,0.3931097388267517,44800,0.0,0.0
0.0,0.38915914084225056,0.3832332193851471,0.3832332193851471,44800,0.0,0.0
0.0,0.37928198489091736,0.37533137202262873,0.3753313720226288,12800,0.0,0.0
0.0,0.37138018012046814,0.3674295682813921,0.37138018012046814,16000,0.0,0.0
0.0,0.37533137202262873,0.3713802768723566,0.3753313720226288,118400,0.0,0.0
0.37533137202262873,0.37533137202262873,0.37533137202262873,0.3753313720226288,0,0.0,0.0
0.0,0.37533137202262873,0.37533137202262873,0.3753313720226288,3200,0.0,0.0
0.0,0.3792819678783417,0.3773066615327991,0.3792819678783417,121600,0.0,0.0
0.0,0.38520827889442444,0.3753312672001697,0.38520827889442444,76800,0.0,0.0
0.0,0.3832332193851471,0.3832332193851471,0.3832332193851471,6400,0.0,0.0
0.0,0.38718383368988274,0.3832332193851471,0.3832332193851471,28800,0.0,0.0
0.0,0.3792818860804781,0.37138018012046814,0.37138018012046814,16000,0.0,0.0
0.0,0.37533144278465386,0.3674297332763672,0.3674297332763672,28800,0.0,0.0
0.3674297332763672,0.3674297332763672,0.3674297332763672,0.3674297332763672,0,0.0,0.0
0.0,0.3674297332763672,0.3674297332763672,0.3674297332763672,25600,0.0,0.0
0.0,0.3634787390505686,0.359528124332428,0.359528124332428,41600,0.0,0.0
0.0,0.3555768430233002,0.3555768430233002,0.35557684302330017,9600,0.0,0.0
0.0,0.3595279379756499,0.3555768430233002,0.35557684302330017,41600,0.0,0.0
0.0,0.3634785413742066,0.35952792880459095,0.36347854137420654,32000,0.0,0.0
0.0,0.37138018012046814,0.3654537800799962,0.37138018012046814,198400,0.0,0.0
0.0,0.37335568666458135,0.37335568666458135,0.3733556866645813,22400,0.0,0.0
0.0,0.37138018012046814,0.37138018012046814,0.37138018012046814,9600,0.0,0.0
0.0,0.3694050908088684,0.36742978373107027,0.3694050908088684,41600,0.0,0.0
0.0,0.3694049641878042,0.3654538691043854,0.3654538691043854,19200,0.0,0.0
0.0,0.3634785413742066,0.3634785413742066,0.36347854137420654,3200,0.0,0.0
0.0,0.3674297332763672,0.3674297332763672,0.3674297332763672,3200,0.0,0.0
0.3674297332763672,0.3674297332763672,0.3674297332763672,0.3674297332763672,0,0.0,0.0
0.3674297332763672,0.3674297332763672,0.3674297332763672,0.3674297332763672,0,0.0,0.0
0.0,0.37138018012046814,0.37138018012046814,0.37138018012046814,32000,0.0,0.0
0.37138018012046814,0.37138018012046814,0.37138018012046814,0.37138018012046814,0,0.0,0.0
0.0,0.3713803468894733,0.3674297332763672,0.3674297332763672,9600,0.0,0.0
0.0,0.37138018012046814,0.37138018012046814,0.37138018012046814,9600,0.0,0.0
0.0,0.37138018012046814,0.3674295682813921,0.37138018012046814,16000,0.0,0.0
0.0,0.3733554860400062,0.37138018012046814,0.37138018012046814,131200,0.0,0.0
0.0,0.37138018012046814,0.37138018012046814,0.37138018012046814,179200,0.0,0.0
0.0,0.37533127424140206,0.37138018012046814,0.37138018012046814,32000,0.0,0.0
0.0,0.37533137202262873,0.37533137202262873,0.3753313720226288,12800,0.0,0.0
0.0,0.37533137202262873,0.37533137202262873,0.3753313720226288,3200,0.0,0.0
0.0,0.37533137202262873,0.37533137202262873,0.3753313720226288,6400,0.0,0.0
0.0,0.3832332193851471,0.37928212279825246,0.3832332193851471,12800,0.0,0.0
0.0,0.39113450050354004,0.38323279829419205,0.39113450050354004,32000,0.0,0.0
0.0,0.3990362882614136,0.3950851951688588,0.3990362882614136,6400,0.0,0.0
0.0,0.4148399531841278,0.40298714884188036,0.4148399531841278,60800,0.0,0.0
0.0,0.4148399374535986,0.41286414861679077,0.41286414861679077,70400,0.0,0.0
0.0,0.4326187968254089,0.4227417786686699,0.43261879682540894,96000,0.0,0.0
0.4326187968254089,0.4326187968254089,0.4326187968254089,0.43261879682540894,0,0.0,0.0
0.0,0.4345940053462982,0.43261869861978336,0.4345940053462982,12800,0.0,0.0
0.0,0.43854483962059015,0.43459374624115055,0.4385448396205902,86400,0.0,0.0
0.0,0.44249561499565154,0.43656921386718744,0.4365692138671875,16000,0.0,0.0
0.0,0.43261853666368566,0.43064323067665095,0.430643230676651,16000,0.0,0.0
0.0,0.426692247390747,0.426692247390747,0.42669224739074707,3200,0.0,0.0
0.0,0.43064323067665095,0.4187904301906941,0.430643230676651,176000,0.0,0.0
0.0,0.43064323067665095,0.42669213642070725,0.430643230676651,51200,0.0,0.0
0.0,0.4345940053462982,0.4345940053462982,0.4345940053462982,25600,0.0,0.0
0.0,0.43656921386718744,0.4345939075850149,0.4365692138671875,9600,0.0,0.0
0.0,0.43854510108138295,0.43064339189326845,0.4345940053462982,99200,0.0,0.0
0.0,0.44249545071826235,0.43854483962059015,0.4385448396205902,28800,0.0,0.0
0.0,0.44052037596702576,0.44052037596702576,0.44052037596702576,9600,0.0,0.0
0.0,0.44052037596702576,0.44052037596702576,0.44052037596702576,3200,0.0,0.0
0.0,0.4345938426507203,0.43064323067665095,0.430643230676651,6400,0.0,0.0
0.0,0.42669225906438046,0.41286414861679077,0.41286414861679077,99200,0.0,0.0
0.0,0.41681513183107205,0.4108887314796448,0.4108887314796448,96000,0.0,0.0
0.0,0.3990362882614136,0.39113458435803644,0.3990362882614136,99200,0.0,0.0
0.0,0.3990362882614136,0.3950851951688588,0.3990362882614136,9600,0.0,0.0
0.0,0.39508504347373363,0.38718334260425896,0.3931097388267517,67200,0.0,0.0
0.0,0.3891590024816428,0.38718369603157043,0.38718369603157043,28800,0.0,0.0
0.0,0.3832332193851471,0.3832332193851471,0.3832332193851471,6400,0.0,0.0
0.0,0.3832332193851471,0.3832332193851471,0.3832332193851471,3200,0.0,0.0
0.0,0.38915914084225056,0.3832332193851471,0.3832332193851471,22400,0.0,0.0
0.0,0.38718383368988274,0.3832332193851471,0.3832332193851471,19200,0.0,0.0
0.0,0.3970607221126556,0.38323309427797714,0.39706072211265564,16000,0.0,0.0
0.0,0.4148399531841278,0.40298714884188036,0.4148399531841278,28800,0.0,0.0
0.0,0.44644667906179947,0.4227415584642326,0.44249558448791504,262400,0.0,0.0
0.0,0.446446544097702,0.43854483962059015,0.4385448396205902,121600,0.0,0.0
0.43854483962059015,0.43854483962059015,0.43854483962059015,0.4385448396205902,0,0.0,0.0
0.0,0.44249545071826235,0.43854483962059015,0.4385448396205902,64000,0.0,0.0
0.0,0.4424955844879151,0.4424955844879151,0.44249558448791504,12800,0.0,0.0
0.0,0.4543487131595611,0.4503976157400097,0.45434871315956116,32000,0.0,0.0
0.0,0.46225002408027654,0.45829893009372025,0.4622500240802765,44800,0.0,0.0
0.0,0.46620082855224615,0.46620082855224615,0.4662008285522461,9600,0.0,0.0
0.0,0.47410249710083,0.470151884099323,0.4741024971008301,48000,0.0,0.0
0.0,0.4701519260789194,0.4602744281291961,0.46027442812919617,32000,0.0,0.0
0.0,0.4543482485748138,0.43854483962059015,0.4385448396205902,108800,0.0,0.0
0.0,0.43064323067665095,0.43064323067665095,0.430643230676651,6400,0.0,0.0
0.0,0.4345940053462982,0.43064339189326845,0.4345940053462982,32000,0.0,0.0
0.0,0.4345938426507203,0.43064323067665095,0.430643230676651,28800,0.0,0.0
0.0,0.43064334267425386,0.426692247390747,0.42669224739074707,22400,0.0,0.0
0.0,0.43459395567576087,0.426692247390747,0.42669224739074707,22400,0.0,0.0
0.0,0.43064334267425386,0.426692247390747,0.42669224739074707,12800,0.0,0.0
0.0,0.426692247390747,0.426692247390747,0.42669224739074707,16000,0.0,0.0
0.0,0.42274153218249927,0.4108887314796448,0.4108887314796448,35200,0.0,0.0
0.0,0.4108887314796448,0.4108887314796448,0.4108887314796448,9600,0.0,0.0
0.0,0.4069381654262543,0.4069381654262543,0.4069381654262543,6400,0.0,0.0
0.0,0.4029871821403503,0.4029871821403503,0.40298718214035034,3200,0.0,0.0
0.0,0.3950854041138474,0.38718369603157043,0.38718369603157043,48000,0.0,0.0
0.0,0.3812572742238842,0.3792819678783417,0.3792819678783417,486400,0.0,0.0
0.0,0.3832332193851471,0.37928212279825246,0.3832332193851471,6400,0.0,0.0
0.0,0.379281886465059,0.37533127462197713,0.37730658054351807,19200,0.0,0.0
0.0,0.37730667845677307,0.37533137202262873,0.3753313720226288,48000,0.0,0.0
0.0,0.37138025826878024,0.3555768430233002,0.35557684302330017,48000,0.0,0.0
0.0,0.359528124332428,0.35557702733207797,0.359528124332428,16000,0.0,0.0
0.0,0.3634785413742066,0.3634785413742066,0.36347854137420654,12800,0.0,0.0
0.0,0.359528124332428,0.359528124332428,0.359528124332428,6400,0.0,0.0
0.0,0.3555769744244489,0.3476752638816834,0.34767526388168335,80000,0.0,0.0
0.0,0.35162621736526484,0.35162621736526484,0.3516262173652649,3200,0.0,0.0
0.0,0.3476752638816834,0.3476752638816834,0.34767526388168335,12800,0.0,0.0
0.0,0.35162621736526484,0.35162621736526484,0.3516262173652649,3200,0.0,0.0
0.0,0.35162621736526484,0.35162621736526484,0.3516262173652649,3200,0.0,0.0
0.0,0.35162621736526484,0.35162621736526484,0.3516262173652649,16000,0.0,0.0
0.0,0.3555768298897356,0.35162621736526484,0.3516262173652649,9600,0.0,0.0
0.0,0.359528124332428,0.35557702733207797,0.359528124332428,22400,0.0,0.0
0.0,0.359528124332428,0.359528124332428,0.359528124332428,3200,0.0,0.0
0.0,0.3555768298897356,0.35162621736526484,0.3516262173652649,70400,0.0,0.0
0.0,0.3595279379756499,0.3555768430233002,0.35557684302330017,35200,0.0,0.0
0.0,0.3634785413742066,0.3555768339530282,0.36347854137420654,22400,0.0,0.0
0.0,0.3634785413742066,0.35952792880459095,0.36347854137420654,16000,0.0,0.0
0.0,0.3615032732486725,0.3575521779800432,0.3615032732486725,57600,0.0,0.0
0.0,0.3634787390505686,0.359528124332428,0.359528124332428,9600,0.0,0.0
0.0,0.359528124332428,0.359528124332428,0.359528124332428,22400,0.0,0.0
0.0,0.35755214095115656,0.35755214095115656,0.3575521409511566,3200,0.0,0.0
0.0,0.3634785413742066,0.35162622138341254,0.36347854137420654,57600,0.0,0.0
0.0,0.3634785413742066,0.3634785413742066,0.36347854137420654,19200,0.0,0.0
0.0,0.3615032732486725,0.3575521779800432,0.3615032732486725,25600,0.0,0.0
0.0,0.3575520071833211,0.35360139608383184,0.3536013960838318,32000,0.0,0.0
0.0,0.35162636029413497,0.3476752638816834,0.34767526388168335,115200,0.0,0.0
0.0,0.3476752638816834,0.3476752638816834,0.34767526388168335,28800,0.0,0.0
0.0,0.3476752638816834,0.3476752638816834,0.34767526388168335,3200,0.0,0.0
0.0,0.3476752638816834,0.3437246497513694,0.34767526388168335,32000,0.0,0.0
0.0,0.34372445940971375,0.34372445940971375,0.34372445940971375,12800,0.0,0.0
0.0,0.35162621736526484,0.3456998162966172,0.3516262173652649,38400,0.0,0.0
0.0,0.3555768430233002,0.3555768430233002,0.35557684302330017,3200,0.0,0.0
0.0,0.3615034316914983,0.359528124332428,0.359528124332428,19200,0.0,0.0
0.0,0.3674297332763672,0.3595280237680805,0.3674297332763672,28800,0.0,0.0
0.0,0.3792819678783417,0.36742964752312446,0.3792819678783417,70400,0.0,0.0
0.0,0.3792819678783417,0.3792819678783417,0.3792819678783417,3200,0.0,0.0
0.0,0.3832332193851471,0.37138041190662224,0.3832332193851471,112000,0.0,0.0
0.0,0.3832332193851471,0.3832332193851471,0.3832332193851471,3200,0.0,0.0
0.0,0.379281886465059,0.37730658054351807,0.37730658054351807,12800,0.0,0.0
0.0,0.38125729132506164,0.37533137202262873,0.3753313720226288,19200,0.0,0.0
0.0,0.3832330628513887,0.3792819678783417,0.3792819678783417,35200,0.0,0.0
0.0,0.3792819678783417,0.3753313551872566,0.3792819678783417,12800,0.0,0.0
0.0,0.37533137202262873,0.37533137202262873,0.3753313720226288,6400,0.0,0.0
0.0,0.3792819678783417,0.3792819678783417,0.3792819678783417,3200,0.0,0.0
0.0,0.3832332193851471,0.37928212279825246,0.3832332193851471,6400,0.0,0.0
0.0,0.38915881514549255,0.3852082041471222,0.38915881514549255,6400,0.0,0.0
0.0,0.3990362882614136,0.39113458435803644,0.3990362882614136,22400,0.0,0.0
0.0,0.39903651090218234,0.3970607221126556,0.39706072211265564,19200,0.0,0.0
0.0,0.40496234740604303,0.40101173520088196,0.40101173520088196,9600,0.0,0.0
0.0,0.3970604154493293,0.39113450050354004,0.39113450050354004,22400,0.0,0.0
0.0,0.38718383368988274,0.3832332193851471,0.3832332193851471,19200,0.0,0.0
0.0,0.3832332193851471,0.3832332193851471,0.3832332193851471,288000,0.0,0.0
0.3832332193851471,0.3832332193851471,0.3832332193851471,0.3832332193851471,0,0.0,0.0
0.0,0.39310973882675176,0.3911344341797699,0.3931097388267517,25600,0.0,0.0
0.0,0.3891590024816428,0.38718369603157043,0.38718369603157043,19200,0.0,0.0
0.0,0.3871836755424738,0.3792819678783417,0.3792819678783417,99200,0.0,0.0
0.0,0.37928205639775997,0.3674297332763672,0.3674297332763672,44800,0.0,0.0
0.0,0.371380248795385,0.3634785413742066,0.36347854137420654,89600,0.0,0.0
0.0,0.3634785413742066,0.35952792880459095,0.36347854137420654,16000,0.0,0.0
0.0,0.3595279379756499,0.3555768430233002,0.35557684302330017,179200,0.0,0.0
0.0,0.35162621736526484,0.35162621736526484,0.3516262173652649,9600,0.0,0.0
0.0,0.35162621736526484,0.35162621736526484,0.3516262173652649,22400,0.0,0.0
0.0,0.35162621736526484,0.35162621736526484,0.3516262173652649,25600,0.0,0.0
0.0,0.3476752638816834,0.3476752638816834,0.34767526388168335,35200,0.0,0.0
0.0,0.3476752638816834,0.3437246497513694,0.34767526388168335,16000,0.0,0.0
0.0,0.343724314892051,0.33582261204719543,0.33582261204719543,163200,0.0,0.0
0.0,0.3318717351615739,0.3279211223125458,0.3279211223125458,179200,0.0,0.0
0.0,0.3239700882912522,0.3219947814941407,0.3219947814941406,19200,0.0,0.0
0.0,0.32001926575139805,0.316068172454834,0.316068172454834,25600,0.0,0.0
0.0,0.31804364919662476,0.31606834262571826,0.31804364919662476,16000,0.0,0.0
0.0,0.32396993041038513,0.320019318741421,0.32396993041038513,60800,0.0,0.0
0.0,0.3180435456287668,0.30816653370857244,0.3081665337085724,89600,0.0,0.0
0.0,0.3042160503733421,0.30026495456695557,0.30026495456695557,9600,0.0,0.0
0.0,0.29433853486133027,0.2864368259906769,0.2864368259906769,32000,0.0,0.0
0.0,0.28643677058674716,0.272609144449234,0.272609144449234,48000,0.0,0.0
0.0,0.2765597403049469,0.2765597403049469,0.2765597403049469,12800,0.0,0.0
0.0,0.2726091844009379,0.26470747590065,0.26470747590065,35200,0.0,0.0
0.0,0.26470749894286366,0.25680578975474916,0.26075640320777893,80000,0.0,0.0
0.0,0.26470747590065,0.2607563805094996,0.26470747590065,28800,0.0,0.0
0.0,0.26075645133659825,0.25285474069003466,0.2568058371543884,41600,0.0,0.0
0.0,0.26470749894286366,0.26075640320777893,0.26075640320777893,16000,0.0,0.0
0.0,0.2568058371543884,0.25285474069003466,0.2568058371543884,198400,0.0,0.0
0.0,0.250879363706916,0.24495296180248258,0.2449529618024826,80000,0.0,0.0
0.0,0.24890407223742086,0.24100236379217949,0.2449529618024826,35200,0.0,0.0
0.0,0.24692805111408236,0.24692805111408236,0.24692805111408234,3200,0.0,0.0
0.0,0.24890407223742086,0.24495296180248258,0.2449529618024826,6400,0.0,0.0
0.0,0.2489040642976761,0.24495295398877354,0.2489040642976761,38400,0.0,0.0
0.0,0.25285467505455017,0.25285467505455017,0.25285467505455017,144000,0.0,0.0
0.0,0.2666827738285064,0.2489040659197844,0.26668277382850647,51200,0.0,0.0
0.0,0.2824860811233521,0.2686579764698903,0.28248608112335205,70400,0.0,0.0
0.0,0.28446128964424133,0.27853489220624145,0.28446128964424133,22400,0.0,0.0
0.0,0.2824860811233521,0.2805107753962321,0.28248608112335205,12800,0.0,0.0
0.0,0.27853506803512573,0.27853506803512573,0.27853506803512573,3200,0.0,0.0
0.0,0.28446128964424133,0.28051067954000547,0.28446128964424133,57600,0.0,0.0
0.0,0.28643659469635924,0.28446128964424133,0.28446128964424133,64000,0.0,0.0
0.0,0.29828959703445435,0.2884125826226994,0.29828959703445435,19200,0.0,0.0
0.0,0.3042160272598267,0.3002649317536338,0.30421602725982666,28800,0.0,0.0
0.0,0.32001926575139805,0.30816646814346316,0.316068172454834,265600,0.0,0.0
0.0,0.316068172454834,0.31014177365086654,0.316068172454834,41600,0.0,0.0
0.0,0.316068172454834,0.316068172454834,0.316068172454834,19200,0.0,0.0
0.0,0.3200194239616394,0.3121177157438458,0.3200194239616394,57600,0.0,0.0
0.0,0.3200194239616394,0.31804363519569423,0.3200194239616394,25600,0.0,0.0
0.0,0.3219947814941407,0.3219947814941407,0.3219947814941406,9600,0.0,0.0
0.0,0.3279211223125458,0.32397002718153645,0.3279211223125458,19200,0.0,0.0
0.0,0.33187177777290344,0.32792116441662855,0.33187177777290344,41600,0.0,0.0
0.0,0.33582261204719543,0.3318715194839338,0.33582261204719543,35200,0.0,0.0
0.0,0.3397732223287893,0.33582261204719543,0.33582261204719543,41600,0.0,0.0
0.0,0.3456996977329254,0.33977329869683887,0.3456996977329254,19200,0.0,0.0
0.0,0.3476752638816834,0.3437246497513694,0.34767526388168335,83200,0.0,0.0
0.0,0.3555768430233002,0.3476751354005602,0.35557684302330017,128000,0.0,0.0
0.0,0.3674297332763672,0.357552234679453,0.3674297332763672,54400,0.0,0.0
0.0,0.37138018012046814,0.3674295682813921,0.37138018012046814,64000,0.0,0.0
0.0,0.3674296362257693,0.3555768339530282,0.36347854137420654,51200,0.0,0.0
0.0,0.36150337790205744,0.3476752638816834,0.34767526388168335,41600,0.0,0.0
0.0,0.351626096769012,0.34174860428160897,0.3456996977329254,108800,0.0,0.0
0.0,0.3397733416499161,0.32396993041038513,0.32396993041038513,192000,0.0,0.0
0.0,0.34372445940971375,0.3358227532426154,0.34372445940971375,105600,0.0,0.0
0.0,0.3456998890839519,0.33187177777290344,0.33187177777290344,60800,0.0,0.0
0.0,0.3279210243611864,0.32396993041038513,0.32396993041038513,6400,0.0,0.0
0.0,0.33977354481620753,0.32199481711147226,0.33779823780059814,825600,0.0,0.0
0.0,0.3338470631468947,0.32001943500028696,0.3298964500427246,112000,0.0,0.0
0.0,0.3476752638816834,0.33977355333891784,0.34767526388168335,246400,0.0,0.0
0.0,0.33977335691452026,0.3377980509912959,0.33977335691452026,54400,0.0,0.0
0.0,0.3377979171879924,0.3318715194839338,0.33582261204719543,38400,0.0,0.0
0.0,0.34372445940971375,0.3358227532426154,0.34372445940971375,108800,0.0,0.0
0.0,0.3397732223287893,0.33582261204719543,0.33582261204719543,54400,0.0,0.0
0.0,0.33977335691452026,0.33977335691452026,0.33977335691452026,6400,0.0,0.0
0.0,0.34174889326095576,0.3377982787508165,0.3417488932609558,16000,0.0,0.0
0.0,0.345699990053279,0.34174889326095576,0.3417488932609558,9600,0.0,0.0
0.0,0.33977335691452026,0.3377980509912959,0.33977335691452026,115200,0.0,0.0
0.0,0.3397732223287893,0.33582261204719543,0.33582261204719543,22400,0.0,0.0
0.0,0.3397732223287893,0.33582261204719543,0.33582261204719543,12800,0.0,0.0
0.0,0.33187181004492927,0.3239701002819548,0.3259454071521759,44800,0.0,0.0
0.3259454071521759,0.3259454071521759,0.3259454071521759,0.3259454071521759,0,0.0,0.0
0.0,0.3219947304455889,0.3200194239616394,0.3200194239616394,9600,0.0,0.0
0.0,0.32396987676620487,0.316068172454834,0.316068172454834,38400,0.0,0.0
0.0,0.3200194239616394,0.31606832871174473,0.3200194239616394,54400,0.0,0.0
0.0,0.316068172454834,0.316068172454834,0.316068172454834,3200,0.0,0.0
0.316068172454834,0.316068172454834,0.316068172454834,0.316068172454834,0,0.0,0.0
0.0,0.3298964500427246,0.32001943500028696,0.3298964500427246,25600,0.0,0.0
0.0,0.3456996977329254,0.33977329869683887,0.3456996977329254,51200,0.0,0.0
0.0,0.351626096769012,0.3456996977329254,0.3456996977329254,44800,0.0,0.0
0.0,0.35360139608383184,0.3496503027025749,0.3536013960838318,51200,0.0,0.0
0.0,0.3496505709468404,0.3437246497513694,0.34767526388168335,76800,0.0,0.0
0.0,0.3615032732486725,0.3615032732486725,0.3615032732486725,89600,0.0,0.0
0.0,0.3575522814896059,0.3476752638816834,0.34767526388168335,64000,0.0,0.0
0.0,0.35162621736526484,0.3476751225588526,0.3516262173652649,16000,0.0,0.0
0.0,0.3595279379756499,0.3516262303529099,0.35557684302330017,38400,0.0,0.0
0.0,0.36347857974198816,0.3555768714867275,0.3615032732486725,102400,0.0,0.0
0.0,0.3615032732486725,0.3615032732486725,0.3615032732486725,16000,0.0,0.0
0.0,0.35755214095115656,0.35755214095115656,0.3575521409511566,22400,0.0,0.0
0.0,0.3634785413742066,0.3634785413742066,0.36347854137420654,83200,0.0,0.0
0.0,0.3615034316914983,0.359528124332428,0.359528124332428,9600,0.0,0.0
0.0,0.3694050908088684,0.35952807313773694,0.3694050908088684,128000,0.0,0.0
0.0,0.3733554860400062,0.37138018012046814,0.37138018012046814,22400,0.0,0.0
0.0,0.3792819678783417,0.3733555665597521,0.3792819678783417,25600,0.0,0.0
0.0,0.39508557319641113,0.3852085544370493,0.39508557319641113,80000,0.0,0.0
0.0,0.3990362882614136,0.39113458435803644,0.3990362882614136,44800,0.0,0.0
0.3990362882614136,0.3990362882614136,0.3990362882614136,0.3990362882614136,0,0.0,0.0
0.0,0.3990362882614136,0.3990362882614136,0.3990362882614136,60800,0.0,0.0
0.0,0.42274164441707124,0.40693822747217157,0.4187905490398407,108800,0.0,0.0
0.0,0.41879056644352275,0.4148399531841278,0.4148399531841278,54400,0.0,0.0
0.0,0.4148399531841278,0.41088885764270155,0.4148399531841278,54400,0.0,0.0
0.0,0.4227415025234222,0.4187904084723807,0.42274150252342224,25600,0.0,0.0
0.0,0.4227415025234222,0.4227415025234222,0.42274150252342224,12800,0.0,0.0
0.0,0.422741661984949,0.4148399531841278,0.4148399531841278,32000,0.0,0.0
0.0,0.4187905490398407,0.4187905490398407,0.4187905490398407,6400,0.0,0.0
0.0,0.4148399531841278,0.41088885764270155,0.4148399531841278,83200,0.0,0.0
0.0,0.4187905490398407,0.4187905490398407,0.4187905490398407,6400,0.0,0.0
0.0,0.4187905490398407,0.4187905490398407,0.4187905490398407,12800,0.0,0.0
0.0,0.41879056644352275,0.4148399531841278,0.4148399531841278,19200,0.0,0.0
0.0,0.4187905490398407,0.4187905490398407,0.4187905490398407,12800,0.0,0.0
0.0,0.4148399531841278,0.41088885764270155,0.4148399531841278,163200,0.0,0.0
0.0,0.4247171878814697,0.4168154750012669,0.4247171878814697,60800,0.0,0.0
0.0,0.4207658730732202,0.4148399531841278,0.4148399531841278,38400,0.0,0.0
0.0,0.4108887314796448,0.4108887314796448,0.4108887314796448,9600,0.0,0.0
0.0,0.4108887314796448,0.4069381194332821,0.4108887314796448,41600,0.0,0.0
0.0,0.4187905490398407,0.4108888405673909,0.4187905490398407,9600,0.0,0.0
0.0,0.4187905490398407,0.41483993594462143,0.4187905490398407,38400,0.0,0.0
0.0,0.4148399531841278,0.4148399531841278,0.4148399531841278,9600,0.0,0.0
0.0,0.4187905490398407,0.4108888405673909,0.4187905490398407,16000,0.0,0.0
0.0,0.43064336400152864,0.42274165532518887,0.4286675751209259,54400,0.0,0.0
0.0,0.43064323067665095,0.4286674424077419,0.430643230676651,54400,0.0,0.0
0.0,0.42669211429261433,0.4227415025234222,0.42274150252342224,6400,0.0,0.0
0.0,0.4227415025234222,0.4227415025234222,0.42274150252342224,3200,0.0,0.0
0.0,0.43064334267425386,0.426692247390747,0.42669224739074707,44800,0.0,0.0
0.0,0.42669249553095034,0.4227418802319891,0.4247171878814697,48000,0.0,0.0
0.0,0.43064336400152864,0.42471696192376784,0.4286675751209259,208000,0.0,0.0
0.0,0.4286675751209259,0.4286675751209259,0.4286675751209259,9600,0.0,0.0
0.0,0.43656931207281313,0.43261869861978336,0.4345940053462982,12800,0.0,0.0
0.0,0.43064334267425386,0.426692247390747,0.42669224739074707,246400,0.0,0.0
0.0,0.43064334267425386,0.426692247390747,0.42669224739074707,22400,0.0,0.0
0.0,0.426692247390747,0.42274163438924,0.42669224739074707,1772800,0.0,0.0
0.0,0.43854510108138295,0.43064339189326845,0.4345940053462982,57600,0.0,0.0
0.0,0.4345940053462982,0.43261869861978336,0.4345940053462982,16000,0.0,0.0
0.0,0.4326187968254089,0.4326187968254089,0.43261879682540894,3200,0.0,0.0
0.0,0.43064323067665095,0.43064323067665095,0.430643230676651,9600,0.0,0.0
0.0,0.426692247390747,0.426692247390747,0.42669224739074707,6400,0.0,0.0
0.0,0.42669211429261433,0.4227415025234222,0.42274150252342224,16000,0.0,0.0
0.0,0.42076585558745033,0.4187905490398407,0.4187905490398407,16000,0.0,0.0
0.0,0.4227415025234222,0.4187904084723807,0.42274150252342224,41600,0.0,0.0
0.0,0.42669211429261433,0.4227415025234222,0.42274150252342224,19200,0.0,0.0
0.0,0.426692247390747,0.426692247390747,0.42669224739074707,3200,0.0,0.0
0.0,0.426692247390747,0.426692247390747,0.42669224739074707,3200,0.0,0.0
0.0,0.426692247390747,0.426692247390747,0.42669224739074707,41600,0.0,0.0
0.0,0.426692247390747,0.426692247390747,0.42669224739074707,48000,0.0,0.0
0.426692247390747,0.426692247390747,0.426692247390747,0.42669224739074707,0,0.0,0.0
0.0,0.4227415025234222,0.4227415025234222,0.42274150252342224,6400,0.0,0.0
0.0,0.4227415025234222,0.4187904084723807,0.42274150252342224,540800,0.0,0.0
0.0,0.426692247390747,0.426692247390747,0.42669224739074707,22400,0.0,0.0
0.0,0.4227415025234222,0.4227415025234222,0.42274150252342224,6400,0.0,0.0
0.0,0.426692247390747,0.4247169408899935,0.42669224739074707,25600,0.0,0.0
0.0,0.4227415025234222,0.4227415025234222,0.42274150252342224,12800,0.0,0.0
0.0,0.426692247390747,0.426692247390747,0.42669224739074707,16000,0.0,0.0
0.0,0.4227415025234222,0.4227415025234222,0.42274150252342224,9600,0.0,0.0
0.0,0.43064334267425386,0.426692247390747,0.42669224739074707,38400,0.0,0.0
0.0,0.4345940053462982,0.43064339189326845,0.4345940053462982,25600,0.0,0.0
0.0,0.43459397719868664,0.4286675751209259,0.4286675751209259,32000,0.0,0.0
0.0,0.43656912599744396,0.4227415025234222,0.42274150252342224,121600,0.0,0.0
0.0,0.42669211429261433,0.4227415025234222,0.42274150252342224,41600,0.0,0.0
0.0,0.426692247390747,0.42274163438924,0.42669224739074707,102400,0.0,0.0
0.0,0.43064323067665095,0.43064323067665095,0.430643230676651,6400,0.0,0.0
0.0,0.43064323067665095,0.43064323067665095,0.430643230676651,9600,0.0,0.0
0.0,0.43854483962059015,0.43459374624115055,0.4385448396205902,32000,0.0,0.0
0.0,0.44249545071826235,0.43854483962059015,0.4385448396205902,76800,0.0,0.0
0.0,0.43854510108138295,0.4345940053462982,0.4345940053462982,25600,0.0,0.0
0.0,0.4424955844879151,0.43854497219594385,0.44249558448791504,19200,0.0,0.0
0.0,0.43854483962059015,0.43854483962059015,0.4385448396205902,16000,0.0,0.0
0.0,0.44644667906179947,0.4424955844879151,0.44249558448791504,44800,0.0,0.0
0.0,0.44052040780789786,0.4345940053462982,0.4345940053462982,73600,0.0,0.0
0.0,0.44249545071826235,0.43854483962059015,0.4385448396205902,89600,0.0,0.0
0.0,0.43064336400152864,0.4266922685223469,0.4286675751209259,73600,0.0,0.0
0.0,0.426692247390747,0.426692247390747,0.42669224739074707,32000,0.0,0.0
0.0,0.43064359311219186,0.4247171878814697,0.4247171878814697,32000,0.0,0.0
0.0,0.4247171878814697,0.4227418802319891,0.4247171878814697,1436800,0.0,0.0
0.0,0.42471680840801823,0.4227415025234222,0.42274150252342224,1468800,0.0,0.0
0.0,0.41879056644352275,0.4148399531841278,0.4148399531841278,16000,0.0,0.0
0.0,0.4108887314796448,0.4069381194332821,0.4108887314796448,38400,0.0,0.0
0.0,0.4187905490398407,0.4128641471150005,0.4187905490398407,25600,0.0,0.0
0.0,0.42274154593004715,0.42076575756073,0.42076575756073,25600,0.0,0.0
0.0,0.4247171878814697,0.4247171878814697,0.4247171878814697,3200,0.0,0.0
0.0,0.42669249553095034,0.4247171878814697,0.4247171878814697,54400,0.0,0.0
0.0,0.42669249553095034,0.4247171878814697,0.4247171878814697,9600,0.0,0.0
0.0,0.4247171878814697,0.4247171878814697,0.4247171878814697,6400,0.0,0.0
0.0,0.42471680840801823,0.4227415025234222,0.42274150252342224,16000,0.0,0.0
0.0,0.4227415025234222,0.4187904084723807,0.42274150252342224,6400,0.0,0.0
0.0,0.4187905490398407,0.4187905490398407,0.4187905490398407,3200,0.0,0.0
0.4187905490398407,0.4187905490398407,0.4187905490398407,0.4187905490398407,0,0.0,0.0
0.0,0.42274153218249927,0.4108887314796448,0.4108887314796448,960000,0.0,0.0
0.0,0.39706088049184474,0.39508557319641113,0.39508557319641113,118400,0.0,0.0
0.0,0.39508557319641113,0.39508557319641113,0.39508557319641113,12800,0.0,0.0
0.0,0.39310973882675176,0.3911344341797699,0.3931097388267517,32000,0.0,0.0
0.0,0.39113450050354004,0.39113450050354004,0.39113450050354004,3200,0.0,0.0
0.0,0.39113450050354004,0.39113450050354004,0.39113450050354004,22400,0.0,0.0
0.0,0.39508557319641113,0.3911349586055439,0.39508557319641113,25600,0.0,0.0
0.39508557319641113,0.39508557319641113,0.39508557319641113,0.39508557319641113,0,0.0,0.0
0.0,0.4029871821403503,0.3990365685545197,0.40298718214035034,6400,0.0,0.0
0.0,0.4089133050117636,0.4049622118473053,0.4049622118473053,54400,0.0,0.0
0.4049622118473053,0.4049622118473053,0.4049622118473053,0.4049622118473053,0,0.0,0.0
0.4049622118473053,0.4049622118473053,0.4049622118473053,0.4049622118473053,0,0.0,0.0
0.0,0.4029871821403503,0.4029871821403503,0.40298718214035034,22400,0.0,0.0
0.0,0.4029871821403503,0.4029871821403503,0.40298718214035034,6400,0.0,0.0
0.0,0.4029871821403503,0.4029871821403503,0.40298718214035034,12800,0.0,0.0
0.0,0.4029871821403503,0.4029871821403503,0.40298718214035034,6400,0.0,0.0
0.0,0.4029871821403503,0.4029871821403503,0.40298718214035034,3200,0.0,0.0
0.4029871821403503,0.4029871821403503,0.4029871821403503,0.40298718214035034,0,0.0,0.0
0.0,0.4029871821403503,0.4029871821403503,0.40298718214035034,9600,0.0,0.0
0.0,0.4029871821403503,0.4029871821403503,0.40298718214035034,64000,0.0,0.0
0.0,0.39903649929597956,0.38718369603157043,0.38718369603157043,48000,0.0,0.0
0.0,0.3832332193851471,0.3832332193851471,0.3832332193851471,9600,0.0,0.0
0.0,0.3792819678783417,0.3753313551872566,0.3792819678783417,16000,0.0,0.0
0.0,0.37533144278465386,0.3674297332763672,0.3674297332763672,38400,0.0,0.0
0.0,0.3674297332763672,0.3674297332763672,0.3674297332763672,12800,0.0,0.0
0.0,0.3674297332763672,0.3674297332763672,0.3674297332763672,16000,0.0,0.0
0.0,0.3694049641878042,0.3654538691043854,0.3654538691043854,32000,0.0,0.0
0.0,0.3694050908088684,0.3694050908088684,0.3694050908088684,3200,0.0,0.0
0.0,0.3654538691043854,0.3654538691043854,0.3654538691043854,12800,0.0,0.0
0.3654538691043854,0.3654538691043854,0.3654538691043854,0.3654538691043854,0,0.0,0.0
0.3654538691043854,0.3654538691043854,0.3654538691043854,0.3654538691043854,0,0.0,0.0
0.3654538691043854,0.3654538691043854,0.3654538691043854,0.3654538691043854,0,0.0,0.0
0.0,0.36940504008292024,0.3674297332763672,0.3674297332763672,9600,0.0,0.0
0.0,0.3713803468894733,0.3674297332763672,0.3674297332763672,32000,0.0,0.0
0.0,0.3713803468894733,0.3674297332763672,0.3674297332763672,25600,0.0,0.0
0.3674297332763672,0.3674297332763672,0.3674297332763672,0.3674297332763672,0,0.0,0.0
0.0,0.37533137202262873,0.3713802768723566,0.3753313720226288,16000,0.0,0.0
0.0,0.3792819678783417,0.3792819678783417,0.3792819678783417,28800,0.0,0.0
0.0,0.38520827889442444,0.38323297301194326,0.38520827889442444,9600,0.0,0.0
0.0,0.3832332193851471,0.3832332193851471,0.3832332193851471,9600,0.0,0.0
0.0,0.3832332193851471,0.3832332193851471,0.3832332193851471,19200,0.0,0.0
0.0,0.38323302443331275,0.38125723600387573,0.38125723600387573,86400,0.0,0.0
0.0,0.38323302443331275,0.38125723600387573,0.38125723600387573,41600,0.0,0.0
0.0,0.3990362882614136,0.3812570927675157,0.3990362882614136,124800,0.0,0.0
0.0,0.4069381654262543,0.39508536338377226,0.4069381654262543,57600,0.0,0.0
0.0,0.402986899072236,0.3990362882614136,0.3990362882614136,32000,0.0,0.0
0.0,0.3990362882614136,0.3990362882614136,0.3990362882614136,6400,0.0,0.0
0.0,0.39508557319641113,0.39508557319641113,0.39508557319641113,16000,0.0,0.0
0.0,0.39310973882675176,0.39310973882675176,0.3931097388267517,3200,0.0,0.0
0.0,0.3950851104673995,0.39113450050354004,0.39113450050354004,12800,0.0,0.0
0.0,0.39113460292643304,0.38323289864793697,0.38915881514549255,25600,0.0,0.0
0.0,0.38718369603157043,0.38718369603157043,0.38718369603157043,9600,0.0,0.0
0.0,0.38718383368988274,0.3832332193851471,0.3832332193851471,38400,0.0,0.0
0.0,0.38125723600387573,0.38125723600387573,0.38125723600387573,12800,0.0,0.0
0.0,0.3792819678783417,0.3792819678783417,0.3792819678783417,32000,0.0,0.0
0.0,0.37533127424140206,0.37138018012046814,0.37138018012046814,6400,0.0,0.0
0.0,0.3674296362257693,0.36150323508939874,0.36347854137420654,35200,0.0,0.0
0.0,0.3634787390505686,0.359528124332428,0.359528124332428,12800,0.0,0.0
0.0,0.3555768430233002,0.3555768430233002,0.35557684302330017,19200,0.0,0.0
0.0,0.359528124332428,0.359528124332428,0.359528124332428,6400,0.0,0.0
0.0,0.36742967501061746,0.3615032732486725,0.3615032732486725,22400,0.0,0.0
0.0,0.3792819678783417,0.35952793985899234,0.3792819678783417,124800,0.0,0.0
0.0,0.40298728466033934,0.39508557319641113,0.39508557319641113,259200,0.0,0.0
0.0,0.39113467882371683,0.38520827889442444,0.38520827889442444,16000,0.0,0.0
0.38520827889442444,0.38520827889442444,0.38520827889442444,0.38520827889442444,0,0.0,0.0
0.0,0.38718369603157043,0.38520838958149806,0.38718369603157043,12800,0.0,0.0
0.38718369603157043,0.38718369603157043,0.38718369603157043,0.38718369603157043,0,0.0,0.0
0.0,0.3832330628513887,0.3792819678783417,0.3792819678783417,16000,0.0,0.0
0.0,0.3792819678783417,0.3753313551872566,0.3792819678783417,12800,0.0,0.0
0.0,0.37533137202262873,0.3713802768723566,0.3753313720226288,105600,0.0,0.0
0.0,0.3792818860804781,0.37138018012046814,0.37138018012046814,22400,0.0,0.0
0.0,0.3832330628513887,0.3792819678783417,0.3792819678783417,83200,0.0,0.0
0.3792819678783417,0.3792819678783417,0.3792819678783417,0.3792819678783417,0,0.0,0.0
0.0,0.37533137202262873,0.37533137202262873,0.3753313720226288,3200,0.0,0.0
0.0,0.37138018012046814,0.37138018012046814,0.37138018012046814,3200,0.0,0.0
0.0,0.37533137202262873,0.3713802768723566,0.3753313720226288,22400,0.0,0.0
0.0,0.37335568666458135,0.37138037968360205,0.3733556866645813,38400,0.0,0.0
0.0,0.37138018012046814,0.37138018012046814,0.37138018012046814,25600,0.0,0.0
0.0,0.3713803468894733,0.3674297332763672,0.3674297332763672,25600,0.0,0.0
0.0,0.3694049641878042,0.3654538691043854,0.3654538691043854,22400,0.0,0.0
0.0,0.3634785413742066,0.3634785413742066,0.36347854137420654,12800,0.0,0.0
0.0,0.3713803468894733,0.36347863738118663,0.3674297332763672,41600,0.0,0.0
0.3674297332763672,0.3674297332763672,0.3674297332763672,0.3674297332763672,0,0.0,0.0
0.0,0.3634785413742066,0.3634785413742066,0.36347854137420654,41600,0.0,0.0
0.0,0.359528124332428,0.35557702733207797,0.359528124332428,51200,0.0,0.0
0.359528124332428,0.359528124332428,0.359528124332428,0.359528124332428,0,0.0,0.0
0.0,0.359528124332428,0.35162641261393734,0.359528124332428,908800,0.0,0.0
0.0,0.35755202833924116,0.3496503233909607,0.3496503233909607,32000,0.0,0.0
0.0,0.3476749251736449,0.33582261204719543,0.33582261204719543,51200,0.0,0.0
0.33582261204719543,0.33582261204719543,0.33582261204719543,0.33582261204719543,0,0.0,0.0
0.0,0.3397732223287893,0.33582261204719543,0.33582261204719543,16000,0.0,0.0
0.0,0.3397732223287893,0.33582261204719543,0.33582261204719543,35200,0.0,0.0
0.0,0.33187177777290344,0.33187177777290344,0.33187177777290344,3200,0.0,0.0
0.0,0.33977335691452026,0.3358227450680715,0.33977335691452026,28800,0.0,0.0
0.0,0.3358228734112215,0.33187177777290344,0.33187177777290344,28800,0.0,0.0
0.0,0.3476752638816834,0.33779824627376087,0.34767526388168335,80000,0.0,0.0
0.0,0.35360152362750025,0.3476751225588526,0.3516262173652649,64000,0.0,0.0
0.0,0.3634785413742066,0.35162622138341254,0.36347854137420654,86400,0.0,0.0
0.0,0.3615032358106018,0.35755214095115656,0.3575521409511566,19200,0.0,0.0
0.0,0.35755214095115656,0.35162622208491084,0.3575521409511566,54400,0.0,0.0
0.0,0.35755213615197096,0.35162621736526484,0.3516262173652649,19200,0.0,0.0
0.0,0.3713803468894733,0.36347863738118663,0.3674297332763672,102400,0.0,0.0
0.0,0.37138018012046814,0.3674295682813921,0.37138018012046814,19200,0.0,0.0
0.0,0.3674296362257693,0.3634785413742066,0.36347854137420654,76800,0.0,0.0
0.0,0.37533137202262873,0.36742966400406796,0.3753313720226288,25600,0.0,0.0
0.0,0.38718383368988274,0.38125742995062034,0.3832332193851471,51200,0.0,0.0
0.0,0.39706088049184474,0.38915916902791653,0.39508557319641113,64000,0.0,0.0
0.0,0.39706088049184474,0.39508557319641113,0.39508557319641113,22400,0.0,0.0
0.0,0.39508557319641113,0.39508557319641113,0.39508557319641113,25600,0.0,0.0
0.0,0.39903651090218234,0.39508541560513033,0.39706072211265564,28800,0.0,0.0
0.0,0.39706088049184474,0.39508557319641113,0.39508557319641113,841600,0.0,0.0
0.0,0.3990362882614136,0.3950851951688588,0.3990362882614136,76800,0.0,0.0
0.0,0.3970607221126556,0.3970607221126556,0.39706072211265564,9600,0.0,0.0
0.3970607221126556,0.3970607221126556,0.3970607221126556,0.39706072211265564,0,0.0,0.0
0.0,0.3990366700694722,0.3911349586055439,0.39508557319641113,96000,0.0,0.0
0.39508557319641113,0.39508557319641113,0.39508557319641113,0.39508557319641113,0,0.0,0.0
0.0,0.39113479121370265,0.38718369603157043,0.38718369603157043,32000,0.0,0.0
0.0,0.39310990842561827,0.38915881514549255,0.38915881514549255,60800,0.0,0.0
0.0,0.38915881514549255,0.38915881514549255,0.38915881514549255,3200,0.0,0.0
0.0,0.38718363672835965,0.38125723600387573,0.38125723600387573,73600,0.0,0.0
0.0,0.3852085265375149,0.38125742995062034,0.3832332193851471,19200,0.0,0.0
0.0,0.39310973882675176,0.3852080379572771,0.3931097388267517,38400,0.0,0.0
0.0,0.41286403750282613,0.3990364130586736,0.4108887314796448,92800,0.0,0.0
0.0,0.4187905490398407,0.4108888405673909,0.4187905490398407,16000,0.0,0.0
0.0,0.41681519150733953,0.41088879030741754,0.4168151915073395,64000,0.0,0.0
0.0,0.4148399531841278,0.412864164272399,0.4148399531841278,19200,0.0,0.0
0.0,0.4148399531841278,0.41088885764270155,0.4148399531841278,86400,0.0,0.0
0.0,0.42076575756073,0.42076575756073,0.42076575756073,6400,0.0,0.0
0.0,0.43656921386718744,0.4227415876100332,0.4365692138671875,211200,0.0,0.0
0.0,0.43854510108138295,0.4345940053462982,0.4345940053462982,323200,0.0,0.0
0.0,0.43854483962059015,0.4365690517899867,0.4385448396205902,140800,0.0,0.0
0.0,0.44644677639007574,0.4385450678015967,0.4464467763900757,451200,0.0,0.0
0.0,0.45829901099205017,0.4503973039059804,0.45829901099205017,48000,0.0,0.0
0.45829901099205017,0.45829901099205017,0.45829901099205017,0.45829901099205017,0,0.0,0.0
0.0,0.46225008405447926,0.4503972828388214,0.4503972828388214,64000,0.0,0.0
0.0,0.47015192417252294,0.4543485062554976,0.4662008285522461,355200,0.0,0.0
0.0,0.4701518424770216,0.4642254412174225,0.4642254412174225,38400,0.0,0.0
0.0,0.47410258901799557,0.466200879201029,0.4681761860847473,294400,0.0,0.0
0.0,0.47212723275604696,0.4602744281291961,0.46027442812919617,182400,0.0,0.0
0.0,0.46422552376549403,0.45829912145206864,0.46027442812919617,118400,0.0,0.0
0.0,0.46620063578499127,0.46225002408027654,0.4622500240802765,236800,0.0,0.0
0.0,0.4602744281291961,0.4602744281291961,0.46027442812919617,3200,0.0,0.0
0.0,0.46225002408027654,0.45829893009372025,0.4622500240802765,508800,0.0,0.0
0.0,0.4582991090950285,0.4543484958472932,0.4563238024711609,38400,0.0,0.0
0.0,0.45434830925651826,0.4523725211620331,0.4523725211620331,16000,0.0,0.0
0.0,0.4523725211620331,0.44842190953672634,0.4523725211620331,35200,0.0,0.0
0.0,0.4484220829666909,0.44644677639007574,0.4464467763900757,60800,0.0,0.0
0.0,0.44644667906179947,0.4424955844879151,0.44249558448791504,169600,0.0,0.0
0.0,0.4424955844879151,0.43854497219594385,0.44249558448791504,6400,0.0,0.0
0.0,0.43854483962059015,0.43854483962059015,0.4385448396205902,3200,0.0,0.0
0.0,0.4405201451694263,0.43854483962059015,0.4385448396205902,16000,0.0,0.0
0.0,0.4424956825507652,0.44052037596702576,0.44052037596702576,793600,0.0,0.0
0.0,0.4424957145344127,0.4345940053462982,0.4345940053462982,102400,0.0,0.0
0.0,0.4405201451694263,0.43854483962059015,0.4385448396205902,140800,0.0,0.0
0.0,0.43854483962059015,0.43854483962059015,0.4385448396205902,51200,0.0,0.0
0.0,0.44052037596702576,0.44052037596702576,0.44052037596702576,3200,0.0,0.0
0.0,0.43656921386718744,0.43261860130284235,0.4365692138671875,28800,0.0,0.0
0.0,0.44644677639007574,0.44052037437821184,0.4464467763900757,409600,0.0,0.0
0.0,0.44644670074194004,0.4444709122180939,0.44447091221809387,144000,0.0,0.0
0.0,0.4503972828388214,0.44644667062153814,0.4503972828388214,28800,0.0,0.0
0.0,0.4642254412174225,0.4543484273060621,0.4642254412174225,230400,0.0,0.0
0.0,0.46225002408027654,0.46225002408027654,0.4622500240802765,726400,0.0,0.0
0.0,0.458299328296852,0.4543487131595611,0.45434871315956116,128000,0.0,0.0
0.0,0.4503972828388214,0.4503972828388214,0.4503972828388214,12800,0.0,0.0
0.0,0.4543487131595611,0.4543487131595611,0.45434871315956116,6400,0.0,0.0
0.0,0.4484221339225769,0.4484221339225769,0.4484221339225769,41600,0.0,0.0
0.0,0.45829901099205017,0.45829901099205017,0.45829901099205017,118400,0.0,0.0
0.0,0.45632402072820655,0.4543487131595611,0.45434871315956116,25600,0.0,0.0
0.0,0.4444709122180939,0.4444709122180939,0.44447091221809387,38400,0.0,0.0
0.0,0.4543487131595611,0.44842230817136425,0.45434871315956116,86400,0.0,0.0
0.0,0.458299328296852,0.4543487131595611,0.45434871315956116,99200,0.0,0.0
0.0,0.4543487131595611,0.4543487131595611,0.45434871315956116,12800,0.0,0.0
0.0,0.4503972828388214,0.4503972828388214,0.4503972828388214,9600,0.0,0.0
0.0,0.454348519457612,0.4345940053462982,0.4345940053462982,51200,0.0,0.0
0.0,0.43064334267425386,0.426692247390747,0.42669224739074707,99200,0.0,0.0
0.0,0.43656931207281313,0.42274168270515394,0.4345940053462982,118400,0.0,0.0
0.0,0.4424955844879151,0.43854497219594385,0.44249558448791504,70400,0.0,0.0
0.0,0.4484219852077851,0.44052027834192947,0.44249558448791504,51200,0.0,0.0
0.0,0.4484221339225769,0.44447103803835036,0.4484221339225769,35200,0.0,0.0
0.0,0.4503973895433061,0.44644677639007574,0.4464467763900757,70400,0.0,0.0
0.0,0.446446544097702,0.43854483962059015,0.4385448396205902,22400,0.0,0.0
0.0,0.4424955844879151,0.4424955844879151,0.44249558448791504,3200,0.0,0.0
0.0,0.43854510108138295,0.4345940053462982,0.4345940053462982,6400,0.0,0.0
0.0,0.43064323067665095,0.43064323067665095,0.430643230676651,6400,0.0,0.0
0.0,0.4345940053462982,0.4266922961581837,0.4345940053462982,476800,0.0,0.0
0.0,0.43064323067665095,0.43064323067665095,0.430643230676651,3200,0.0,0.0
0.0,0.4286675751209259,0.4286675751209259,0.4286675751209259,3200,0.0,0.0
0.0,0.4326187968254089,0.4326187968254089,0.43261879682540894,9600,0.0,0.0
0.0,0.4286675538915005,0.426692247390747,0.42669224739074707,35200,0.0,0.0
0.0,0.4187905490398407,0.4187905490398407,0.4187905490398407,22400,0.0,0.0
0.0,0.4148398258078907,0.4108887314796448,0.4108887314796448,70400,0.0,0.0
0.0,0.40496259195577294,0.39508557319641113,0.39508557319641113,105600,0.0,0.0
0.0,0.4069381654262543,0.39903645815857886,0.4069381654262543,41600,0.0,0.0
0.0,0.402986899072236,0.3990362882614136,0.3990362882614136,16000,0.0,0.0
0.3990362882614136,0.3990362882614136,0.3990362882614136,0.3990362882614136,0,0.0,0.0
0.0,0.39706088049184474,0.39508557319641113,0.39508557319641113,25600,0.0,0.0
0.0,0.4010119773649058,0.39508557319641113,0.39508557319641113,67200,0.0,0.0
0.0,0.40101173520088196,0.3990364290983014,0.40101173520088196,38400,0.0,0.0
0.0,0.4049622044776472,0.3990362882614136,0.3990362882614136,19200,0.0,0.0
0.0,0.39508504347373363,0.38718334260425896,0.3931097388267517,115200,0.0,0.0
0.0,0.39310973882675176,0.39310973882675176,0.3931097388267517,3200,0.0,0.0
0.0,0.3990362882614136,0.39706050057427,0.3990362882614136,25600,0.0,0.0
0.0,0.3970607221126556,0.3970607221126556,0.39706072211265564,57600,0.0,0.0
0.0,0.3990362882614136,0.3990362882614136,0.3990362882614136,25600,0.0,0.0
0.0,0.40496234740604303,0.3990364290983014,0.40101173520088196,118400,0.0,0.0
0.0,0.40101173520088196,0.40101173520088196,0.40101173520088196,3200,0.0,0.0
0.0,0.4029871821403503,0.3990365685545197,0.40298718214035034,195200,0.0,0.0
0.0,0.4029871821403503,0.3990365685545197,0.40298718214035034,25600,0.0,0.0
0.0,0.40891358256340027,0.40693827578129477,0.40891358256340027,35200,0.0,0.0
0.0,0.4049622118473053,0.4049622118473053,0.4049622118473053,12800,0.0,0.0
0.0,0.4029871821403503,0.4029871821403503,0.40298718214035034,16000,0.0,0.0
0.0,0.426692247390747,0.41088883082071936,0.42669224739074707,246400,0.0,0.0
0.0,0.426692247390747,0.4207658456064867,0.42669224739074707,147200,0.0,0.0
0.0,0.43064323067665095,0.42669213642070725,0.430643230676651,19200,0.0,0.0
0.43064323067665095,0.43064323067665095,0.43064323067665095,0.430643230676651,0,0.0,0.0
0.0,0.43459410400032383,0.4326187968254089,0.43261879682540894,48000,0.0,0.0
0.0,0.43459410400032383,0.4326187968254089,0.43261879682540894,57600,0.0,0.0
0.0,0.4345940053462982,0.4345940053462982,0.4345940053462982,16000,0.0,0.0
0.0,0.4345940053462982,0.4345940053462982,0.4345940053462982,3200,0.0,0.0
0.0,0.4345940053462982,0.4345940053462982,0.4345940053462982,9600,0.0,0.0
0.0,0.43854483962059015,0.43064313514347835,0.4385448396205902,12800,0.0,0.0
0.0,0.43261853666368566,0.43064323067665095,0.430643230676651,28800,0.0,0.0
0.0,0.4345940053462982,0.4345940053462982,0.4345940053462982,41600,0.0,0.0
0.0,0.4345940053462982,0.4345940053462982,0.4345940053462982,16000,0.0,0.0
0.0,0.43854510108138295,0.4345940053462982,0.4345940053462982,25600,0.0,0.0
0.0,0.43854483962059015,0.43459374624115055,0.4385448396205902,92800,0.0,0.0
0.0,0.43854483962059015,0.43459374624115055,0.4385448396205902,137600,0.0,0.0
0.0,0.4424955844879151,0.44052027834192947,0.44249558448791504,9600,0.0,0.0
0.0,0.4424955844879151,0.4424955844879151,0.44249558448791504,102400,0.0,0.0
0.0,0.4424955844879151,0.4424955844879151,0.44249558448791504,99200,0.0,0.0
0.0,0.43854483962059015,0.43854483962059015,0.4385448396205902,6400,0.0,0.0
0.43854483962059015,0.43854483962059015,0.43854483962059015,0.4385448396205902,0,0.0,0.0
0.43854483962059015,0.43854483962059015,0.43854483962059015,0.4385448396205902,0,0.0,0.0
0.0,0.43656931207281313,0.4345940053462982,0.4345940053462982,105600,0.0,0.0
0.0,0.4345940053462982,0.4345940053462982,0.4345940053462982,6400,0.0,0.0
0.0,0.43854500243130645,0.43656921386718744,0.4365692138671875,32000,0.0,0.0
0.0,0.43064334267425386,0.426692247390747,0.42669224739074707,83200,0.0,0.0
0.0,0.426692247390747,0.426692247390747,0.42669224739074707,25600,0.0,0.0
0.0,0.426692247390747,0.426692247390747,0.42669224739074707,3200,0.0,0.0
0.0,0.4286675751209259,0.4266922685223469,0.4286675751209259,19200,0.0,0.0
0.0,0.426692247390747,0.4247169408899935,0.42669224739074707,32000,0.0,0.0
0.0,0.426692247390747,0.426692247390747,0.42669224739074707,473600,0.0,0.0
0.0,0.42669249553095034,0.4247171878814697,0.4247171878814697,35200,0.0,0.0
0.0,0.426692247390747,0.42274163438924,0.42669224739074707,12800,0.0,0.0
0.0,0.426692247390747,0.426692247390747,0.42669224739074707,6400,0.0,0.0
0.0,0.426692247390747,0.426692247390747,0.42669224739074707,9600,0.0,0.0
0.0,0.42274164595479086,0.41286414861679077,0.41286414861679077,41600,0.0,0.0
0.0,0.4148399531841278,0.41088885764270155,0.4148399531841278,44800,0.0,0.0
0.0,0.4148399531841278,0.4148399531841278,0.4148399531841278,38400,0.0,0.0
0.0,0.4148399531841278,0.4148399531841278,0.4148399531841278,12800,0.0,0.0
0.4148399531841278,0.4148399531841278,0.4148399531841278,0.4148399531841278,0,0.0,0.0
0.0,0.41879056644352275,0.4148399531841278,0.4148399531841278,28800,0.0,0.0
0.0,0.4168152598138253,0.41088885764270155,0.4148399531841278,38400,0.0,0.0
0.4148399531841278,0.4148399531841278,0.4148399531841278,0.4148399531841278,0,0.0,0.0
0.0,0.40693827800825205,0.4029871821403503,0.40298718214035034,25600,0.0,0.0
0.0,0.40298728466033934,0.39508557319641113,0.39508557319641113,38400,0.0,0.0
0.0,0.39113450050354004,0.39113450050354004,0.39113450050354004,3200,0.0,0.0
0.0,0.38718383368988274,0.3832332193851471,0.3832332193851471,9600,0.0,0.0
0.0,0.3792818860804781,0.37138018012046814,0.37138018012046814,166400,0.0,0.0
0.0,0.37533127424140206,0.37138018012046814,0.37138018012046814,9600,0.0,0.0
0.0,0.3674297332763672,0.3654539441877397,0.3674297332763672,16000,0.0,0.0
0.0,0.3654538691043854,0.3654538691043854,0.3654538691043854,6400,0.0,0.0
0.0,0.37138018012046814,0.3674295682813921,0.37138018012046814,115200,0.0,0.0
0.0,0.37533137202262873,0.3713802768723566,0.3753313720226288,35200,0.0,0.0
0.0,0.3950851104673995,0.37928170604870354,0.39113450050354004,112000,0.0,0.0
0.0,0.4029871821403503,0.3990365685545197,0.40298718214035034,16000,0.0,0.0
0.0,0.4049624889332656,0.4029871821403503,0.40298718214035034,12800,0.0,0.0
0.0,0.4029871821403503,0.4029871821403503,0.40298718214035034,3200,0.0,0.0
0.0,0.4089133050117636,0.4049622118473053,0.4049622118473053,35200,0.0,0.0
0.0,0.4029871821403503,0.4029871821403503,0.40298718214035034,3200,0.0,0.0
0.0,0.3950851104673995,0.39113450050354004,0.39113450050354004,44800,0.0,0.0
0.39113450050354004,0.39113450050354004,0.39113450050354004,0.39113450050354004,0,0.0,0.0
0.0,0.38915881514549255,0.3871835096463074,0.38915881514549255,12800,0.0,0.0
0.0,0.38718369603157043,0.38718369603157043,0.38718369603157043,6400,0.0,0.0
0.0,0.3990362882614136,0.39113458435803644,0.3990362882614136,38400,0.0,0.0
0.0,0.4029871821403503,0.3990365685545197,0.40298718214035034,6400,0.0,0.0
0.0,0.406937999570405,0.4029869064059467,0.4049622118473053,32000,0.0,0.0
0.0,0.4148399531841278,0.4148399531841278,0.4148399531841278,86400,0.0,0.0
0.0,0.42669211429261433,0.4187904084723807,0.42274150252342224,80000,0.0,0.0
0.0,0.426692247390747,0.426692247390747,0.42669224739074707,6400,0.0,0.0
0.0,0.426692247390747,0.4187905391057332,0.42669224739074707,86400,0.0,0.0
0.0,0.43064323067665095,0.42669213642070725,0.430643230676651,9600,0.0,0.0
0.0,0.41088877791912315,0.4069381654262543,0.4069381654262543,294400,0.0,0.0
0.0,0.4108887314796448,0.4108887314796448,0.4108887314796448,41600,0.0,0.0
0.0,0.41088889159408265,0.4029871821403503,0.40298718214035034,48000,0.0,0.0
0.0,0.39903620271288803,0.39113450050354004,0.39113450050354004,41600,0.0,0.0
0.39113450050354004,0.39113450050354004,0.39113450050354004,0.39113450050354004,0,0.0,0.0
0.39113450050354004,0.39113450050354004,0.39113450050354004,0.39113450050354004,0,0.0,0.0
0.0,0.38718369603157043,0.38718369603157043,0.38718369603157043,6400,0.0,0.0
0.38718369603157043,0.38718369603157043,0.38718369603157043,0.38718369603157043,0,0.0,0.0
0.38718369603157043,0.38718369603157043,0.38718369603157043,0.38718369603157043,0,0.0,0.0
0.0,0.3832332193851471,0.3832332193851471,0.3832332193851471,3200,0.0,0.0
0.0,0.3792818860804781,0.37138018012046814,0.37138018012046814,67200,0.0,0.0
0.0,0.3674296577870825,0.3654538691043854,0.3654538691043854,16000,0.0,0.0
0.0,0.3694050908088684,0.3694050908088684,0.3694050908088684,9600,0.0,0.0
0.3694050908088684,0.3694050908088684,0.3694050908088684,0.3694050908088684,0,0.0,0.0
0.0,0.3674297332763672,0.3674297332763672,0.3674297332763672,6400,0.0,0.0
0.0,0.3694050908088684,0.36742978373107027,0.3694050908088684,118400,0.0,0.0
0.0,0.36940504008292024,0.3674297332763672,0.3674297332763672,76800,0.0,0.0
0.0,0.36940504008292024,0.3674297332763672,0.3674297332763672,22400,0.0,0.0
0.0,0.3694050908088684,0.36742978373107027,0.3694050908088684,80000,0.0,0.0
0.0,0.37138018012046814,0.36940487420093016,0.37138018012046814,118400,0.0,0.0
0.0,0.3871835920404881,0.37138018012046814,0.37138018012046814,326400,0.0,0.0
0.0,0.37138018012046814,0.3674295682813921,0.37138018012046814,185600,0.0,0.0
0.0,0.3792819678783417,0.3753313551872566,0.3792819678783417,99200,0.0,0.0
0.0,0.379281886465059,0.37533127462197713,0.37730658054351807,35200,0.0,0.0
0.0,0.37335565369602636,0.3674297332763672,0.3674297332763672,32000,0.0,0.0
0.0,0.37138018012046814,0.37138018012046814,0.37138018012046814,6400,0.0,0.0
0.0,0.37335570496446474,0.36742978373107027,0.3694050908088684,51200,0.0,0.0
0.0,0.37335570496446474,0.3694050908088684,0.3694050908088684,28800,0.0,0.0
0.0,0.3674297332763672,0.3674297332763672,0.3674297332763672,6400,0.0,0.0
0.0,0.3694049641878042,0.3654538691043854,0.3654538691043854,444800,0.0,0.0
0.0,0.36347857974198816,0.3615032732486725,0.3615032732486725,57600,0.0,0.0
0.0,0.3634787390505686,0.359528124332428,0.359528124332428,19200,0.0,0.0
0.0,0.359528124332428,0.359528124332428,0.359528124332428,35200,0.0,0.0
0.0,0.359528124332428,0.359528124332428,0.359528124332428,64000,0.0,0.0
0.0,0.3615032358106018,0.35755214095115656,0.3575521409511566,76800,0.0,0.0
0.0,0.3634785420993504,0.35755214095115656,0.3575521409511566,384000,0.0,0.0
0.0,0.3674296362257693,0.357552140237836,0.36347854137420654,112000,0.0,0.0
0.0,0.37138018012046814,0.36940487420093016,0.37138018012046814,16000,0.0,0.0
0.0,0.37533137202262873,0.3713802768723566,0.3753313720226288,48000,0.0,0.0
0.0,0.37533137202262873,0.3713802768723566,0.3753313720226288,38400,0.0,0.0
0.0,0.3733554860400062,0.37138018012046814,0.37138018012046814,118400,0.0,0.0
0.0,0.37533127424140206,0.37138018012046814,0.37138018012046814,76800,0.0,0.0
0.0,0.37138018012046814,0.37138018012046814,0.37138018012046814,32000,0.0,0.0
0.0,0.38125723600387573,0.3753313175613054,0.38125723600387573,384000,0.0,0.0
0.0,0.3990362882614136,0.3792817873621045,0.3990362882614136,227200,0.0,0.0
0.0,0.39508504347373363,0.39310973882675176,0.3931097388267517,67200,0.0,0.0
0.0,0.3990362882614136,0.3950851951688588,0.3990362882614136,211200,0.0,0.0
0.0,0.3970607221126556,0.39508541560513033,0.39706072211265564,60800,0.0,0.0
0.0,0.39903651090218234,0.3970607221126556,0.39706072211265564,57600,0.0,0.0
0.0,0.41286414861679077,0.40101182700600896,0.41286414861679077,121600,0.0,0.0
0.0,0.42274164441707124,0.4128641471150005,0.4187905490398407,124800,0.0,0.0
0.0,0.42669215810488365,0.42076575756073,0.42076575756073,76800,0.0,0.0
0.0,0.42471680840801823,0.4187904084723807,0.42274150252342224,112000,0.0,0.0
0.0,0.4247168520174654,0.42076575756073,0.42076575756073,118400,0.0,0.0
0.0,0.42274159270726147,0.41681519150733953,0.4168151915073395,48000,0.0,0.0
0.0,0.41879056644352275,0.4148399531841278,0.4148399531841278,176000,0.0,0.0
0.0,0.42274164441707124,0.41681524249223106,0.4187905490398407,35200,0.0,0.0
0.0,0.4227415025234222,0.4227415025234222,0.42274150252342224,118400,0.0,0.0
0.0,0.42669249553095034,0.42076609030022816,0.4247171878814697,358400,0.0,0.0
0.0,0.4207658730732202,0.4148399531841278,0.4148399531841278,86400,0.0,0.0
0.0,0.4187905490398407,0.41483993594462143,0.4187905490398407,9600,0.0,0.0
0.0,0.4247171878814697,0.4148401673517863,0.4247171878814697,96000,0.0,0.0
0.0,0.4326187968254089,0.42866770019341466,0.43261879682540894,262400,0.0,0.0
0.0,0.43064323067665095,0.43064323067665095,0.430643230676651,3200,0.0,0.0
0.0,0.44249561499565154,0.4345939075850149,0.4365692138671875,124800,0.0,0.0
0.0,0.436569148637755,0.43064323067665095,0.430643230676651,44800,0.0,0.0
0.0,0.4424956825507652,0.43854506938328625,0.44052037596702576,198400,0.0,0.0
0.0,0.43854483962059015,0.4365690517899867,0.4385448396205902,121600,0.0,0.0
0.0,0.4424955844879151,0.44052027834192947,0.44249558448791504,124800,0.0,0.0
0.0,0.44052037596702576,0.43854506938328625,0.44052037596702576,12800,0.0,0.0
0.0,0.43459410400032383,0.4326187968254089,0.43261879682540894,137600,0.0,0.0
0.0,0.43854520063231806,0.4326187968254089,0.43261879682540894,102400,0.0,0.0
0.0,0.43854510108138295,0.4345940053462982,0.4345940053462982,35200,0.0,0.0
0.0,0.4345938426507203,0.43064323067665095,0.430643230676651,73600,0.0,0.0
0.0,0.43064323067665095,0.42669213642070725,0.430643230676651,9600,0.0,0.0
0.0,0.4266922575122905,0.4187905490398407,0.4187905490398407,22400,0.0,0.0
0.0,0.41483970361758044,0.4049622118473053,0.4049622118473053,48000,0.0,0.0
0.0,0.4148398258078907,0.4069381194332821,0.4108887314796448,38400,0.0,0.0
0.0,0.42076575756073,0.4168151453858935,0.42076575756073,25600,0.0,0.0
0.0,0.4247169686146465,0.4148399531841278,0.4148399531841278,185600,0.0,0.0
0.0,0.4187905490398407,0.4187905490398407,0.4187905490398407,9600,0.0,0.0
0.0,0.4148399531841278,0.4148399531841278,0.4148399531841278,89600,0.0,0.0
0.0,0.4148399374535986,0.41286414861679077,0.41286414861679077,92800,0.0,0.0
0.0,0.4148399374535986,0.41286414861679077,0.41286414861679077,41600,0.0,0.0
0.0,0.41286414861679077,0.40891353550720116,0.41286414861679077,323200,0.0,0.0
0.0,0.41286403750282613,0.4108887314796448,0.4108887314796448,12800,0.0,0.0
0.0,0.4108887314796448,0.4108887314796448,0.4108887314796448,3200,0.0,0.0
0.0,0.41286414861679077,0.41286414861679077,0.41286414861679077,38400,0.0,0.0
0.0,0.41681519150733953,0.41286409661340745,0.4168151915073395,67200,0.0,0.0
0.0,0.41286414861679077,0.41286414861679077,0.41286414861679077,9600,0.0,0.0
0.0,0.4108887314796448,0.4108887314796448,0.4108887314796448,368000,0.0,0.0
0.0,0.40693790492223597,0.39113450050354004,0.39113450050354004,144000,0.0,0.0
0.0,0.38718383368988274,0.3832332193851471,0.3832332193851471,144000,0.0,0.0
0.0,0.38718369603157043,0.37928198794929346,0.38718369603157043,44800,0.0,0.0
0.0,0.3990366700694722,0.3911349586055439,0.39508557319641113,76800,0.0,0.0
0.0,0.4029871821403503,0.4029871821403503,0.40298718214035034,16000,0.0,0.0
0.0,0.40891358256340027,0.40496248671712076,0.40891358256340027,140800,0.0,0.0
0.0,0.41088861045312214,0.4049622118473053,0.4049622118473053,1360000,0.0,0.0
0.0,0.4029871821403503,0.4029871821403503,0.40298718214035034,38400,0.0,0.0
0.0,0.4029871821403503,0.4029871821403503,0.40298718214035034,48000,0.0,0.0
0.0,0.406937999570405,0.4029869064059467,0.4049622118473053,217600,0.0,0.0
0.0,0.4069381654262543,0.4069381654262543,0.4069381654262543,86400,0.0,0.0
0.0,0.4049624889332656,0.4029871821403503,0.40298718214035034,275200,0.0,0.0
0.0,0.3990366700694722,0.39508557319641113,0.39508557319641113,16000,0.0,0.0
0.39508557319641113,0.39508557319641113,0.39508557319641113,0.39508557319641113,0,0.0,0.0
0.0,0.393110097663775,0.38718369603157043,0.38718369603157043,208000,0.0,0.0
0.0,0.3832330628513887,0.3792819678783417,0.3792819678783417,6400,0.0,0.0
0.0,0.38520827889442444,0.38125718484761323,0.38520827889442444,124800,0.0,0.0
0.38520827889442444,0.38520827889442444,0.38520827889442444,0.38520827889442444,0,0.0,0.0
0.0,0.38125723600387573,0.38125723600387573,0.38125723600387573,9600,0.0,0.0
0.0,0.3792819678783417,0.3753313551872566,0.3792819678783417,624000,0.0,0.0
0.0,0.3713803978866666,0.3694050908088684,0.3694050908088684,6400,0.0,0.0
0.0,0.37335570496446474,0.3694050908088684,0.3694050908088684,25600,0.0,0.0
0.0,0.3832332193851471,0.37335571905899007,0.3832332193851471,41600,0.0,0.0
0.0,0.38718369603157043,0.38718369603157043,0.38718369603157043,3200,0.0,0.0
0.0,0.38718369603157043,0.38718369603157043,0.38718369603157043,6400,0.0,0.0
0.38718369603157043,0.38718369603157043,0.38718369603157043,0.38718369603157043,0,0.0,0.0
0.0,0.38718383368988274,0.3832332193851471,0.3832332193851471,9600,0.0,0.0
0.0,0.3832330628513887,0.3792819678783417,0.3792819678783417,51200,0.0,0.0
0.0,0.3832332193851471,0.3832332193851471,0.3832332193851471,32000,0.0,0.0
0.0,0.37928198489091736,0.37533137202262873,0.3753313720226288,76800,0.0,0.0
0.0,0.37533137202262873,0.37533137202262873,0.3753313720226288,3200,0.0,0.0
0.0,0.3792819678783417,0.3792819678783417,0.3792819678783417,19200,0.0,0.0
0.0,0.3733554860400062,0.37138018012046814,0.37138018012046814,70400,0.0,0.0
0.0,0.3694050908088684,0.36742978373107027,0.3694050908088684,9600,0.0,0.0
0.3694050908088684,0.3694050908088684,0.3694050908088684,0.3694050908088684,0,0.0,0.0
0.0,0.3654538476590144,0.3634785413742066,0.36347854137420654,428800,0.0,0.0
0.0,0.3674297332763672,0.3674297332763672,0.3674297332763672,16000,0.0,0.0
0.0,0.3654538476590144,0.3634785413742066,0.36347854137420654,9600,0.0,0.0
0.0,0.36742967501061746,0.3615032732486725,0.3615032732486725,198400,0.0,0.0
0.0,0.36150310056457796,0.3496503027025749,0.3536013960838318,115200,0.0,0.0
0.0,0.3496503773236346,0.34372445940971375,0.34372445940971375,28800,0.0,0.0
0.0,0.35360139608383184,0.3476749971528303,0.3536013960838318,92800,0.0,0.0
0.0,0.3634785413742066,0.3555768339530282,0.36347854137420654,105600,0.0,0.0
0.0,0.3615034316914983,0.359528124332428,0.359528124332428,28800,0.0,0.0
0.0,0.359528124332428,0.359528124332428,0.359528124332428,25600,0.0,0.0
0.0,0.3615032732486725,0.3555768714867275,0.3615032732486725,83200,0.0,0.0
0.0,0.3615034316914983,0.3575523346911483,0.359528124332428,28800,0.0,0.0
0.0,0.35557670163357646,0.35360139608383184,0.3536013960838318,19200,0.0,0.0
0.0,0.35952807083690047,0.3476752638816834,0.34767526388168335,976000,0.0,0.0
0.0,0.35755214095115656,0.3536015283736594,0.3575521409511566,67200,0.0,0.0
0.0,0.3634785413742066,0.357552140237836,0.36347854137420654,105600,0.0,0.0
0.0,0.3674297332763672,0.36347863738118663,0.3674297332763672,118400,0.0,0.0
0.0,0.3713803468894733,0.3674297332763672,0.3674297332763672,150400,0.0,0.0
0.0,0.36940504008292024,0.3674297332763672,0.3674297332763672,22400,0.0,0.0
0.0,0.37138018012046814,0.3674295682813921,0.37138018012046814,57600,0.0,0.0
0.0,0.3792819678783417,0.37138026021420956,0.3792819678783417,86400,0.0,0.0
0.0,0.3832332193851471,0.3753315084935168,0.3832332193851471,32000,0.0,0.0
0.0,0.37533127424140206,0.37138018012046814,0.37138018012046814,9600,0.0,0.0
0.0,0.3674298360509186,0.35557702733207797,0.359528124332428,60800,0.0,0.0
0.359528124332428,0.359528124332428,0.359528124332428,0.359528124332428,0,0.0,0.0
0.0,0.359528124332428,0.35557702733207797,0.359528124332428,9600,0.0,0.0
0.0,0.3634785413742066,0.35952792880459095,0.36347854137420654,48000,0.0,0.0
0.0,0.3555768430233002,0.3516262303529099,0.35557684302330017,19200,0.0,0.0
0.0,0.35360139608383184,0.3476749971528303,0.3536013960838318,12800,0.0,0.0
0.0,0.3555768430233002,0.3555768430233002,0.35557684302330017,51200,0.0,0.0
0.3555768430233002,0.3555768430233002,0.3555768430233002,0.35557684302330017,0,0.0,0.0
0.0,0.3555768430233002,0.3496504417357553,0.35557684302330017,905600,0.0,0.0
0.0,0.3555767226726201,0.3496503233909607,0.3496503233909607,131200,0.0,0.0
0.0,0.37138018012046814,0.3536014622809102,0.37138018012046814,233600,0.0,0.0
0.0,0.3792818860804781,0.37138018012046814,0.37138018012046814,166400,0.0,0.0
0.0,0.37928205639775997,0.3674297332763672,0.3674297332763672,96000,0.0,0.0
0.0,0.3832332193851471,0.37928212279825246,0.3832332193851471,128000,0.0,0.0
0.0,0.3832332193851471,0.37928212279825246,0.3832332193851471,19200,0.0,0.0
0.0,0.3773067495912069,0.3674297332763672,0.3674297332763672,32000,0.0,0.0
0.0,0.3773065801609401,0.3654537800799962,0.37138018012046814,54400,0.0,0.0
0.0,0.38718369603157043,0.37138027986701655,0.38718369603157043,54400,0.0,0.0
0.0,0.39113450050354004,0.38520810327612176,0.39113450050354004,70400,0.0,0.0
0.0,0.393110097663775,0.3832330831314257,0.38718369603157043,323200,0.0,0.0
0.0,0.3832330628513887,0.36742964752312446,0.3792819678783417,185600,0.0,0.0
0.0,0.37730667845677307,0.37335558330650087,0.3753313720226288,28800,0.0,0.0
0.0,0.3713803978866666,0.36742978373107027,0.3694050908088684,22400,0.0,0.0
0.0,0.3713803468894733,0.3674297332763672,0.3674297332763672,92800,0.0,0.0
0.0,0.37335557698924765,0.3654538691043854,0.3654538691043854,44800,0.0,0.0
0.0,0.3674297332763672,0.3595280237680805,0.3674297332763672,22400,0.0,0.0
0.0,0.3674297332763672,0.3674297332763672,0.3674297332763672,3200,0.0,0.0
0.0,0.37138018012046814,0.36940487420093016,0.37138018012046814,22400,0.0,0.0
0.0,0.37138018012046814,0.3674295682813921,0.37138018012046814,64000,0.0,0.0
0.0,0.371380248795385,0.3634785413742066,0.36347854137420654,44800,0.0,0.0
0.0,0.3615032732486725,0.3575521779800432,0.3615032732486725,38400,0.0,0.0
0.0,0.35162621736526484,0.35162621736526484,0.3516262173652649,80000,0.0,0.0
0.0,0.359528124332428,0.3575523346911483,0.359528124332428,38400,0.0,0.0
0.0,0.359528124332428,0.359528124332428,0.359528124332428,9600,0.0,0.0
0.0,0.3555768430233002,0.3516262303529099,0.35557684302330017,502400,0.0,0.0
0.0,0.3615032732486725,0.3575521779800432,0.3615032732486725,108800,0.0,0.0
0.0,0.3634785413742066,0.35952792880459095,0.36347854137420654,48000,0.0,0.0
0.0,0.3615034316914983,0.3575523346911483,0.359528124332428,80000,0.0,0.0
0.0,0.3615032443108451,0.3555768430233002,0.35557684302330017,272000,0.0,0.0
0.0,0.3615034316914983,0.3575523346911483,0.359528124332428,28800,0.0,0.0
0.0,0.3674296369587956,0.35755214095115656,0.3575521409511566,252800,0.0,0.0
0.35755214095115656,0.35755214095115656,0.35755214095115656,0.3575521409511566,0,0.0,0.0
0.0,0.3674296362257693,0.36150323508939874,0.36347854137420654,32000,0.0,0.0
0.0,0.359528124332428,0.359528124332428,0.359528124332428,41600,0.0,0.0
0.0,0.3634785413742066,0.36150323508939874,0.36347854137420654,64000,0.0,0.0
0.0,0.37138018012046814,0.36150316824092016,0.37138018012046814,361600,0.0,0.0
0.0,0.3733554860400062,0.3654537800799962,0.37138018012046814,332800,0.0,0.0
0.0,0.3694050908088684,0.36347868729333327,0.3694050908088684,115200,0.0,0.0
0.0,0.37138018012046814,0.3654537800799962,0.37138018012046814,80000,0.0,0.0
0.0,0.37138018012046814,0.3674295682813921,0.37138018012046814,377600,0.0,0.0
0.0,0.37730667845677307,0.37533137202262873,0.3753313720226288,51200,0.0,0.0
0.0,0.3753313436469477,0.3634785413742066,0.36347854137420654,486400,0.0,0.0
0.0,0.3674297332763672,0.36347863738118663,0.3674297332763672,1075200,0.0,0.0
0.0,0.3713803468894733,0.3674297332763672,0.3674297332763672,28800,0.0,0.0
0.0,0.3654538691043854,0.3634785627036637,0.3654538691043854,169600,0.0,0.0
0.3654538691043854,0.3654538691043854,0.3654538691043854,0.3654538691043854,0,0.0,0.0
0.0,0.3654538691043854,0.3654538691043854,0.3654538691043854,12800,0.0,0.0
0.0,0.3654538691043854,0.3654538691043854,0.3654538691043854,6400,0.0,0.0
0.3654538691043854,0.3654538691043854,0.3654538691043854,0.3654538691043854,0,0.0,0.0
0.0,0.3615034316914983,0.359528124332428,0.359528124332428,25600,0.0,0.0
0.0,0.3595279379756499,0.3555768430233002,0.35557684302330017,48000,0.0,0.0
0.0,0.359528124332428,0.35557702733207797,0.359528124332428,16000,0.0,0.0
0.0,0.359528124332428,0.359528124332428,0.359528124332428,32000,0.0,0.0
0.0,0.355576777519426,0.34372445940971375,0.34372445940971375,41600,0.0,0.0
0.0,0.3456996977329254,0.3437243921481553,0.3456996977329254,28800,0.0,0.0
0.0,0.3476752638816834,0.34569995681652643,0.34767526388168335,262400,0.0,0.0
0.0,0.3555768430233002,0.3476751354005602,0.35557684302330017,57600,0.0,0.0
0.0,0.359528124332428,0.359528124332428,0.359528124332428,6400,0.0,0.0
0.0,0.3634785413742066,0.3634785413742066,0.36347854137420654,3200,0.0,0.0
0.0,0.3634785413742066,0.3634785413742066,0.36347854137420654,44800,0.0,0.0
0.0,0.3634787390505686,0.359528124332428,0.359528124332428,6400,0.0,0.0
0.0,0.3634785413742066,0.3634785413742066,0.36347854137420654,22400,0.0,0.0
0.0,0.3634785413742066,0.3634785413742066,0.36347854137420654,28800,0.0,0.0
0.3634785413742066,0.3634785413742066,0.3634785413742066,0.36347854137420654,0,0.0,0.0
0.0,0.3615032732486725,0.3615032732486725,0.3615032732486725,9600,0.0,0.0
0.0,0.3615034316914983,0.359528124332428,0.359528124332428,28800,0.0,0.0
0.0,0.359528124332428,0.359528124332428,0.359528124332428,19200,0.0,0.0
0.0,0.359528124332428,0.35557702733207797,0.359528124332428,35200,0.0,0.0
0.0,0.3555768298897356,0.35162621736526484,0.3516262173652649,12800,0.0,0.0
0.0,0.35755214095115656,0.3536015283736594,0.3575521409511566,51200,0.0,0.0
0.0,0.359528124332428,0.359528124332428,0.359528124332428,19200,0.0,0.0
0.0,0.35755214095115656,0.3536015283736594,0.3575521409511566,25600,0.0,0.0
0.0,0.3555767226726201,0.3476750177243396,0.3496503233909607,134400,0.0,0.0
0.0,0.3496503233909607,0.3496503233909607,0.3496503233909607,73600,0.0,0.0
0.0,0.3555768430233002,0.35360153668810507,0.35557684302330017,64000,0.0,0.0
0.0,0.35755214935849533,0.3516262303529099,0.35557684302330017,44800,0.0,0.0
0.0,0.3615034316914983,0.3575523346911483,0.359528124332428,243200,0.0,0.0
0.0,0.3595279379756499,0.3555768430233002,0.35557684302330017,44800,0.0,0.0
0.0,0.3555768298897356,0.35162621736526484,0.3516262173652649,99200,0.0,0.0
0.0,0.3536014023537821,0.3456996977329254,0.3456996977329254,192000,0.0,0.0
0.0,0.34372445940971375,0.33977336518522927,0.34372445940971375,76800,0.0,0.0
0.0,0.3476752638816834,0.34569995681652643,0.34767526388168335,179200,0.0,0.0
0.0,0.3456996977329254,0.3437243921481553,0.3456996977329254,12800,0.0,0.0
0.0,0.3437244356007174,0.32396993041038513,0.32396993041038513,246400,0.0,0.0
0.0,0.3279211223125458,0.3279211223125458,0.3279211223125458,57600,0.0,0.0
0.0,0.33187177777290344,0.33187177777290344,0.33187177777290344,32000,0.0,0.0
0.0,0.33582261204719543,0.3318715194839338,0.33582261204719543,38400,0.0,0.0
0.0,0.3437246827982094,0.33977358600588614,0.3417488932609558,51200,0.0,0.0
0.34174889326095576,0.34174889326095576,0.34174889326095576,0.3417488932609558,0,0.0,0.0
0.0,0.34372454271255926,0.3338470458984375,0.3338470458984375,35200,0.0,0.0
0.3338470458984375,0.3338470458984375,0.3338470458984375,0.3338470458984375,0,0.0,0.0
0.0,0.3358228346304543,0.3338470458984375,0.3338470458984375,48000,0.0,0.0
0.0,0.33582261204719543,0.33582261204719543,0.33582261204719543,57600,0.0,0.0
0.0,0.3358228346304543,0.3338470458984375,0.3338470458984375,41600,0.0,0.0
0.0,0.3358228734112215,0.32792116441662855,0.33187177777290344,236800,0.0,0.0
0.0,0.3298964500427246,0.3259453546565421,0.3298964500427246,128000,0.0,0.0
0.0,0.3338470631468947,0.3298964500427246,0.3298964500427246,102400,0.0,0.0
0.0,0.3338470458984375,0.3279211265483494,0.3338470458984375,38400,0.0,0.0
0.0,0.33779818008935897,0.33187177777290344,0.33187177777290344,19200,0.0,0.0
0.0,0.3279211223125458,0.3279211223125458,0.3279211223125458,9600,0.0,0.0
0.0,0.3279211223125458,0.3279211223125458,0.3279211223125458,6400,0.0,0.0
0.0,0.3298964287370598,0.3279211223125458,0.3279211223125458,73600,0.0,0.0
0.0,0.3298964500427246,0.32792114349063956,0.3298964500427246,86400,0.0,0.0
0.0,0.32594535776226774,0.31804364919662476,0.31804364919662476,60800,0.0,0.0
0.0,0.3219947304455889,0.3200194239616394,0.3200194239616394,19200,0.0,0.0
0.3200194239616394,0.3200194239616394,0.3200194239616394,0.3200194239616394,0,0.0,0.0
0.0,0.3219947814941407,0.3219947814941407,0.3219947814941406,38400,0.0,0.0
0.0,0.32396993041038513,0.32199462457590305,0.32396993041038513,54400,0.0,0.0
0.0,0.3219947304455889,0.31606832871174473,0.3200194239616394,144000,0.0,0.0
0.0,0.32396993041038513,0.320019318741421,0.32396993041038513,76800,0.0,0.0
0.0,0.32397003692953835,0.3200194239616394,0.3200194239616394,51200,0.0,0.0
0.0,0.3200193729646991,0.31211766600608826,0.31211766600608826,73600,0.0,0.0
0.0,0.3259454071521759,0.30816668075600573,0.3259454071521759,67200,0.0,0.0
0.0,0.32396993041038513,0.32396993041038513,0.32396993041038513,3200,0.0,0.0
0.0,0.3200194239616394,0.3200194239616394,0.3200194239616394,12800,0.0,0.0
0.3200194239616394,0.3200194239616394,0.3200194239616394,0.3200194239616394,0,0.0,0.0
0.0,0.3180436063458041,0.31409299373626715,0.3140929937362671,22400,0.0,0.0
0.0,0.316068172454834,0.3121175614400272,0.316068172454834,32000,0.0,0.0
0.0,0.31804364919662476,0.3101419406309818,0.31804364919662476,83200,0.0,0.0
0.0,0.31804347796223736,0.3121175614400272,0.316068172454834,83200,0.0,0.0
0.0,0.3200194239616394,0.31606832871174473,0.3200194239616394,64000,0.0,0.0
0.0,0.3160682783444343,0.31014187755499645,0.31211766600608826,86400,0.0,0.0
0.0,0.31211779974807763,0.31014201045036316,0.31014201045036316,67200,0.0,0.0
0.0,0.316068172454834,0.3121175614400272,0.316068172454834,48000,0.0,0.0
0.0,0.32396993041038513,0.31606822479061963,0.32396993041038513,326400,0.0,0.0
0.0,0.3496503089024657,0.32792098290644184,0.3456996977329254,99200,0.0,0.0
0.0,0.3476752638816834,0.3437246497513694,0.34767526388168335,438400,0.0,0.0
0.0,0.35162621736526484,0.35162621736526484,0.3516262173652649,3200,0.0,0.0
0.0,0.34767507135232767,0.34372445940971375,0.34372445940971375,38400,0.0,0.0
0.0,0.3476752638816834,0.3476752638816834,0.34767526388168335,329600,0.0,0.0
0.0,0.3476752638816834,0.3476752638816834,0.34767526388168335,44800,0.0,0.0
0.0,0.3476749251736449,0.33582261204719543,0.33582261204719543,28800,0.0,0.0
0.0,0.34372445940971375,0.34174867115653623,0.34372445940971375,70400,0.0,0.0
0.0,0.3397732223287893,0.33582261204719543,0.33582261204719543,9600,0.0,0.0
0.0,0.3338470631468947,0.3298964500427246,0.3298964500427246,28800,0.0,0.0
0.0,0.3318717351615739,0.3279211223125458,0.3279211223125458,16000,0.0,0.0
0.0,0.32594531384682995,0.31409299373626715,0.3140929937362671,73600,0.0,0.0
0.0,0.3200194239616394,0.3140930222277953,0.3200194239616394,204800,0.0,0.0
0.0,0.3259454071521759,0.32199479341173365,0.3259454071521759,76800,0.0,0.0
0.3259454071521759,0.3259454071521759,0.3259454071521759,0.3259454071521759,0,0.0,0.0
0.0,0.3259452362448672,0.32199462457590305,0.32396993041038513,70400,0.0,0.0
0.0,0.31804347796223736,0.316068172454834,0.316068172454834,624000,0.0,0.0
0.0,0.32396993041038513,0.31606822479061963,0.32396993041038513,105600,0.0,0.0
0.0,0.3200194380495482,0.31804364919662476,0.31804364919662476,28800,0.0,0.0
0.0,0.31804347796223736,0.316068172454834,0.316068172454834,105600,0.0,0.0
0.0,0.3200194380495482,0.31606834262571826,0.31804364919662476,12800,0.0,0.0
0.0,0.3219947814941407,0.31606837882073385,0.3219947814941406,134400,0.0,0.0
0.0,0.32199457125880143,0.316068172454834,0.316068172454834,54400,0.0,0.0
0.0,0.3200194380495482,0.31804364919662476,0.31804364919662476,409600,0.0,0.0
0.0,0.3200194239616394,0.31606832871174473,0.3200194239616394,51200,0.0,0.0
0.0,0.316068172454834,0.316068172454834,0.316068172454834,224000,0.0,0.0
0.0,0.31211766600608826,0.31211766600608826,0.31211766600608826,28800,0.0,0.0
0.0,0.316068172454834,0.316068172454834,0.316068172454834,48000,0.0,0.0
0.0,0.3200194380495482,0.31804364919662476,0.31804364919662476,16000,0.0,0.0
0.0,0.32001926575139805,0.316068172454834,0.316068172454834,73600,0.0,0.0
0.0,0.3239700882912522,0.3219947814941407,0.3219947814941406,32000,0.0,0.0
0.0,0.3338470458984375,0.32594533781633256,0.3338470458984375,76800,0.0,0.0
0.0,0.33582261204719543,0.33582261204719543,0.33582261204719543,3200,0.0,0.0
0.0,0.3338470458984375,0.3338470458984375,0.3338470458984375,156800,0.0,0.0
0.0,0.33582261204719543,0.3338468246247307,0.33582261204719543,179200,0.0,0.0
0.0,0.34174889326095576,0.3358229714957469,0.3417488932609558,182400,0.0,0.0
0.0,0.33977346508516226,0.3298964500427246,0.3298964500427246,80000,0.0,0.0
0.0,0.3338470631468947,0.3298964500427246,0.3298964500427246,12800,0.0,0.0
0.0,0.32594539508836373,0.3219947814941407,0.3219947814941406,32000,0.0,0.0
0.0,0.32594539508836373,0.3219947814941407,0.3219947814941406,92800,0.0,0.0
0.0,0.3259454071521759,0.32199479341173365,0.3259454071521759,70400,0.0,0.0
0.0,0.3219947446204547,0.31804364919662476,0.31804364919662476,25600,0.0,0.0
0.0,0.3219947814941407,0.3180436856178454,0.3219947814941406,99200,0.0,0.0
0.0,0.31804364919662476,0.31804364919662476,0.31804364919662476,9600,0.0,0.0
0.0,0.3219947814941407,0.3180436856178454,0.3219947814941406,16000,0.0,0.0
0.0,0.3219947446204547,0.31804364919662476,0.31804364919662476,32000,0.0,0.0
0.0,0.3219947446204547,0.31804364919662476,0.31804364919662476,64000,0.0,0.0
0.0,0.3219947446204547,0.31804364919662476,0.31804364919662476,48000,0.0,0.0
0.0,0.32397005119136124,0.31804364919662476,0.31804364919662476,230400,0.0,0.0
0.0,0.3219947446204547,0.31804364919662476,0.31804364919662476,19200,0.0,0.0
0.0,0.31804364919662476,0.31804364919662476,0.31804364919662476,3200,0.0,0.0
0.0,0.31804364919662476,0.31804364919662476,0.31804364919662476,6400,0.0,0.0
0.0,0.3219947446204547,0.31804364919662476,0.31804364919662476,188800,0.0,0.0
0.0,0.31804364919662476,0.31804364919662476,0.31804364919662476,41600,0.0,0.0
0.0,0.32396993041038513,0.320019318741421,0.32396993041038513,51200,0.0,0.0
0.0,0.3219947814941407,0.3219947814941407,0.3219947814941406,48000,0.0,0.0
0.0,0.32397003692953835,0.3200194239616394,0.3200194239616394,22400,0.0,0.0
0.0,0.31804347796223736,0.316068172454834,0.316068172454834,38400,0.0,0.0
0.0,0.31409299373626715,0.31409299373626715,0.3140929937362671,9600,0.0,0.0
0.0,0.316068172454834,0.3121175614400272,0.316068172454834,16000,0.0,0.0
0.0,0.3200194239616394,0.3121177157438458,0.3200194239616394,35200,0.0,0.0
0.0,0.3298964500427246,0.32397004810445706,0.3298964500427246,64000,0.0,0.0
0.0,0.3259452362448672,0.32396993041038513,0.32396993041038513,28800,0.0,0.0
0.32396993041038513,0.32396993041038513,0.32396993041038513,0.32396993041038513,0,0.0,0.0
0.0,0.3259454071521759,0.3259454071521759,0.3259454071521759,41600,0.0,0.0
0.0,0.32397005119136124,0.31606834262571826,0.31804364919662476,316800,0.0,0.0
0.0,0.31804364919662476,0.31804364919662476,0.31804364919662476,83200,0.0,0.0
0.0,0.314092933773433,0.30816653370857244,0.3081665337085724,140800,0.0,0.0
0.0,0.3101419470960755,0.3042160272598267,0.30421602725982666,115200,0.0,0.0
0.0,0.3042159514898523,0.30224016308784485,0.30224016308784485,115200,0.0,0.0
0.0,0.30224012735941747,0.29631420969963074,0.29631420969963074,121600,0.0,0.0
0.0,0.2982895155862263,0.2923631156445897,0.29631420969963074,108800,0.0,0.0
0.0,0.30026495456695557,0.29828964780479417,0.30026495456695557,60800,0.0,0.0
0.0,0.316068172454834,0.2963141528172855,0.316068172454834,169600,0.0,0.0
0.0,0.316068172454834,0.31014177365086654,0.316068172454834,73600,0.0,0.0
0.0,0.31409299373626715,0.31211768743149865,0.3140929937362671,134400,0.0,0.0
0.0,0.31014201045036316,0.30816670343477415,0.31014201045036316,156800,0.0,0.0
0.0,0.30816664048399256,0.3042160272598267,0.30421602725982666,451200,0.0,0.0
0.3042160272598267,0.3042160272598267,0.3042160272598267,0.30421602725982666,0,0.0,0.0
0.0,0.30816653370857244,0.30224013364371183,0.3081665337085724,137600,0.0,0.0
0.0,0.31211766600608826,0.31014187755499645,0.31211766600608826,278400,0.0,0.0
0.0,0.31211766600608826,0.31211766600608826,0.31211766600608826,396800,0.0,0.0
0.0,0.31211779974807763,0.31014201045036316,0.31014201045036316,134400,0.0,0.0
0.0,0.30816653370857244,0.3042159218532386,0.3081665337085724,278400,0.0,0.0
0.0,0.31211766600608826,0.30816657138582343,0.31211766600608826,44800,0.0,0.0
0.0,0.30816653370857244,0.3042159218532386,0.3081665337085724,422400,0.0,0.0
0.0,0.32001926575139805,0.3140928669474306,0.316068172454834,67200,0.0,0.0
0.0,0.316068172454834,0.316068172454834,0.316068172454834,70400,0.0,0.0
0.0,0.3200194239616394,0.31804363519569423,0.3200194239616394,163200,0.0,0.0
0.0,0.3200194380495482,0.31804364919662476,0.31804364919662476,179200,0.0,0.0
0.0,0.31804347796223736,0.3140928669474306,0.316068172454834,16000,0.0,0.0
0.0,0.32396993041038513,0.31606822479061963,0.32396993041038513,73600,0.0,0.0
0.0,0.3298964287370598,0.32397002718153645,0.3279211223125458,60800,0.0,0.0
0.0,0.3279210243611864,0.32396993041038513,0.32396993041038513,121600,0.0,0.0
0.0,0.3298964500427246,0.3259453546565421,0.3298964500427246,38400,0.0,0.0
0.0,0.33187177777290344,0.32792116441662855,0.33187177777290344,105600,0.0,0.0
0.0,0.3279211223125458,0.32397002718153645,0.3279211223125458,131200,0.0,0.0
0.0,0.3298964500427246,0.3259453546565421,0.3298964500427246,28800,0.0,0.0
0.0,0.32594539508836373,0.3219947814941407,0.3219947814941406,22400,0.0,0.0
0.0,0.31804364919662476,0.31804364919662476,0.31804364919662476,19200,0.0,0.0
0.0,0.3219947304455889,0.3200194239616394,0.3200194239616394,179200,0.0,0.0
0.0,0.3219947814941407,0.3200194746970291,0.3219947814941406,140800,0.0,0.0
0.0,0.3259454071521759,0.32199479341173365,0.3259454071521759,64000,0.0,0.0
0.0,0.33582261204719543,0.3239698166390782,0.33582261204719543,348800,0.0,0.0
0.0,0.3417485274695863,0.3318715194839338,0.33582261204719543,281600,0.0,0.0
0.0,0.3397732223287893,0.33582261204719543,0.33582261204719543,188800,0.0,0.0
0.0,0.3377979171879924,0.33582261204719543,0.33582261204719543,249600,0.0,0.0
0.0,0.3377982378005982,0.3338471414872539,0.33779823780059814,108800,0.0,0.0
0.0,0.3496503233909607,0.33582270144281706,0.3496503233909607,297600,0.0,0.0
0.0,0.3476752638816834,0.34569995681652643,0.34767526388168335,16000,0.0,0.0
0.0,0.3476752638816834,0.3437246497513694,0.34767526388168335,262400,0.0,0.0
0.0,0.35755213615197096,0.35162621736526484,0.3516262173652649,118400,0.0,0.0
0.0,0.3555768298897356,0.3476751225588526,0.3516262173652649,48000,0.0,0.0
0.0,0.3615034316914983,0.35557702733207797,0.359528124332428,67200,0.0,0.0
0.0,0.3674297332763672,0.3595280237680805,0.3674297332763672,227200,0.0,0.0
0.0,0.3792819678783417,0.36742964752312446,0.3792819678783417,96000,0.0,0.0
0.0,0.37928198489091736,0.37533137202262873,0.3753313720226288,102400,0.0,0.0
0.0,0.37533137202262873,0.37335558330650087,0.3753313720226288,48000,0.0,0.0
0.0,0.37533137202262873,0.3713802768723566,0.3753313720226288,54400,0.0,0.0
0.0,0.37533137202262873,0.3713802768723566,0.3753313720226288,32000,0.0,0.0
0.0,0.37730658054351807,0.37335548641857785,0.37730658054351807,41600,0.0,0.0
0.0,0.37730658054351807,0.37335548641857785,0.37730658054351807,80000,0.0,0.0
0.0,0.37730667845677307,0.37533137202262873,0.3753313720226288,22400,0.0,0.0
0.0,0.3792819678783417,0.3753313551872566,0.3792819678783417,115200,0.0,0.0
0.0,0.38718369603157043,0.37928198794929346,0.38718369603157043,96000,0.0,0.0
0.0,0.402986899072236,0.38323288045465925,0.3990362882614136,182400,0.0,0.0
0.0,0.40693827800825205,0.3970607794795332,0.40298718214035034,236800,0.0,0.0
0.0,0.4029867443432083,0.3911344341797699,0.3931097388267517,92800,0.0,0.0
0.0,0.39310980548546975,0.38718340825805153,0.39113450050354004,108800,0.0,0.0
0.0,0.3871835920404881,0.37138018012046814,0.37138018012046814,371200,0.0,0.0
0.0,0.3694050908088684,0.36742978373107027,0.3694050908088684,131200,0.0,0.0
0.0,0.3694049815039331,0.3615032732486725,0.3615032732486725,147200,0.0,0.0
0.0,0.3654538476590144,0.3634785413742066,0.36347854137420654,64000,0.0,0.0
0.0,0.36347855064604023,0.3555768430233002,0.35557684302330017,211200,0.0,0.0
0.0,0.359528124332428,0.35557702733207797,0.359528124332428,67200,0.0,0.0
0.0,0.3792819678783417,0.36347855255007744,0.3792819678783417,96000,0.0,0.0
0.0,0.3871836755424738,0.3792819678783417,0.3792819678783417,54400,0.0,0.0
0.0,0.3832330628513887,0.3792819678783417,0.3792819678783417,118400,0.0,0.0
0.0,0.39113479121370265,0.3832330831314257,0.38718369603157043,118400,0.0,0.0
0.0,0.39113450050354004,0.38323279829419205,0.39113450050354004,70400,0.0,0.0
0.0,0.39310973882675176,0.3891586472512408,0.3931097388267517,73600,0.0,0.0
0.0,0.393110097663775,0.38718369603157043,0.38718369603157043,51200,0.0,0.0
0.0,0.39113450050354004,0.3891587132399813,0.39113450050354004,22400,0.0,0.0
0.0,0.3891588906593868,0.38520827889442444,0.38520827889442444,76800,0.0,0.0
0.0,0.39310980548546975,0.38520810327612176,0.39113450050354004,140800,0.0,0.0
0.0,0.3891588906593868,0.38520827889442444,0.38520827889442444,70400,0.0,0.0
0.0,0.393110097663775,0.38718369603157043,0.38718369603157043,60800,0.0,0.0
0.0,0.38718369603157043,0.38520838958149806,0.38718369603157043,166400,0.0,0.0
0.0,0.39310973882675176,0.38718334260425896,0.3931097388267517,22400,0.0,0.0
0.0,0.39113479121370265,0.38718369603157043,0.38718369603157043,195200,0.0,0.0
0.0,0.38915898188801634,0.3792819678783417,0.3792819678783417,288000,0.0,0.0
0.0,0.3753314759276776,0.37138037968360205,0.3733556866645813,67200,0.0,0.0
0.0,0.37730667845677307,0.37335558330650087,0.3753313720226288,233600,0.0,0.0
0.0,0.37533144278465386,0.36347863738118663,0.3674297332763672,86400,0.0,0.0
0.0,0.37533127424140206,0.37138018012046814,0.37138018012046814,377600,0.0,0.0
0.0,0.3674296362257693,0.3634785413742066,0.36347854137420654,25600,0.0,0.0
0.3634785413742066,0.3634785413742066,0.3634785413742066,0.36347854137420654,0,0.0,0.0
0.3634785413742066,0.3634785413742066,0.3634785413742066,0.36347854137420654,0,0.0,0.0
0.0,0.37138018012046814,0.3674295682813921,0.37138018012046814,265600,0.0,0.0
0.0,0.3871836755424738,0.37138026021420956,0.3792819678783417,105600,0.0,0.0
0.0,0.37533137202262873,0.3694049704382123,0.3753313720226288,592000,0.0,0.0
0.0,0.37730667845677307,0.3713802768723566,0.3753313720226288,137600,0.0,0.0
0.0,0.3792819678783417,0.3773066615327991,0.3792819678783417,12800,0.0,0.0
0.0,0.3852083305808362,0.38125723600387573,0.38125723600387573,28800,0.0,0.0
0.0,0.38718369603157043,0.38520838958149806,0.38718369603157043,38400,0.0,0.0
0.0,0.39113450050354004,0.38718340825805153,0.39113450050354004,230400,0.0,0.0
0.0,0.39310990842561827,0.38915881514549255,0.38915881514549255,144000,0.0,0.0
0.0,0.39310973882675176,0.38718334260425896,0.3931097388267517,80000,0.0,0.0
0.0,0.393110097663775,0.38718369603157043,0.38718369603157043,41600,0.0,0.0
0.0,0.39113450050354004,0.39113450050354004,0.39113450050354004,51200,0.0,0.0
0.0,0.4029871821403503,0.38520845643997026,0.40298718214035034,627200,0.0,0.0
0.0,0.4128640841655576,0.4029870706514477,0.4069381654262543,134400,0.0,0.0
0.0,0.4069383815334004,0.39508557319641113,0.39508557319641113,64000,0.0,0.0
0.0,0.39903651090218234,0.39113480259007977,0.39706072211265564,99200,0.0,0.0
0.0,0.39903613504924457,0.3911344341797699,0.3931097388267517,246400,0.0,0.0
0.0,0.39706088049184474,0.3911349586055439,0.39508557319641113,32000,0.0,0.0
0.0,0.3990362882614136,0.3950851951688588,0.3990362882614136,35200,0.0,0.0
0.0,0.40891358256340027,0.39706077730663025,0.40891358256340027,102400,0.0,0.0
0.0,0.4069381654262543,0.4029870706514477,0.4069381654262543,80000,0.0,0.0
0.0,0.40891358256340027,0.40101187315290976,0.40891358256340027,553600,0.0,0.0
0.0,0.40891358256340027,0.40496248671712076,0.40891358256340027,121600,0.0,0.0
0.0,0.4247171878814697,0.41088906977054473,0.4247171878814697,323200,0.0,0.0
0.0,0.42669215810488365,0.41879045147331173,0.42076575756073,112000,0.0,0.0
0.0,0.4424955844879151,0.42471686461021824,0.44249558448791504,115200,0.0,0.0
0.0,0.4424955844879151,0.43854497219594385,0.44249558448791504,92800,0.0,0.0
0.0,0.44249545071826235,0.43854483962059015,0.4385448396205902,48000,0.0,0.0
0.0,0.436569148637755,0.43064323067665095,0.430643230676651,76800,0.0,0.0
0.0,0.42669249553095034,0.4227418802319891,0.4247171878814697,51200,0.0,0.0
0.0,0.43064334267425386,0.4247169408899935,0.42669224739074707,201600,0.0,0.0
0.0,0.43261853666368566,0.4286674424077419,0.430643230676651,28800,0.0,0.0
0.0,0.43064334267425386,0.426692247390747,0.42669224739074707,32000,0.0,0.0
0.0,0.43064334267425386,0.426692247390747,0.42669224739074707,38400,0.0,0.0
0.0,0.42669211429261433,0.4227415025234222,0.42274150252342224,32000,0.0,0.0
0.0,0.42274164441707124,0.4187905490398407,0.4187905490398407,48000,0.0,0.0
0.0,0.41483987269392975,0.4029870706514477,0.4069381654262543,99200,0.0,0.0
0.0,0.4168152598138253,0.40298714884188036,0.4148399531841278,144000,0.0,0.0
0.0,0.426692247390747,0.426692247390747,0.42669224739074707,220800,0.0,0.0
0.0,0.426692247390747,0.426692247390747,0.42669224739074707,108800,0.0,0.0
0.0,0.4247169509646809,0.4187905490398407,0.4187905490398407,144000,0.0,0.0
0.0,0.4247171878814697,0.4148401673517863,0.4247171878814697,102400,0.0,0.0
0.0,0.42471680840801823,0.42076571435697674,0.42274150252342224,99200,0.0,0.0
0.0,0.4227415025234222,0.41286400853674315,0.42274150252342224,182400,0.0,0.0
0.0,0.41879049781332944,0.41681519150733953,0.4168151915073395,9600,0.0,0.0
0.0,0.426692247390747,0.42274163438924,0.42669224739074707,150400,0.0,0.0
0.0,0.44644677639007574,0.43459397236634795,0.4464467763900757,150400,0.0,0.0
0.0,0.4503972913537707,0.4424955844879151,0.44249558448791504,140800,0.0,0.0
0.0,0.4424955844879151,0.44052027834192947,0.44249558448791504,86400,0.0,0.0
0.0,0.43854483962059015,0.43459374624115055,0.4385448396205902,92800,0.0,0.0
0.0,0.4345940053462982,0.4345940053462982,0.4345940053462982,124800,0.0,0.0
0.0,0.43854483962059015,0.43854483962059015,0.4385448396205902,76800,0.0,0.0
0.0,0.44052037596702576,0.43854506938328625,0.44052037596702576,131200,0.0,0.0
0.0,0.4424955844879151,0.4345938776220595,0.44249558448791504,166400,0.0,0.0
0.0,0.4424956639607747,0.426692247390747,0.42669224739074707,150400,0.0,0.0
0.0,0.42274164441707124,0.41483993594462143,0.4187905490398407,268800,0.0,0.0
0.0,0.418790601047815,0.4029871821403503,0.40298718214035034,150400,0.0,0.0
0.0,0.4069381654262543,0.4029870706514477,0.4069381654262543,25600,0.0,0.0
0.0,0.4069381654262543,0.4069381654262543,0.4069381654262543,28800,0.0,0.0
0.0,0.40298728466033934,0.39508557319641113,0.39508557319641113,41600,0.0,0.0
0.0,0.4029871821403503,0.38718376323288556,0.40298718214035034,73600,0.0,0.0
0.0,0.402986899072236,0.3990362882614136,0.3990362882614136,102400,0.0,0.0
0.0,0.39903613504924457,0.3911344341797699,0.3931097388267517,51200,0.0,0.0
0.0,0.4029871821403503,0.38718376323288556,0.40298718214035034,1177600,0.0,0.0
0.0,0.40693827800825205,0.3970607794795332,0.40298718214035034,89600,0.0,0.0
0.0,0.40298728466033934,0.39508557319641113,0.39508557319641113,131200,0.0,0.0
0.0,0.39508557319641113,0.3871838617324829,0.39508557319641113,51200,0.0,0.0
0.39508557319641113,0.39508557319641113,0.39508557319641113,0.39508557319641113,0,0.0,0.0
0.0,0.39508557319641113,0.39508557319641113,0.39508557319641113,22400,0.0,0.0
0.39508557319641113,0.39508557319641113,0.39508557319641113,0.39508557319641113,0,0.0,0.0
0.0,0.3990366700694722,0.3911349586055439,0.39508557319641113,67200,0.0,0.0
0.0,0.39508557319641113,0.39508557319641113,0.39508557319641113,6400,0.0,0.0
0.0,0.4069381654262543,0.39508536338377226,0.4069381654262543,73600,0.0,0.0
0.0,0.4168152440083934,0.41286414861679077,0.41286414861679077,163200,0.0,0.0
0.0,0.41286414861679077,0.41286414861679077,0.41286414861679077,67200,0.0,0.0
0.0,0.40891329757020195,0.3990362882614136,0.3990362882614136,268800,0.0,0.0
0.0,0.3990362882614136,0.3990362882614136,0.3990362882614136,25600,0.0,0.0
0.0,0.39113479121370265,0.38718369603157043,0.38718369603157043,96000,0.0,0.0
0.0,0.38520827889442444,0.3753312672001697,0.38520827889442444,224000,0.0,0.0
0.0,0.38718383368988274,0.37928212279825246,0.3832332193851471,124800,0.0,0.0
0.0,0.38718369603157043,0.37928198794929346,0.38718369603157043,83200,0.0,0.0
0.0,0.3832332193851471,0.3753315084935168,0.3832332193851471,153600,0.0,0.0
0.0,0.37730667845677307,0.37533137202262873,0.3753313720226288,51200,0.0,0.0
0.0,0.3792819784733882,0.3654538691043854,0.3654538691043854,67200,0.0,0.0
0.0,0.36347855064604023,0.3555768430233002,0.35557684302330017,51200,0.0,0.0
0.0,0.3615032309583832,0.35162621736526484,0.3516262173652649,108800,0.0,0.0
0.0,0.35360139608383184,0.3476749971528303,0.3536013960838318,89600,0.0,0.0
0.0,0.35360139608383184,0.3496503027025749,0.3536013960838318,108800,0.0,0.0
0.0,0.35755214095115656,0.34767512722546556,0.3575521409511566,176000,0.0,0.0
0.0,0.35755214095115656,0.3536015283736594,0.3575521409511566,32000,0.0,0.0
0.0,0.3536014023537821,0.3456996977329254,0.3456996977329254,54400,0.0,0.0
0.0,0.35162636029413497,0.3437246497513694,0.34767526388168335,153600,0.0,0.0
0.0,0.3555767226726201,0.3496503233909607,0.3496503233909607,326400,0.0,0.0
0.0,0.3456996977329254,0.3456996977329254,0.3456996977329254,6400,0.0,0.0
0.0,0.34174879344563386,0.33187177777290344,0.33187177777290344,112000,0.0,0.0
0.0,0.33582261204719543,0.32792090920233985,0.33582261204719543,480000,0.0,0.0
0.0,0.3318717351615739,0.3279211223125458,0.3279211223125458,16000,0.0,0.0
0.0,0.33187177777290344,0.33187177777290344,0.33187177777290344,12800,0.0,0.0
0.0,0.359528124332428,0.33779829653602644,0.359528124332428,128000,0.0,0.0
0.0,0.37138018012046814,0.3674295682813921,0.37138018012046814,92800,0.0,0.0
0.0,0.37533127424140206,0.37138018012046814,0.37138018012046814,64000,0.0,0.0
0.0,0.3713803468894733,0.3674297332763672,0.3674297332763672,99200,0.0,0.0
0.0,0.37533137202262873,0.3713802768723566,0.3753313720226288,28800,0.0,0.0
0.0,0.38718369603157043,0.37138027986701655,0.38718369603157043,105600,0.0,0.0
0.0,0.3832330628513887,0.3792819678783417,0.3792819678783417,19200,0.0,0.0
0.0,0.3713803468894733,0.36347863738118663,0.3674297332763672,140800,0.0,0.0
0.0,0.3674296362257693,0.3634785413742066,0.36347854137420654,80000,0.0,0.0
0.0,0.3674297332763672,0.36347863738118663,0.3674297332763672,22400,0.0,0.0
0.0,0.37138018012046814,0.37138018012046814,0.37138018012046814,48000,0.0,0.0
0.0,0.37533137202262873,0.37335558330650087,0.3753313720226288,108800,0.0,0.0
0.0,0.37533137202262873,0.37335558330650087,0.3753313720226288,179200,0.0,0.0
0.0,0.37138018012046814,0.37138018012046814,0.37138018012046814,22400,0.0,0.0
0.0,0.37533137202262873,0.3694049704382123,0.3753313720226288,227200,0.0,0.0
0.0,0.37138018012046814,0.37138018012046814,0.37138018012046814,44800,0.0,0.0
0.37138018012046814,0.37138018012046814,0.37138018012046814,0.37138018012046814,0,0.0,0.0
0.0,0.3852085265375149,0.3753315084935168,0.3832332193851471,108800,0.0,0.0
0.0,0.38718369603157043,0.3832330831314257,0.38718369603157043,108800,0.0,0.0
0.0,0.3950852905886792,0.38520827889442444,0.38520827889442444,112000,0.0,0.0
0.0,0.3832331861337117,0.37335568666458135,0.3733556866645813,163200,0.0,0.0
0.0,0.37730667845677307,0.37335558330650087,0.3753313720226288,179200,0.0,0.0
0.0,0.3832330628513887,0.3792819678783417,0.3792819678783417,22400,0.0,0.0
0.0,0.37730667845677307,0.37533137202262873,0.3753313720226288,28800,0.0,0.0
0.0,0.3792819678783417,0.3753313551872566,0.3792819678783417,102400,0.0,0.0
0.0,0.39113450050354004,0.37730640106677377,0.39113450050354004,627200,0.0,0.0
0.0,0.38915881514549255,0.38915881514549255,0.38915881514549255,3200,0.0,0.0
0.0,0.393109984706198,0.38520827889442444,0.38520827889442444,137600,0.0,0.0
0.0,0.38915881514549255,0.38323289864793697,0.38915881514549255,35200,0.0,0.0
0.0,0.393109984706198,0.38520827889442444,0.38520827889442444,48000,0.0,0.0
0.0,0.39113450050354004,0.38718340825805153,0.39113450050354004,38400,0.0,0.0
0.0,0.39508557319641113,0.38915916902791653,0.39508557319641113,44800,0.0,0.0
0.0,0.4108887314796448,0.3950853187304277,0.4108887314796448,147200,0.0,0.0
0.0,0.41088889159408265,0.4029871821403503,0.40298718214035034,227200,0.0,0.0
0.0,0.40496259195577294,0.39508557319641113,0.39508557319641113,265600,0.0,0.0
0.0,0.39113450050354004,0.38718340825805153,0.39113450050354004,400000,0.0,0.0
0.0,0.39508557319641113,0.3911349586055439,0.39508557319641113,16000,0.0,0.0
0.0,0.40693827800825205,0.4029871821403503,0.40298718214035034,390400,0.0,0.0
0.0,0.4148399531841278,0.4069382443833066,0.4148399531841278,320000,0.0,0.0
0.0,0.4168152440083934,0.410888842061996,0.41286414861679077,22400,0.0,0.0
0.0,0.4128639083810244,0.3990362882614136,0.3990362882614136,96000,0.0,0.0
0.0,0.39903620271288803,0.39113450050354004,0.39113450050354004,28800,0.0,0.0
0.0,0.3970604154493293,0.39113450050354004,0.39113450050354004,54400,0.0,0.0
0.0,0.3990362882614136,0.3950851951688588,0.3990362882614136,211200,0.0,0.0
0.0,0.4029871121961243,0.38718369603157043,0.38718369603157043,121600,0.0,0.0
0.0,0.39113460292643304,0.3871835096463074,0.38915881514549255,44800,0.0,0.0
0.0,0.3891590024816428,0.38520838958149806,0.38718369603157043,265600,0.0,0.0
0.0,0.3852085265375149,0.37928212279825246,0.3832332193851471,1030400,0.0,0.0
0.0,0.38520836919693124,0.3792819678783417,0.3792819678783417,38400,0.0,0.0
0.0,0.38125723600387573,0.3792819298563523,0.38125723600387573,140800,0.0,0.0
0.0,0.3832330628513887,0.3792819678783417,0.3792819678783417,966400,0.0,0.0
0.0,0.3792819678783417,0.3792819678783417,0.3792819678783417,6400,0.0,0.0
0.0,0.3792819678783417,0.3792819678783417,0.3792819678783417,60800,0.0,0.0
0.0,0.3792818860804781,0.37138018012046814,0.37138018012046814,83200,0.0,0.0
0.0,0.37138018012046814,0.37138018012046814,0.37138018012046814,73600,0.0,0.0
0.0,0.3674296362257693,0.3634785413742066,0.36347854137420654,38400,0.0,0.0
0.0,0.3674296362257693,0.3634785413742066,0.36347854137420654,38400,0.0,0.0
0.0,0.3694050908088684,0.3654539943711314,0.3694050908088684,99200,0.0,0.0
0.0,0.37138018012046814,0.36940487420093016,0.37138018012046814,166400,0.0,0.0
0.0,0.37335570496446474,0.3694050908088684,0.3694050908088684,22400,0.0,0.0
0.0,0.37533144278465386,0.3674297332763672,0.3674297332763672,60800,0.0,0.0
0.0,0.3674297332763672,0.3674297332763672,0.3674297332763672,6400,0.0,0.0
0.0,0.37335568666458135,0.36742976572164354,0.3733556866645813,83200,0.0,0.0
0.0,0.3753314759276776,0.37138037968360205,0.3733556866645813,534400,0.0,0.0
0.0,0.37335565369602636,0.36347863738118663,0.3674297332763672,80000,0.0,0.0
0.0,0.3615032732486725,0.3595279667553568,0.3615032732486725,28800,0.0,0.0
0.0,0.36742967501061746,0.3615032732486725,0.3615032732486725,252800,0.0,0.0
0.0,0.3634785413742066,0.35952792880459095,0.36347854137420654,67200,0.0,0.0
0.0,0.36347857974198816,0.3595279667553568,0.3615032732486725,134400,0.0,0.0
0.0,0.3634787390505686,0.359528124332428,0.359528124332428,32000,0.0,0.0
0.0,0.3615034316914983,0.359528124332428,0.359528124332428,32000,0.0,0.0
0.0,0.3555768430233002,0.3516262303529099,0.35557684302330017,70400,0.0,0.0
0.0,0.3674297332763672,0.3595280237680805,0.3674297332763672,137600,0.0,0.0
0.0,0.37730658054351807,0.3713801804970369,0.37730658054351807,128000,0.0,0.0
0.0,0.38520827889442444,0.3753312672001697,0.38520827889442444,832000,0.0,0.0
0.0,0.3832332193851471,0.3753315084935168,0.3832332193851471,256000,0.0,0.0
0.0,0.3832329805899992,0.37335548641857785,0.37730658054351807,185600,0.0,0.0
0.0,0.37928198489091736,0.37533137202262873,0.3753313720226288,105600,0.0,0.0
0.0,0.37730658054351807,0.37335548641857785,0.37730658054351807,28800,0.0,0.0
0.0,0.37928198489091736,0.37533137202262873,0.3753313720226288,102400,0.0,0.0
0.0,0.3792819678783417,0.3733555665597521,0.3792819678783417,92800,0.0,0.0
0.0,0.3792819678783417,0.3773066615327991,0.3792819678783417,102400,0.0,0.0
0.0,0.38520838647533384,0.37533137202262873,0.3753313720226288,294400,0.0,0.0
0.0,0.38520827889442444,0.3753312672001697,0.38520827889442444,105600,0.0,0.0
0.0,0.39310980548546975,0.38718340825805153,0.39113450050354004,150400,0.0,0.0
0.0,0.39508557319641113,0.39311026590097753,0.39508557319641113,179200,0.0,0.0
0.0,0.3950851104673995,0.39113450050354004,0.39113450050354004,41600,0.0,0.0
0.0,0.3990362882614136,0.3891587966708928,0.3990362882614136,156800,0.0,0.0
0.0,0.39903620271288803,0.39113450050354004,0.39113450050354004,41600,0.0,0.0
0.0,0.39508557319641113,0.3911349586055439,0.39508557319641113,83200,0.0,0.0
0.0,0.393110097663775,0.38718369603157043,0.38718369603157043,230400,0.0,0.0
0.0,0.39508557319641113,0.3911349586055439,0.39508557319641113,70400,0.0,0.0
0.0,0.39508557319641113,0.3832332471416157,0.39508557319641113,544000,0.0,0.0
0.0,0.3950854041138474,0.3832330831314257,0.38718369603157043,256000,0.0,0.0
0.0,0.39310973882675176,0.3852080379572771,0.3931097388267517,361600,0.0,0.0
0.0,0.39310990842561827,0.38915881514549255,0.38915881514549255,32000,0.0,0.0
0.0,0.39508557319641113,0.3871838617324829,0.39508557319641113,252800,0.0,0.0
0.0,0.41286414861679077,0.3990365204512141,0.41286414861679077,64000,0.0,0.0
0.0,0.41879056644352275,0.41088885764270155,0.4148399531841278,131200,0.0,0.0
0.0,0.41681519150733953,0.41088879030741754,0.4168151915073395,105600,0.0,0.0
0.0,0.4187905490398407,0.4108888405673909,0.4187905490398407,112000,0.0,0.0
0.0,0.42471680840801823,0.4187904084723807,0.42274150252342224,147200,0.0,0.0
0.0,0.4247171878814697,0.4227418802319891,0.4247171878814697,140800,0.0,0.0
0.0,0.426692247390747,0.426692247390747,0.42669224739074707,137600,0.0,0.0
0.0,0.42669211429261433,0.4227415025234222,0.42274150252342224,76800,0.0,0.0
0.0,0.426692247390747,0.42274163438924,0.42669224739074707,48000,0.0,0.0
0.0,0.4247168520174654,0.42076575756073,0.42076575756073,28800,0.0,0.0
0.0,0.4247171878814697,0.4227418802319891,0.4247171878814697,54400,0.0,0.0
0.0,0.42471680840801823,0.4227415025234222,0.42274150252342224,41600,0.0,0.0
0.0,0.42471680840801823,0.4227415025234222,0.42274150252342224,38400,0.0,0.0
0.0,0.4247171878814697,0.4227418802319891,0.4247171878814697,108800,0.0,0.0
0.0,0.42669249553095034,0.4247171878814697,0.4247171878814697,140800,0.0,0.0
0.0,0.42471680840801823,0.4187904084723807,0.42274150252342224,19200,0.0,0.0
0.0,0.42471680840801823,0.42076571435697674,0.42274150252342224,265600,0.0,0.0
0.0,0.4227415025234222,0.42076571435697674,0.42274150252342224,76800,0.0,0.0
0.0,0.4247169509646809,0.4187905490398407,0.4187905490398407,134400,0.0,0.0
0.0,0.4168152598138253,0.41088885764270155,0.4148399531841278,153600,0.0,0.0
0.0,0.41088877791912315,0.4069381654262543,0.4069381654262543,182400,0.0,0.0
0.0,0.4069381654262543,0.4069381654262543,0.4069381654262543,12800,0.0,0.0
0.0,0.4148399531841278,0.4089135510130041,0.4148399531841278,57600,0.0,0.0
0.0,0.41879043785425335,0.4108887314796448,0.4108887314796448,243200,0.0,0.0
0.0,0.4148399531841278,0.4148399531841278,0.4148399531841278,67200,0.0,0.0
0.0,0.41879043785425335,0.4108887314796448,0.4108887314796448,201600,0.0,0.0
0.0,0.40693827800825205,0.401011875347435,0.40298718214035034,115200,0.0,0.0
0.0,0.4108887314796448,0.40298702510503626,0.4108887314796448,214400,0.0,0.0
0.0,0.42274164441707124,0.4187905490398407,0.4187905490398407,96000,0.0,0.0
0.0,0.42866780318043096,0.4227418802319891,0.4247171878814697,470400,0.0,0.0
0.0,0.43656921386718744,0.43064329502066984,0.4365692138671875,224000,0.0,0.0
0.0,0.43854520063231806,0.4326187968254089,0.43261879682540894,64000,0.0,0.0
0.0,0.436569148637755,0.42669213642070725,0.430643230676651,121600,0.0,0.0
0.0,0.4345938426507203,0.43064323067665095,0.430643230676651,35200,0.0,0.0
0.0,0.4247169509646809,0.4187905490398407,0.4187905490398407,188800,0.0,0.0
0.0,0.42076575756073,0.41879045147331173,0.42076575756073,150400,0.0,0.0
0.0,0.4187905490398407,0.41681524249223106,0.4187905490398407,25600,0.0,0.0
0.0,0.41879056644352275,0.4148399531841278,0.4148399531841278,51200,0.0,0.0
0.0,0.4168152440083934,0.41286414861679077,0.41286414861679077,208000,0.0,0.0
0.0,0.42076575756073,0.4168151453858935,0.42076575756073,64000,0.0,0.0
0.0,0.4227415025234222,0.4187904084723807,0.42274150252342224,396800,0.0,0.0
0.0,0.42669211429261433,0.4227415025234222,0.42274150252342224,147200,0.0,0.0
0.0,0.426692247390747,0.4247169408899935,0.42669224739074707,9600,0.0,0.0
0.0,0.43064323067665095,0.42669213642070725,0.430643230676651,185600,0.0,0.0
0.0,0.44052037596702576,0.4306433607663083,0.44052037596702576,179200,0.0,0.0
0.0,0.44052050780723295,0.4326187968254089,0.43261879682540894,35200,0.0,0.0
0.0,0.43064323067665095,0.4286674424077419,0.430643230676651,38400,0.0,0.0
0.0,0.4326187968254089,0.430643489650494,0.43261879682540894,19200,0.0,0.0
0.0,0.43261853666368566,0.43064323067665095,0.430643230676651,35200,0.0,0.0
0.0,0.42669249553095034,0.42076609030022816,0.4247171878814697,476800,0.0,0.0
0.0,0.426692247390747,0.426692247390747,0.42669224739074707,124800,0.0,0.0
0.0,0.4424955844879151,0.4345938776220595,0.44249558448791504,313600,0.0,0.0
0.0,0.46620071807812,0.45829901099205017,0.45829901099205017,371200,0.0,0.0
0.0,0.458298920881825,0.4523725211620331,0.4523725211620331,208000,0.0,0.0
0.0,0.45237259749975633,0.4424955844879151,0.44249558448791504,102400,0.0,0.0
0.0,0.44644667906179947,0.43854497219594385,0.44249558448791504,108800,0.0,0.0
0.0,0.43854500243130645,0.43656921386718744,0.4365692138671875,1123200,0.0,0.0
0.0,0.43656921386718744,0.4266922001743783,0.4365692138671875,201600,0.0,0.0
0.0,0.43261853666368566,0.4286674424077419,0.430643230676651,140800,0.0,0.0
0.0,0.43656941117523873,0.430643489650494,0.43261879682540894,57600,0.0,0.0
0.0,0.4326187968254089,0.430643489650494,0.43261879682540894,25600,0.0,0.0
0.0,0.44644677639007574,0.43656927894296316,0.4464467763900757,128000,0.0,0.0
0.0,0.46620083044262156,0.45237271913864324,0.46027442812919617,233600,0.0,0.0
0.0,0.4602746358654974,0.45237292330865514,0.45434871315956116,214400,0.0,0.0
0.0,0.45632361506917163,0.446446603724073,0.4523725211620331,70400,0.0,0.0
0.0,0.4503972913537707,0.43854497219594385,0.44249558448791504,140800,0.0,0.0
0.0,0.44447098913450467,0.4365692805175267,0.44052037596702576,121600,0.0,0.0
0.0,0.44447089063390066,0.43854497219594385,0.44249558448791504,438400,0.0,0.0
0.0,0.4424957145344127,0.4345940053462982,0.4345940053462982,60800,0.0,0.0
0.0,0.44052037596702576,0.4365692805175267,0.44052037596702576,137600,0.0,0.0
0.0,0.4424956639607747,0.426692247390747,0.42669224739074707,806400,0.0,0.0
0.0,0.4247170037086321,0.4029871821403503,0.40298718214035034,438400,0.0,0.0
0.0,0.41286419838699795,0.3990365685545197,0.40298718214035034,195200,0.0,0.0
0.0,0.4148399531841278,0.40298714884188036,0.4148399531841278,160000,0.0,0.0
0.0,0.4227415025234222,0.41681510258778465,0.42274150252342224,32000,0.0,0.0
0.0,0.42669211429261433,0.4187904084723807,0.42274150252342224,44800,0.0,0.0
0.0,0.41879043785425335,0.40496233112821756,0.4108887314796448,112000,0.0,0.0
0.0,0.41286419612761127,0.40693827578129477,0.40891358256340027,35200,0.0,0.0
0.0,0.41681513183107205,0.4089134254564635,0.4108887314796448,67200,0.0,0.0
0.0,0.4128640841655576,0.4069381654262543,0.4069381654262543,12800,0.0,0.0
0.0,0.42471680840801823,0.41286400853674315,0.42274150252342224,185600,0.0,0.0
0.0,0.426692247390747,0.4187905391057332,0.42669224739074707,230400,0.0,0.0
0.0,0.4227415025234222,0.4187904084723807,0.42274150252342224,51200,0.0,0.0
0.0,0.4405201451694263,0.4227414306663665,0.4385448396205902,396800,0.0,0.0
0.0,0.4444709122180939,0.44052029973427487,0.44447091221809387,259200,0.0,0.0
0.0,0.4503974407236536,0.44447103803835036,0.4484221339225769,214400,0.0,0.0
0.0,0.4503973895433061,0.44644677639007574,0.4464467763900757,57600,0.0,0.0
0.0,0.4503973132257591,0.4444709122180939,0.44447091221809387,70400,0.0,0.0
0.0,0.4543487131595611,0.44842230817136425,0.45434871315956116,409600,0.0,0.0
0.0,0.45829901099205017,0.4523726101070162,0.45829901099205017,89600,0.0,0.0
0.0,0.4622504257164034,0.4543487131595611,0.45434871315956116,134400,0.0,0.0
0.0,0.4543487131595611,0.4503976157400097,0.45434871315956116,35200,0.0,0.0
0.0,0.4503973895433061,0.44644677639007574,0.4464467763900757,48000,0.0,0.0
0.0,0.4444709122180939,0.44249560597618437,0.44447091221809387,214400,0.0,0.0
0.0,0.4424955844879151,0.44052027834192947,0.44249558448791504,9600,0.0,0.0
0.0,0.440520308713479,0.43656921386718744,0.4365692138671875,105600,0.0,0.0
0.0,0.440520308713479,0.43656921386718744,0.4365692138671875,28800,0.0,0.0
0.0,0.440520308713479,0.43656921386718744,0.4365692138671875,41600,0.0,0.0
0.0,0.4424955844879151,0.43656918376804504,0.44249558448791504,348800,0.0,0.0
0.0,0.43854483962059015,0.43854483962059015,0.4385448396205902,3200,0.0,0.0
0.0,0.44052037596702576,0.4365692805175267,0.44052037596702576,121600,0.0,0.0
0.0,0.4424955844879151,0.43656918376804504,0.44249558448791504,54400,0.0,0.0
0.0,0.4424957145344127,0.4345940053462982,0.4345940053462982,198400,0.0,0.0
0.0,0.43854510108138295,0.4345940053462982,0.4345940053462982,140800,0.0,0.0
0.0,0.43854520063231806,0.4326187968254089,0.43261879682540894,118400,0.0,0.0
0.0,0.436569148637755,0.4286674424077419,0.430643230676651,70400,0.0,0.0
0.0,0.4286675751209259,0.4286675751209259,0.4286675751209259,12800,0.0,0.0
0.0,0.43064323067665095,0.42669213642070725,0.430643230676651,6400,0.0,0.0
0.0,0.42669211429261433,0.4227415025234222,0.42274150252342224,70400,0.0,0.0
0.0,0.42471680840801823,0.4227415025234222,0.42274150252342224,35200,0.0,0.0
0.0,0.42669249553095034,0.4247171878814697,0.4247171878814697,12800,0.0,0.0
0.0,0.42669249553095034,0.4227418802319891,0.4247171878814697,249600,0.0,0.0
0.0,0.426692247390747,0.42274163438924,0.42669224739074707,35200,0.0,0.0
0.0,0.42669211429261433,0.4227415025234222,0.42274150252342224,35200,0.0,0.0
0.0,0.42669211429261433,0.4227415025234222,0.42274150252342224,28800,0.0,0.0
0.0,0.42669211429261433,0.4227415025234222,0.42274150252342224,137600,0.0,0.0
0.0,0.42669211429261433,0.4227415025234222,0.42274150252342224,64000,0.0,0.0
0.0,0.426692247390747,0.42274163438924,0.42669224739074707,35200,0.0,0.0
0.0,0.426692247390747,0.42274163438924,0.42669224739074707,102400,0.0,0.0
0.0,0.43064359311219186,0.4247171878814697,0.4247171878814697,121600,0.0,0.0
0.0,0.426692247390747,0.426692247390747,0.42669224739074707,57600,0.0,0.0
0.0,0.4286675538915005,0.426692247390747,0.42669224739074707,80000,0.0,0.0
0.0,0.4266922575122905,0.4187905490398407,0.4187905490398407,172800,0.0,0.0
0.0,0.42274153218249927,0.4108887314796448,0.4108887314796448,185600,0.0,0.0
0.0,0.41088877791912315,0.4069381654262543,0.4069381654262543,19200,0.0,0.0
0.0,0.41088877791912315,0.4029870706514477,0.4069381654262543,80000,0.0,0.0
0.0,0.41286414861679077,0.4069382289524064,0.41286414861679077,35200,0.0,0.0
0.0,0.4148399874619844,0.401011875347435,0.40298718214035034,185600,0.0,0.0
0.0,0.3990363072049291,0.3792818053678113,0.38915881514549255,332800,0.0,0.0
0.0,0.39706088049184474,0.3871838617324829,0.39508557319641113,451200,0.0,0.0
0.0,0.40693827800825205,0.3931101658937026,0.40298718214035034,598400,0.0,0.0
0.0,0.4029868126767475,0.39113450050354004,0.39113450050354004,467200,0.0,0.0
0.0,0.39113479121370265,0.38718369603157043,0.38718369603157043,134400,0.0,0.0
0.0,0.3950854041138474,0.38520838958149806,0.38718369603157043,105600,0.0,0.0
0.0,0.39508504347373363,0.3911344341797699,0.3931097388267517,19200,0.0,0.0
0.0,0.39706068955214846,0.3792819678783417,0.3792819678783417,288000,0.0,0.0
0.0,0.37533127424140206,0.37138018012046814,0.37138018012046814,67200,0.0,0.0
0.0,0.37533137202262873,0.37533137202262873,0.3753313720226288,9600,0.0,0.0
0.0,0.3832331861337117,0.37335568666458135,0.3733556866645813,86400,0.0,0.0
0.0,0.3792819678783417,0.3753313551872566,0.3792819678783417,41600,0.0,0.0
0.0,0.38125723600387573,0.38125723600387573,0.38125723600387573,28800,0.0,0.0
0.0,0.3812572742238842,0.3773066615327991,0.3792819678783417,67200,0.0,0.0
0.0,0.3792819678783417,0.3792819678783417,0.3792819678783417,16000,0.0,0.0
0.0,0.3812571923865999,0.37730658054351807,0.37730658054351807,451200,0.0,0.0
0.0,0.38520827889442444,0.37730657308265086,0.38520827889442444,147200,0.0,0.0
0.0,0.39508557319641113,0.3852085544370493,0.39508557319641113,326400,0.0,0.0
0.0,0.4010119773649058,0.39508557319641113,0.39508557319641113,44800,0.0,0.0
0.0,0.40101173520088196,0.39508533461123774,0.40101173520088196,73600,0.0,0.0
0.0,0.40298728466033934,0.39508557319641113,0.39508557319641113,240000,0.0,0.0
0.0,0.39508557319641113,0.3911349586055439,0.39508557319641113,361600,0.0,0.0
0.0,0.3871835847769056,0.38520827889442444,0.38520827889442444,16000,0.0,0.0
0.0,0.38323302443331275,0.38125723600387573,0.38125723600387573,80000,0.0,0.0
0.0,0.3832330628513887,0.3792819678783417,0.3792819678783417,150400,0.0,0.0
0.0,0.38520827889442444,0.38323297301194326,0.38520827889442444,9600,0.0,0.0
0.0,0.39508557319641113,0.38915916902791653,0.39508557319641113,19200,0.0,0.0
0.0,0.4029867443432083,0.3911344341797699,0.3931097388267517,268800,0.0,0.0
0.0,0.39113450050354004,0.39113450050354004,0.39113450050354004,83200,0.0,0.0
0.0,0.3950851104673995,0.39113450050354004,0.39113450050354004,246400,0.0,0.0
0.0,0.3990366700694722,0.39508557319641113,0.39508557319641113,124800,0.0,0.0
0.0,0.39508504347373363,0.39310973882675176,0.3931097388267517,48000,0.0,0.0
0.0,0.39508557319641113,0.39508557319641113,0.39508557319641113,89600,0.0,0.0
0.0,0.40101181740970765,0.39508541560513033,0.39706072211265564,150400,0.0,0.0
0.0,0.4010115936668248,0.39706050057427,0.3990362882614136,32000,0.0,0.0
0.0,0.4010115936668248,0.3990362882614136,0.3990362882614136,134400,0.0,0.0
0.0,0.39903620271288803,0.39113450050354004,0.39113450050354004,268800,0.0,0.0
0.0,0.39508557319641113,0.38915916902791653,0.39508557319641113,192000,0.0,0.0
0.0,0.39706088049184474,0.39508557319641113,0.39508557319641113,16000,0.0,0.0
0.0,0.3990362882614136,0.39310988976344763,0.3990362882614136,48000,0.0,0.0
0.0,0.4049622118473053,0.39706050780012986,0.4049622118473053,112000,0.0,0.0
0.0,0.4029871821403503,0.4029871821403503,0.40298718214035034,12800,0.0,0.0
0.0,0.4049622118473053,0.4029869064059467,0.4049622118473053,153600,0.0,0.0
0.0,0.4069381357905262,0.40101173520088196,0.40101173520088196,147200,0.0,0.0
0.0,0.40101173520088196,0.40101173520088196,0.40101173520088196,51200,0.0,0.0
0.0,0.3990366700694722,0.39508557319641113,0.39508557319641113,60800,0.0,0.0
0.0,0.4069381654262543,0.39903645815857886,0.4069381654262543,108800,0.0,0.0
0.0,0.4207658730732202,0.4089135510130041,0.4148399531841278,160000,0.0,0.0
0.0,0.41681513183107205,0.4108887314796448,0.4108887314796448,150400,0.0,0.0
0.0,0.41483987269392975,0.4069381654262543,0.4069381654262543,96000,0.0,0.0
0.0,0.40298728466033934,0.3911349586055439,0.39508557319641113,166400,0.0,0.0
0.0,0.40101173520088196,0.39508533461123774,0.40101173520088196,38400,0.0,0.0
0.40101173520088196,0.40101173520088196,0.40101173520088196,0.40101173520088196,0,0.0,0.0
0.0,0.4029871821403503,0.3970607794795332,0.40298718214035034,19200,0.0,0.0
0.0,0.3990366700694722,0.39311026590097753,0.39508557319641113,105600,0.0,0.0
0.0,0.39508557319641113,0.39508557319641113,0.39508557319641113,22400,0.0,0.0
0.0,0.39508557319641113,0.39508557319641113,0.39508557319641113,16000,0.0,0.0
0.0,0.4010115936668248,0.3950851951688588,0.3990362882614136,249600,0.0,0.0
0.0,0.4029871821403503,0.3931101658937026,0.40298718214035034,54400,0.0,0.0
0.0,0.4049624889332656,0.4029871821403503,0.40298718214035034,201600,0.0,0.0
0.0,0.4049624889332656,0.4029871821403503,0.40298718214035034,64000,0.0,0.0
0.0,0.4108887314796448,0.4069381194332821,0.4108887314796448,32000,0.0,0.0
0.0,0.41088861045312214,0.4049622118473053,0.4049622118473053,96000,0.0,0.0
0.0,0.4049622118473053,0.4029869064059467,0.4049622118473053,48000,0.0,0.0
0.0,0.406937999570405,0.39903629552322956,0.4049622118473053,492800,0.0,0.0
0.0,0.40891358480116735,0.4029871821403503,0.40298718214035034,86400,0.0,0.0
0.0,0.4168152919738908,0.40496248671712076,0.40891358256340027,108800,0.0,0.0
0.0,0.4128639083810244,0.39706050057427,0.3990362882614136,2457600,0.0,0.0
0.0,0.3990366700694722,0.39508557319641113,0.39508557319641113,137600,0.0,0.0
0.0,0.39508504347373363,0.39310973882675176,0.3931097388267517,153600,0.0,0.0
0.0,0.4029871821403503,0.3950854726866179,0.40298718214035034,185600,0.0,0.0
0.0,0.402986899072236,0.3990362882614136,0.3990362882614136,409600,0.0,0.0
0.0,0.40101173520088196,0.3990364290983014,0.40101173520088196,153600,0.0,0.0
0.0,0.4148399374535986,0.4069382289524064,0.41286414861679077,80000,0.0,0.0
0.0,0.4168152598138253,0.412864164272399,0.4148399531841278,44800,0.0,0.0
0.0,0.4227415025234222,0.4187904084723807,0.42274150252342224,35200,0.0,0.0
0.0,0.4187905505631882,0.41286414861679077,0.41286414861679077,166400,0.0,0.0
0.0,0.41088888934550577,0.40693827578129477,0.40891358256340027,76800,0.0,0.0
0.0,0.4168152440083934,0.40496244011559857,0.41286414861679077,473600,0.0,0.0
0.0,0.40891358256340027,0.40891358256340027,0.40891358256340027,9600,0.0,0.0
0.0,0.4089134716726887,0.4069381654262543,0.4069381654262543,32000,0.0,0.0
0.0,0.40693827800825205,0.4029871821403503,0.40298718214035034,380800,0.0,0.0
0.0,0.4069381654262543,0.39903645815857886,0.4069381654262543,188800,0.0,0.0
0.0,0.4089133050117636,0.4049622118473053,0.4049622118473053,32000,0.0,0.0
0.0,0.4029871821403503,0.4029871821403503,0.40298718214035034,60800,0.0,0.0
0.0,0.40101181740970765,0.3970607221126556,0.39706072211265564,80000,0.0,0.0
0.0,0.3950851104673995,0.39113450050354004,0.39113450050354004,553600,0.0,0.0
0.0,0.39508557319641113,0.3911349586055439,0.39508557319641113,211200,0.0,0.0
0.0,0.4010115936668248,0.3990362882614136,0.3990362882614136,80000,0.0,0.0
0.0,0.39508504347373363,0.39310973882675176,0.3931097388267517,51200,0.0,0.0
0.0,0.39508557319641113,0.3871838617324829,0.39508557319641113,316800,0.0,0.0
0.0,0.39310973882675176,0.3891586472512408,0.3931097388267517,28800,0.0,0.0
0.0,0.39113467882371683,0.37928187896513205,0.38520827889442444,176000,0.0,0.0
0.0,0.38520836919693124,0.3792819678783417,0.3792819678783417,377600,0.0,0.0
0.0,0.3832332193851471,0.3753315084935168,0.3832332193851471,54400,0.0,0.0
0.0,0.38520827889442444,0.38125718484761323,0.38520827889442444,198400,0.0,0.0
0.0,0.38520827889442444,0.38125718484761323,0.38520827889442444,160000,0.0,0.0
0.0,0.379281886465059,0.37335548641857785,0.37730658054351807,310400,0.0,0.0
0.0,0.38718369603157043,0.38125729439936584,0.38718369603157043,188800,0.0,0.0
0.0,0.3871836755424738,0.3792819678783417,0.3792819678783417,182400,0.0,0.0
0.0,0.3753314943244036,0.36742978373107027,0.3694050908088684,156800,0.0,0.0
0.0,0.3733554860400062,0.36940487420093016,0.37138018012046814,32000,0.0,0.0
0.0,0.37138028799724876,0.3615032732486725,0.3615032732486725,160000,0.0,0.0
0.0,0.3555769744244489,0.32792122866583834,0.34767526388168335,224000,0.0,0.0
0.0,0.35755214935849533,0.3516262303529099,0.35557684302330017,137600,0.0,0.0
0.0,0.35952807083690047,0.3476752638816834,0.34767526388168335,38400,0.0,0.0
0.0,0.35360139608383184,0.35162609053408717,0.3536013960838318,12800,0.0,0.0
0.0,0.35360139608383184,0.35360139608383184,0.3536013960838318,57600,0.0,0.0
0.0,0.3496505709468404,0.3437246497513694,0.34767526388168335,137600,0.0,0.0
0.0,0.3456996977329254,0.3456996977329254,0.3456996977329254,160000,0.0,0.0
0.0,0.35162621736526484,0.3417487214902049,0.3516262173652649,160000,0.0,0.0
0.0,0.351626096769012,0.34174860428160897,0.3456996977329254,38400,0.0,0.0
0.0,0.34372445940971375,0.34174867115653623,0.34372445940971375,137600,0.0,0.0
0.0,0.3476752638816834,0.3417488604040748,0.34767526388168335,176000,0.0,0.0
0.0,0.34767507135232767,0.34372445940971375,0.34372445940971375,28800,0.0,0.0
0.0,0.3397734431416114,0.32397002718153645,0.3279211223125458,220800,0.0,0.0
0.0,0.3279211223125458,0.3279211223125458,0.3279211223125458,16000,0.0,0.0
0.0,0.3298964287370598,0.3259453336060505,0.3279211223125458,35200,0.0,0.0
0.0,0.3397732223287893,0.3318715194839338,0.33582261204719543,144000,0.0,0.0
0.0,0.3456996977329254,0.33977329869683887,0.3456996977329254,19200,0.0,0.0
0.0,0.35162621736526484,0.3417487214902049,0.3516262173652649,96000,0.0,0.0
0.0,0.353601417005999,0.3476750177243396,0.3496503233909607,307200,0.0,0.0
0.0,0.3496503089024657,0.3437243921481553,0.3456996977329254,1817600,0.0,0.0
0.0,0.345699990053279,0.34174889326095576,0.3417488932609558,44800,0.0,0.0
0.0,0.34372445940971375,0.34174867115653623,0.34372445940971375,368000,0.0,0.0
0.0,0.3397732223287893,0.33582261204719543,0.33582261204719543,92800,0.0,0.0
0.0,0.3555768430233002,0.3397734277778202,0.35557684302330017,140800,0.0,0.0
0.0,0.3615032358106018,0.35755214095115656,0.3575521409511566,60800,0.0,0.0
0.0,0.35360139608383184,0.3476749971528303,0.3536013960838318,44800,0.0,0.0
0.0,0.36150312195427947,0.3476750177243396,0.3496503233909607,147200,0.0,0.0
0.0,0.3456997653810207,0.34372445940971375,0.34372445940971375,12800,0.0,0.0
0.0,0.3397734867674964,0.32594537545644797,0.33187177777290344,1318400,0.0,0.0
0.0,0.33187177777290344,0.33187177777290344,0.33187177777290344,32000,0.0,0.0
0.0,0.33187175659480966,0.32792114349063956,0.3298964500427246,387200,0.0,0.0
0.0,0.33582261204719543,0.32792090920233985,0.33582261204719543,144000,0.0,0.0
0.0,0.343724314892051,0.33582261204719543,0.33582261204719543,1801600,0.0,0.0
0.0,0.3338471169151504,0.3259454071521759,0.3259454071521759,304000,0.0,0.0
0.0,0.3358228346304543,0.3318717394484081,0.3338470458984375,25600,0.0,0.0
0.0,0.34372445940971375,0.3358227532426154,0.34372445940971375,1580800,0.0,0.0
0.0,0.33582283029258325,0.3279211223125458,0.3279211223125458,54400,0.0,0.0
0.0,0.33187181004492927,0.3259454071521759,0.3259454071521759,22400,0.0,0.0
0.0,0.32792113217943303,0.3200194239616394,0.3200194239616394,124800,0.0,0.0
0.0,0.33977335691452026,0.32396994496500764,0.33977335691452026,147200,0.0,0.0
0.0,0.3358228346304543,0.32989643299837873,0.3338470458984375,32000,0.0,0.0
0.0,0.3358228346304543,0.3318717394484081,0.3338470458984375,57600,0.0,0.0
0.0,0.3358228346304543,0.3318717394484081,0.3338470458984375,172800,0.0,0.0
0.0,0.34372445940971375,0.3358227532426154,0.34372445940971375,121600,0.0,0.0
0.0,0.3456996977329254,0.3437243921481553,0.3456996977329254,38400,0.0,0.0
0.0,0.35162636029413497,0.3476752638816834,0.34767526388168335,19200,0.0,0.0
0.0,0.35162636029413497,0.34569995681652643,0.34767526388168335,48000,0.0,0.0
0.0,0.35360166735929194,0.3476752638816834,0.34767526388168335,41600,0.0,0.0
0.0,0.3496503233909607,0.34372440639109747,0.3496503233909607,99200,0.0,0.0
0.0,0.3456997653810207,0.34372445940971375,0.34372445940971375,76800,0.0,0.0
0.0,0.35162636029413497,0.34569995681652643,0.34767526388168335,876800,0.0,0.0
0.0,0.3496503233909607,0.3476750177243396,0.3496503233909607,99200,0.0,0.0
0.0,0.3496505709468404,0.3476752638816834,0.34767526388168335,198400,0.0,0.0
0.0,0.3476752638816834,0.3476752638816834,0.34767526388168335,22400,0.0,0.0
0.0,0.3476752638816834,0.3476752638816834,0.34767526388168335,38400,0.0,0.0
0.0,0.359528124332428,0.35162641261393734,0.359528124332428,25600,0.0,0.0
0.0,0.3634785413742066,0.357552140237836,0.36347854137420654,76800,0.0,0.0
0.0,0.3634785413742066,0.357552140237836,0.36347854137420654,384000,0.0,0.0
0.0,0.3615032443108451,0.3555768430233002,0.35557684302330017,963200,0.0,0.0
0.0,0.3595279379756499,0.3555768430233002,0.35557684302330017,48000,0.0,0.0
0.0,0.3555768430233002,0.3555768430233002,0.35557684302330017,86400,0.0,0.0
0.0,0.3615032358106018,0.35557683466240797,0.3575521409511566,67200,0.0,0.0
0.0,0.3595279379756499,0.3555768430233002,0.35557684302330017,1574400,0.0,0.0
0.0,0.3674297332763672,0.35557692787289996,0.3674297332763672,131200,0.0,0.0
0.0,0.3694049641878042,0.3634785627036637,0.3654538691043854,64000,0.0,0.0
0.0,0.3713802705885259,0.3654538691043854,0.3654538691043854,108800,0.0,0.0
0.0,0.3674296362257693,0.3634785413742066,0.36347854137420654,150400,0.0,0.0
0.0,0.371380248795385,0.3634785413742066,0.36347854137420654,83200,0.0,0.0
0.0,0.36742967501061746,0.3615032732486725,0.3615032732486725,32000,0.0,0.0
0.0,0.35755214095115656,0.35755214095115656,0.3575521409511566,32000,0.0,0.0
0.0,0.3634785413742066,0.357552140237836,0.36347854137420654,480000,0.0,0.0
0.0,0.3753314759276776,0.3694050727026228,0.3733556866645813,73600,0.0,0.0
0.0,0.37533127424140206,0.3674295682813921,0.37138018012046814,70400,0.0,0.0
0.0,0.3654538691043854,0.3654538691043854,0.3654538691043854,32000,0.0,0.0
0.0,0.37533137202262873,0.3694049704382123,0.3753313720226288,131200,0.0,0.0
0.0,0.37533127424140206,0.36940487420093016,0.37138018012046814,134400,0.0,0.0
0.0,0.3694050908088684,0.36347868729333327,0.3694050908088684,678400,0.0,0.0
0.0,0.37533144278465386,0.36347863738118663,0.3674297332763672,131200,0.0,0.0
0.0,0.3713803978866666,0.36742978373107027,0.3694050908088684,105600,0.0,0.0
0.0,0.3674297332763672,0.36347863738118663,0.3674297332763672,16000,0.0,0.0
0.0,0.3654538691043854,0.35952794990222026,0.3654538691043854,102400,0.0,0.0
0.0,0.359528124332428,0.359528124332428,0.359528124332428,38400,0.0,0.0
0.0,0.3654538691043854,0.35952794990222026,0.3654538691043854,166400,0.0,0.0
0.0,0.3654538691043854,0.36150325630294194,0.3654538691043854,51200,0.0,0.0
0.0,0.3654538691043854,0.36150325630294194,0.3654538691043854,73600,0.0,0.0
0.0,0.3615034316914983,0.359528124332428,0.359528124332428,16000,0.0,0.0
0.0,0.3654538862353038,0.3595279667553568,0.3615032732486725,70400,0.0,0.0
0.0,0.3654538862353038,0.3615032732486725,0.3615032732486725,76800,0.0,0.0
0.0,0.3634785413742066,0.3555768339530282,0.36347854137420654,192000,0.0,0.0
0.0,0.37335570496446474,0.36347868729333327,0.3694050908088684,176000,0.0,0.0
0.0,0.37928198489091736,0.3713802768723566,0.3753313720226288,67200,0.0,0.0
0.0,0.37335568666458135,0.37138037968360205,0.3733556866645813,272000,0.0,0.0
0.0,0.39113450050354004,0.37730640106677377,0.39113450050354004,131200,0.0,0.0
0.0,0.39508557319641113,0.3911349586055439,0.39508557319641113,73600,0.0,0.0
0.0,0.39508557319641113,0.39508557319641113,0.39508557319641113,57600,0.0,0.0
0.0,0.4049622044776472,0.39706050057427,0.3990362882614136,54400,0.0,0.0
0.0,0.4069381654262543,0.39903645815857886,0.4069381654262543,38400,0.0,0.0
0.0,0.41088861045312214,0.4049622118473053,0.4049622118473053,60800,0.0,0.0
0.0,0.4089134716726887,0.39903645815857886,0.4069381654262543,70400,0.0,0.0
0.0,0.40891358256340027,0.40496248671712076,0.40891358256340027,89600,0.0,0.0
0.0,0.42274154593004715,0.40891343875432157,0.42076575756073,51200,0.0,0.0
0.0,0.41879049781332944,0.41681519150733953,0.4168151915073395,35200,0.0,0.0
0.0,0.42076575756073,0.4168151453858935,0.42076575756073,22400,0.0,0.0
0.0,0.41879049781332944,0.4148398852013496,0.4168151915073395,44800,0.0,0.0
0.0,0.42076585558745033,0.41483993594462143,0.4187905490398407,80000,0.0,0.0
0.0,0.41879056644352275,0.4148399531841278,0.4148399531841278,1030400,0.0,0.0
0.0,0.42274164441707124,0.4128641471150005,0.4187905490398407,73600,0.0,0.0
0.0,0.4286675751209259,0.42274165532518887,0.4286675751209259,96000,0.0,0.0
0.0,0.4345938426507203,0.42669213642070725,0.430643230676651,38400,0.0,0.0
0.0,0.4503973895433061,0.43064335921311764,0.4464467763900757,153600,0.0,0.0
0.0,0.44249545071826235,0.43854483962059015,0.4385448396205902,51200,0.0,0.0
0.0,0.4405201451694263,0.43459374624115055,0.4385448396205902,112000,0.0,0.0
0.0,0.4345938426507203,0.43064323067665095,0.430643230676651,54400,0.0,0.0
0.0,0.43854510108138295,0.4345940053462982,0.4345940053462982,140800,0.0,0.0
0.0,0.43854483962059015,0.43459374624115055,0.4385448396205902,83200,0.0,0.0
0.0,0.43459410400032383,0.42669239301849976,0.43261879682540894,1904000,0.0,0.0
0.0,0.43261864917500736,0.426692247390747,0.42669224739074707,144000,0.0,0.0
0.0,0.43064323067665095,0.42669213642070725,0.430643230676651,176000,0.0,0.0
0.0,0.426692247390747,0.426692247390747,0.42669224739074707,19200,0.0,0.0
0.0,0.4247168520174654,0.41879045147331173,0.42076575756073,243200,0.0,0.0
0.0,0.42076575756073,0.42076575756073,0.42076575756073,9600,0.0,0.0
0.0,0.42076575756073,0.42076575756073,0.42076575756073,6400,0.0,0.0
0.0,0.42076585558745033,0.4187905490398407,0.4187905490398407,22400,0.0,0.0
0.0,0.4148399531841278,0.4069382443833066,0.4148399531841278,105600,0.0,0.0
0.0,0.4247171878814697,0.4148401673517863,0.4247171878814697,380800,0.0,0.0
0.0,0.42669249553095034,0.42076609030022816,0.4247171878814697,89600,0.0,0.0
0.0,0.43261853666368566,0.42669213642070725,0.430643230676651,32000,0.0,0.0
0.0,0.4266922575122905,0.4187905490398407,0.4187905490398407,105600,0.0,0.0
0.0,0.4247171878814697,0.4247171878814697,0.4247171878814697,32000,0.0,0.0
0.4247171878814697,0.4247171878814697,0.4247171878814697,0.4247171878814697,0,0.0,0.0
0.0,0.4326187968254089,0.4227417786686699,0.43261879682540894,51200,0.0,0.0
0.0,0.43656921386718744,0.43064329502066984,0.4365692138671875,19200,0.0,0.0
0.0,0.43854500243130645,0.43656921386718744,0.4365692138671875,12800,0.0,0.0
0.0,0.44052037596702576,0.43854506938328625,0.44052037596702576,48000,0.0,0.0
0.0,0.4523725211620331,0.43656911009714255,0.4523725211620331,281600,0.0,0.0
0.0,0.45632380247116083,0.4484220936936604,0.4563238024711609,60800,0.0,0.0
0.0,0.46225002408027654,0.45434831838900547,0.4622500240802765,108800,0.0,0.0
0.0,0.46225020462479366,0.45632380247116083,0.4563238024711609,25600,0.0,0.0
0.0,0.4543482485748138,0.43854483962059015,0.4385448396205902,502400,0.0,0.0
0.0,0.43459395567576087,0.426692247390747,0.42669224739074707,19200,0.0,0.0
0.0,0.4326186706001076,0.4266922685223469,0.4286675751209259,204800,0.0,0.0
0.0,0.4286675538915005,0.4247169408899935,0.42669224739074707,140800,0.0,0.0
0.0,0.42669211429261433,0.4227415025234222,0.42274150252342224,198400,0.0,0.0
0.0,0.426692247390747,0.426692247390747,0.42669224739074707,3200,0.0,0.0
0.0,0.42669249553095034,0.4247171878814697,0.4247171878814697,28800,0.0,0.0
0.0,0.43064323067665095,0.42669213642070725,0.430643230676651,214400,0.0,0.0
0.0,0.43854483962059015,0.43459374624115055,0.4385448396205902,19200,0.0,0.0
0.0,0.4424957145344127,0.4345940053462982,0.4345940053462982,41600,0.0,0.0
0.0,0.4345938426507203,0.43064323067665095,0.430643230676651,16000,0.0,0.0
0.0,0.43459397719868664,0.4266922685223469,0.4286675751209259,195200,0.0,0.0
0.0,0.44052040780789786,0.43261869861978336,0.4345940053462982,48000,0.0,0.0
0.0,0.43854483962059015,0.43064313514347835,0.4385448396205902,41600,0.0,0.0
0.0,0.4345940053462982,0.4345940053462982,0.4345940053462982,3200,0.0,0.0
0.0,0.4424955844879151,0.43064326533008823,0.44249558448791504,73600,0.0,0.0
0.0,0.44644677639007574,0.44249568095482705,0.4464467763900757,41600,0.0,0.0
0.0,0.4424956858750264,0.4266922685223469,0.4286675751209259,198400,0.0,0.0
0.0,0.4326187968254089,0.4326187968254089,0.43261879682540894,3200,0.0,0.0
0.0,0.43064323067665095,0.42471683043367253,0.430643230676651,105600,0.0,0.0
0.0,0.4345938426507203,0.43064323067665095,0.430643230676651,211200,0.0,0.0
0.0,0.43261853666368566,0.43064323067665095,0.430643230676651,227200,0.0,0.0
0.0,0.4345940053462982,0.4345940053462982,0.4345940053462982,32000,0.0,0.0
0.0,0.4503973895433061,0.43459397236634795,0.4464467763900757,512000,0.0,0.0
0.0,0.45237259749975633,0.4424955844879151,0.44249558448791504,246400,0.0,0.0
0.0,0.43854483962059015,0.4365690517899867,0.4385448396205902,38400,0.0,0.0
0.0,0.436569148637755,0.43064323067665095,0.430643230676651,73600,0.0,0.0
0.0,0.42669249553095034,0.4247171878814697,0.4247171878814697,51200,0.0,0.0
0.0,0.4227415025234222,0.4227415025234222,0.42274150252342224,236800,0.0,0.0
0.0,0.426692247390747,0.42274163438924,0.42669224739074707,19200,0.0,0.0
0.0,0.43459395567576087,0.426692247390747,0.42669224739074707,51200,0.0,0.0
0.0,0.43064320834365577,0.4227415025234222,0.42274150252342224,67200,0.0,0.0
0.0,0.43064323067665095,0.4227415244466379,0.430643230676651,310400,0.0,0.0
0.0,0.43064320834365577,0.4227415025234222,0.42274150252342224,153600,0.0,0.0
0.0,0.426692247390747,0.426692247390747,0.42669224739074707,54400,0.0,0.0
0.0,0.4345940053462982,0.42866760288469863,0.4345940053462982,70400,0.0,0.0
0.0,0.4345940053462982,0.42866760288469863,0.4345940053462982,76800,0.0,0.0
0.0,0.4345938426507203,0.43064323067665095,0.430643230676651,124800,0.0,0.0
0.0,0.4345938426507203,0.4286674424077419,0.430643230676651,67200,0.0,0.0
0.0,0.42669249553095034,0.4247171878814697,0.4247171878814697,412800,0.0,0.0
0.0,0.4523727475247303,0.42669231226451393,0.4484221339225769,272000,0.0,0.0
0.0,0.4523725211620331,0.44447081562958785,0.4523725211620331,236800,0.0,0.0
0.0,0.45632372353475226,0.43656921386718744,0.4365692138671875,550400,0.0,0.0
0.0,0.4326189007616725,0.4247171878814697,0.4247171878814697,118400,0.0,0.0
0.0,0.4345940053462982,0.4247169894316688,0.4345940053462982,710400,0.0,0.0
0.0,0.4266922575122905,0.4187905490398407,0.4187905490398407,1596800,0.0,0.0
0.0,0.42274154593004715,0.41879045147331173,0.42076575756073,230400,0.0,0.0
0.0,0.4207658730732202,0.4148399531841278,0.4148399531841278,70400,0.0,0.0
0.0,0.41088877791912315,0.4069381654262543,0.4069381654262543,57600,0.0,0.0
0.0,0.41681513183107205,0.4108887314796448,0.4108887314796448,102400,0.0,0.0
0.0,0.4207658041193193,0.41088879030741754,0.4168151915073395,54400,0.0,0.0
0.0,0.4227415025234222,0.4108887026521471,0.42274150252342224,124800,0.0,0.0
0.0,0.4207657438774347,0.4108887314796448,0.4108887314796448,214400,0.0,0.0
0.0,0.4187905490398407,0.4187905490398407,0.4187905490398407,137600,0.0,0.0
0.0,0.41483987269392975,0.4069381654262543,0.4069381654262543,19200,0.0,0.0
0.0,0.40298704130346247,0.40101173520088196,0.40101173520088196,121600,0.0,0.0
0.0,0.40101173520088196,0.3990364290983014,0.40101173520088196,70400,0.0,0.0
0.0,0.3990362882614136,0.3990362882614136,0.3990362882614136,6400,0.0,0.0
0.0,0.4029871821403503,0.3990365685545197,0.40298718214035034,281600,0.0,0.0
0.0,0.4029871821403503,0.3950854726866179,0.40298718214035034,342400,0.0,0.0
0.0,0.4010115936668248,0.3990362882614136,0.3990362882614136,230400,0.0,0.0
0.0,0.3990366700694722,0.39508557319641113,0.39508557319641113,2816000,0.0,0.0
0.0,0.3990362882614136,0.3871834912654816,0.3990362882614136,1280000,0.0,0.0
0.0,0.39903620271288803,0.3891587132399813,0.39113450050354004,2156800,0.0,0.0
0.0,0.39903651090218234,0.39508541560513033,0.39706072211265564,32000,0.0,0.0
0.0,0.4010115936668248,0.3990362882614136,0.3990362882614136,9600,0.0,0.0
0.0,0.40298728466033934,0.39508557319641113,0.39508557319641113,105600,0.0,0.0
0.0,0.39508557319641113,0.39508557319641113,0.39508557319641113,172800,0.0,0.0
0.0,0.3990362882614136,0.3990362882614136,0.3990362882614136,3200,0.0,0.0
0.0,0.40101181740970765,0.3970607221126556,0.39706072211265564,262400,0.0,0.0
0.0,0.3970607221126556,0.3970607221126556,0.39706072211265564,41600,0.0,0.0
0.0,0.40693827800825205,0.401011875347435,0.40298718214035034,115200,0.0,0.0
0.0,0.3990362882614136,0.3990362882614136,0.3990362882614136,115200,0.0,0.0
0.0,0.3990362882614136,0.3990362882614136,0.3990362882614136,172800,0.0,0.0
0.0,0.4049622118473053,0.40101160096458816,0.4049622118473053,51200,0.0,0.0
0.0,0.4049622118473053,0.4049622118473053,0.4049622118473053,1299200,0.0,0.0
0.0,0.4029871821403503,0.4029871821403503,0.40298718214035034,6400,0.0,0.0
0.0,0.41088877791912315,0.4069381654262543,0.4069381654262543,1987200,0.0,0.0
0.0,0.41088877791912315,0.4069381654262543,0.4069381654262543,316800,0.0,0.0
0.0,0.41088877791912315,0.4029870706514477,0.4069381654262543,147200,0.0,0.0
0.0,0.4069381654262543,0.4029870706514477,0.4069381654262543,51200,0.0,0.0
0.0,0.4069381357905262,0.40101173520088196,0.40101173520088196,230400,0.0,0.0
0.0,0.40101173520088196,0.40101173520088196,0.40101173520088196,57600,0.0,0.0
0.0,0.4029871821403503,0.4029871821403503,0.40298718214035034,70400,0.0,0.0
0.0,0.40693827800825205,0.4029871821403503,0.40298718214035034,48000,0.0,0.0
0.0,0.4049624889332656,0.4029871821403503,0.40298718214035034,16000,0.0,0.0
0.0,0.4108887314796448,0.4010117190818549,0.4108887314796448,67200,0.0,0.0
0.0,0.41088889159408265,0.4029871821403503,0.40298718214035034,86400,0.0,0.0
0.0,0.40298704130346247,0.40101173520088196,0.40101173520088196,44800,0.0,0.0
0.0,0.40298704130346247,0.40101173520088196,0.40101173520088196,12800,0.0,0.0
0.0,0.4069381654262543,0.4010117644050133,0.4069381654262543,64000,0.0,0.0
0.0,0.4029871821403503,0.4029871821403503,0.40298718214035034,16000,0.0,0.0
0.0,0.40298704130346247,0.40101173520088196,0.40101173520088196,92800,0.0,0.0
0.0,0.4069381654262543,0.4069381654262543,0.4069381654262543,67200,0.0,0.0
0.0,0.4089134418931067,0.40101173520088196,0.40101173520088196,291200,0.0,0.0
0.0,0.40101173520088196,0.40101173520088196,0.40101173520088196,80000,0.0,0.0
0.0,0.4029871821403503,0.401011875347435,0.40298718214035034,70400,0.0,0.0
0.0,0.40298704130346247,0.40101173520088196,0.40101173520088196,6400,0.0,0.0
0.0,0.4029871821403503,0.3990365685545197,0.40298718214035034,192000,0.0,0.0
0.0,0.4089134418931067,0.40101173520088196,0.40101173520088196,96000,0.0,0.0
0.0,0.40891358256340027,0.40496248671712076,0.40891358256340027,57600,0.0,0.0
0.0,0.4148398258078907,0.4069381194332821,0.4108887314796448,953600,0.0,0.0
0.0,0.422741661984949,0.41088885764270155,0.4148399531841278,240000,0.0,0.0
0.0,0.4345938426507203,0.4187904301906941,0.430643230676651,425600,0.0,0.0
0.0,0.43656921386718744,0.42866750645655083,0.4365692138671875,537600,0.0,0.0
0.0,0.4503973895433061,0.44052037437821184,0.4464467763900757,579200,0.0,0.0
0.0,0.4543487131595611,0.44249590318316745,0.45434871315956116,348800,0.0,0.0
0.0,0.45632368344665036,0.44644667062153814,0.4503972828388214,966400,0.0,0.0
0.0,0.4484220069838496,0.4444709122180939,0.44447091221809387,288000,0.0,0.0
0.0,0.4444707562670985,0.43854483962059015,0.4385448396205902,140800,0.0,0.0
0.0,0.44249545071826235,0.43854483962059015,0.4385448396205902,76800,0.0,0.0
0.0,0.4424955844879151,0.43854497219594385,0.44249558448791504,784000,0.0,0.0
0.0,0.4424955844879151,0.43854497219594385,0.44249558448791504,195200,0.0,0.0
0.0,0.4424956825507652,0.43854506938328625,0.44052037596702576,118400,0.0,0.0
0.0,0.4424955844879151,0.43656918376804504,0.44249558448791504,512000,0.0,0.0
0.0,0.44644677639007574,0.44249568095482705,0.4464467763900757,108800,0.0,0.0
0.0,0.4622502170883665,0.45237271913864324,0.46027442812919617,278400,0.0,0.0
0.0,0.46422552376549403,0.4563238147749411,0.46027442812919617,80000,0.0,0.0
0.0,0.4622501056760484,0.45829901099205017,0.45829901099205017,60800,0.0,0.0
0.0,0.45829901099205017,0.4563237047910144,0.45829901099205017,35200,0.0,0.0
0.0,0.45632379155516994,0.44644677639007574,0.4464467763900757,48000,0.0,0.0
0.0,0.4622502170883665,0.4503974124615157,0.46027442812919617,131200,0.0,0.0
0.0,0.46225008405447926,0.4503972828388214,0.4503972828388214,377600,0.0,0.0
0.0,0.46225002408027654,0.45434831838900547,0.4622500240802765,108800,0.0,0.0
0.0,0.4780535697937011,0.462250153970471,0.47805356979370117,838400,0.0,0.0
0.0,0.4859552777053162,0.4780535697937011,0.47805356979370117,726400,0.0,0.0
0.0,0.4839797019958496,0.474102683330348,0.4839797019958496,185600,0.0,0.0
0.0,0.4839796307045601,0.4760779204796607,0.48002901673316956,464000,0.0,0.0
0.0,0.478053761334303,0.4701520502567291,0.4701520502567291,592000,0.0,0.0
0.0,0.46620071807812,0.45829901099205017,0.45829901099205017,243200,0.0,0.0
0.0,0.4701520502567291,0.46027454969813414,0.4701520502567291,192000,0.0,0.0
0.0,0.47410266465443096,0.4701520502567291,0.4701520502567291,64000,0.0,0.0
0.0,0.47410249710083,0.4662007888158162,0.4741024971008301,198400,0.0,0.0
0.0,0.47410253943317443,0.4602744281291961,0.46027442812919617,96000,0.0,0.0
0.0,0.4622501056760484,0.4543483985899786,0.45829901099205017,131200,0.0,0.0
0.0,0.4582991090950285,0.4543484958472932,0.4563238024711609,246400,0.0,0.0
0.0,0.46620074754330315,0.46027434628370406,0.4642254412174225,214400,0.0,0.0
0.0,0.47212687134742737,0.4602740757937786,0.47212687134742737,51200,0.0,0.0
0.0,0.497807774140452,0.47410264203852576,0.4918813705444336,592000,0.0,0.0
0.0,0.501758618872171,0.49385691213624633,0.49978283047676086,304000,0.0,0.0
0.0,0.5017588706318467,0.49188137054443365,0.4918813705444336,281600,0.0,0.0
0.0,0.4958319962024688,0.4879302930051454,0.49583199620246887,99200,0.0,0.0
0.0,0.5017586271227888,0.4978075325489045,0.4978075325489044,32000,0.0,0.0
0.0,0.5057093501091003,0.49780764151364565,0.5057093501091003,64000,0.0,0.0
0.0,0.5017583713095933,0.49385666847229,0.49385666847229004,284800,0.0,0.0
0.0,0.49385701896859063,0.48990592360496515,0.4899059236049652,214400,0.0,0.0
0.0,0.503733761703385,0.4938567520555291,0.5017584562301636,112000,0.0,0.0
0.0,0.5017586271227888,0.49385692025693323,0.4978075325489044,156800,0.0,0.0
0.0,0.5017584562301636,0.4938567520555291,0.5017584562301636,352000,0.0,0.0
0.0,0.4997826066602859,0.4958319962024688,0.49583199620246887,64000,0.0,0.0
0.0,0.49385666847229,0.4899055759128047,0.49385666847229004,51200,0.0,0.0
0.0,0.497807278750108,0.4918808810517137,0.49385666847229004,57600,0.0,0.0
0.0,0.48793029785156256,0.48793029785156256,0.4879302978515625,22400,0.0,0.0
0.0,0.4820043757320048,0.4701520502567291,0.4701520502567291,160000,0.0,0.0
0.0,0.47212703562390496,0.46225002408027654,0.4622500240802765,89600,0.0,0.0
0.0,0.47212687134742737,0.4642251684055528,0.47212687134742737,112000,0.0,0.0
0.0,0.47410249710083,0.4721271906000765,0.4741024971008301,64000,0.0,0.0
0.0,0.4760778036015835,0.470151884099323,0.4741024971008301,1008000,0.0,0.0
0.0,0.47410249710083,0.47410249710083,0.4741024971008301,256000,0.0,0.0
0.0,0.47805359238433687,0.47410249710083,0.4741024971008301,57600,0.0,0.0
0.0,0.4780536436278734,0.4741025479208406,0.4760778546333313,41600,0.0,0.0
0.0,0.4760779718532818,0.468176260775708,0.4701520502567291,86400,0.0,0.0
0.0,0.47015192417252294,0.46620082855224615,0.4662008285522461,41600,0.0,0.0
0.0,0.46817605386918376,0.4622501348915418,0.4642254412174225,32000,0.0,0.0
0.0,0.47015197525055896,0.46027447626778073,0.4681761860847473,92800,0.0,0.0
0.0,0.4701520502567291,0.468176260775708,0.4701520502567291,345600,0.0,0.0
0.0,0.4701518424770216,0.4582990399578234,0.4642254412174225,1555200,0.0,0.0
0.0,0.4780535697937011,0.4681760731926995,0.47805356979370117,60800,0.0,0.0
0.0,0.4780535697937011,0.4760777811043146,0.47805356979370117,25600,0.0,0.0
0.0,0.4899059109263048,0.48200420268555794,0.48595529794692993,220800,0.0,0.0
0.0,0.497807278750108,0.4899055759128047,0.49385666847229004,38400,0.0,0.0
0.0,0.49780730143137736,0.4918809034629625,0.49583199620246887,684800,0.0,0.0
0.0,0.5057092310991808,0.4997828304767609,0.49978283047676086,118400,0.0,0.0
0.0,0.4978075325489045,0.4978075325489045,0.4978075325489044,166400,0.0,0.0
0.0,0.4978075325489045,0.4978075325489045,0.4978075325489044,83200,0.0,0.0
0.0,0.4978075325489045,0.4978075325489045,0.4978075325489044,89600,0.0,0.0
0.0,0.5234879851341248,0.5017586518918012,0.5234879851341248,582400,0.0,0.0
0.0,0.5254636916153624,0.5136108914411737,0.5155861973762512,358400,0.0,0.0
0.0,0.5155863849159057,0.5136110782623291,0.5136110782623291,32000,0.0,0.0
0.0,0.5175620913505554,0.5175620913505554,0.5175620913505554,12800,0.0,0.0
0.0,0.5254637598991394,0.5175620528501442,0.5254637598991394,678400,0.0,0.0
0.0,0.5234881220076371,0.5195375084877014,0.5195375084877014,188800,0.0,0.0
0.0,0.5234881131420728,0.519537499689043,0.5215128064155579,118400,0.0,0.0
0.0,0.5254637598991394,0.5215126652336796,0.5254637598991394,38400,0.0,0.0
0.0,0.5254639021506426,0.5215128064155579,0.5215128064155579,44800,0.0,0.0
0.0,0.5175620913505554,0.5175620913505554,0.5175620913505554,12800,0.0,0.0
0.0,0.5175621738515194,0.5136110782623291,0.5136110782623291,982400,0.0,0.0
0.0,0.5155863849159057,0.5136110782623291,0.5136110782623291,6400,0.0,0.0
0.0,0.515586365282914,0.5057093501091003,0.5057093501091003,92800,0.0,0.0
0.0,0.501758618872171,0.4958322182497512,0.49978283047676086,25600,0.0,0.0
0.0,0.5037339249856759,0.4997828304767609,0.49978283047676086,25600,0.0,0.0
0.0,0.5057090671766064,0.49978266847519326,0.5017584562301636,195200,0.0,0.0
0.0,0.5057090671766064,0.5017584562301636,0.5017584562301636,348800,0.0,0.0
0.0,0.5037341117858887,0.49780770896577503,0.5037341117858887,64000,0.0,0.0
0.0,0.4997828304767609,0.4997828304767609,0.49978283047676086,28800,0.0,0.0
0.0,0.497807278750108,0.49385666847229,0.49385666847229004,176000,0.0,0.0
0.0,0.495831973611199,0.4899055759128047,0.49385666847229004,240000,0.0,0.0
0.0,0.48990610610802626,0.4839797019958496,0.4839797019958496,144000,0.0,0.0
0.0,0.4839797019958496,0.4839797019958496,0.4839797019958496,195200,0.0,0.0
0.0,0.48990592360496515,0.48793061706415725,0.4899059236049652,73600,0.0,0.0
0.0,0.48990592360496515,0.48990592360496515,0.4899059236049652,19200,0.0,0.0
0.0,0.4899059109263048,0.48595529794692993,0.48595529794692993,70400,0.0,0.0
0.0,0.4839797019958496,0.4820043947191871,0.4839797019958496,1404800,0.0,0.0
0.0,0.4820042550563812,0.4820042550563812,0.4820042550563812,22400,0.0,0.0
0.0,0.48595529794692993,0.48200420268555794,0.48595529794692993,179200,0.0,0.0
0.0,0.48595535074704843,0.4820042550563812,0.4820042550563812,57600,0.0,0.0
0.0,0.4780536436278734,0.47607785463333124,0.4760778546333313,9600,0.0,0.0
0.0,0.48002889888509037,0.46817609531656973,0.4741024971008301,134400,0.0,0.0
0.0,0.47410249710083,0.47410249710083,0.4741024971008301,57600,0.0,0.0
0.0,0.4760779718532818,0.4701520502567291,0.4701520502567291,156800,0.0,0.0
0.0,0.4701520502567291,0.4662009535768571,0.4701520502567291,348800,0.0,0.0
0.0,0.46620063578499127,0.46225002408027654,0.4622500240802765,64000,0.0,0.0
0.0,0.4622504257164034,0.4503976157400097,0.45434871315956116,256000,0.0,0.0
0.0,0.45237269611992126,0.44644677639007574,0.4464467763900757,19200,0.0,0.0
0.0,0.45829901099205017,0.44447090302094633,0.45829901099205017,492800,0.0,0.0
0.0,0.4642254118770842,0.4563237047910144,0.45829901099205017,176000,0.0,0.0
0.0,0.45829901099205017,0.45829901099205017,0.45829901099205017,64000,0.0,0.0
0.0,0.46620082855224615,0.4582991195937335,0.4662008285522461,102400,0.0,0.0
0.0,0.47410266465443096,0.4622503391791553,0.4701520502567291,211200,0.0,0.0
0.0,0.4701520502567291,0.4662009535768571,0.4701520502567291,108800,0.0,0.0
0.4701520502567291,0.4701520502567291,0.4701520502567291,0.4701520502567291,0,0.0,0.0
0.0,0.47410249710083,0.46817609531656973,0.4741024971008301,19200,0.0,0.0
0.0,0.47607748167752784,0.46817577873565325,0.47212687134742737,291200,0.0,0.0
0.0,0.4760778036015835,0.47410249710083,0.4741024971008301,12800,0.0,0.0
0.0,0.48595529794692993,0.47805358970618306,0.48595529794692993,89600,0.0,0.0
0.0,0.48793029785156256,0.4859549926030341,0.4879302978515625,35200,0.0,0.0
0.0,0.48595529794692993,0.48595529794692993,0.48595529794692993,28800,0.0,0.0
0.0,0.4859552777053162,0.4780535697937011,0.47805356979370117,214400,0.0,0.0
0.0,0.47410249710083,0.47410249710083,0.4741024971008301,19200,0.0,0.0
0.0,0.4741021765124776,0.47212687134742737,0.47212687134742737,6400,0.0,0.0
0.0,0.4721272821342773,0.4681761860847473,0.4681761860847473,51200,0.0,0.0
0.0,0.4681761860847473,0.4681761860847473,0.4681761860847473,12800,0.0,0.0
0.0,0.4681761860847473,0.466200879201029,0.4681761860847473,99200,0.0,0.0
0.0,0.46620082855224615,0.46620082855224615,0.4662008285522461,707200,0.0,0.0
0.0,0.46620082855224615,0.46620082855224615,0.4662008285522461,390400,0.0,0.0
0.0,0.46620082855224615,0.4622502152140103,0.4662008285522461,128000,0.0,0.0
0.0,0.45829901099205017,0.45829901099205017,0.45829901099205017,48000,0.0,0.0
0.0,0.4642254118770842,0.45829901099205017,0.45829901099205017,92800,0.0,0.0
0.0,0.46225002408027654,0.45829893009372025,0.4622500240802765,96000,0.0,0.0
0.0,0.46225002408027654,0.46225002408027654,0.4622500240802765,6400,0.0,0.0
0.0,0.46620074754330315,0.4622501348915418,0.4642254412174225,150400,0.0,0.0
0.0,0.4622501056760484,0.45829901099205017,0.45829901099205017,35200,0.0,0.0
0.0,0.4681761860847473,0.4582991693840624,0.4681761860847473,44800,0.0,0.0
0.0,0.46422552376549403,0.4602744281291961,0.46027442812919617,19200,0.0,0.0
0.0,0.4642254412174225,0.4642254412174225,0.4642254412174225,6400,0.0,0.0
0.0,0.47015172977154757,0.46225002408027654,0.4622500240802765,105600,0.0,0.0
0.0,0.4602744281291961,0.4563238147749411,0.46027442812919617,150400,0.0,0.0
0.0,0.4582991090950285,0.45632380247116083,0.4563238024711609,214400,0.0,0.0
0.0,0.45632402072820655,0.4543487131595611,0.45434871315956116,64000,0.0,0.0
0.0,0.45434838592765514,0.4424955844879151,0.44249558448791504,435200,0.0,0.0
0.0,0.4503974407236536,0.4424957312372737,0.4484221339225769,96000,0.0,0.0
0.0,0.4484220069838496,0.4444709122180939,0.44447091221809387,19200,0.0,0.0
0.0,0.4444709704615282,0.426692247390747,0.42669224739074707,124800,0.0,0.0
0.0,0.426692247390747,0.4187905391057332,0.42669224739074707,512000,0.0,0.0
0.0,0.42274157996160516,0.39903645815857886,0.4069381654262543,147200,0.0,0.0
0.0,0.41088877791912315,0.39903645815857886,0.4069381654262543,51200,0.0,0.0
0.0,0.43854510108138295,0.4108888777819547,0.4345940053462982,460800,0.0,0.0
0.0,0.43261853666368566,0.43064323067665095,0.430643230676651,22400,0.0,0.0
0.0,0.426692247390747,0.426692247390747,0.42669224739074707,22400,0.0,0.0
0.0,0.4503973895433061,0.42471695720125374,0.4464467763900757,326400,0.0,0.0
0.0,0.4424955844879151,0.4424955844879151,0.44249558448791504,38400,0.0,0.0
0.0,0.43854500243130645,0.43656921386718744,0.4365692138671875,70400,0.0,0.0
0.0,0.43656941117523873,0.4326187968254089,0.43261879682540894,51200,0.0,0.0
0.0,0.44052037596702576,0.43459397393378724,0.44052037596702576,44800,0.0,0.0
0.0,0.4405201451694263,0.43854483962059015,0.4385448396205902,64000,0.0,0.0
0.0,0.44249545071826235,0.4365690517899867,0.4385448396205902,70400,0.0,0.0
0.0,0.4484221339225769,0.4424957312372737,0.4484221339225769,28800,0.0,0.0
0.0,0.4503972913537707,0.4424955844879151,0.44249558448791504,70400,0.0,0.0
0.0,0.4503972913537707,0.43854497219594385,0.44249558448791504,384000,0.0,0.0
0.0,0.4503972828388214,0.44644667062153814,0.4503972828388214,28800,0.0,0.0
0.0,0.4503972828388214,0.4503972828388214,0.4503972828388214,28800,0.0,0.0
0.4503972828388214,0.4503972828388214,0.4503972828388214,0.4503972828388214,0,0.0,0.0
0.0,0.4503972828388214,0.4503972828388214,0.4503972828388214,6400,0.0,0.0
0.0,0.4503974407236536,0.4484221339225769,0.4484221339225769,96000,0.0,0.0
0.0,0.44644677639007574,0.44644677639007574,0.4464467763900757,28800,0.0,0.0
0.0,0.4484221339225769,0.44447103803835036,0.4484221339225769,92800,0.0,0.0
0.4484221339225769,0.4484221339225769,0.4484221339225769,0.4484221339225769,0,0.0,0.0
0.0,0.44644677639007574,0.44052037437821184,0.4464467763900757,19200,0.0,0.0
0.0,0.4444709122180939,0.4444709122180939,0.44447091221809387,3200,0.0,0.0
0.0,0.44249545071826235,0.43854483962059015,0.4385448396205902,54400,0.0,0.0
0.0,0.44644667906179947,0.4424955844879151,0.44249558448791504,80000,0.0,0.0
0.0,0.45632380247116083,0.4464467870697927,0.4563238024711609,60800,0.0,0.0
0.0,0.4523727475247303,0.4484221339225769,0.4484221339225769,92800,0.0,0.0
0.0,0.45632380247116083,0.4484220936936604,0.4563238024711609,35200,0.0,0.0
0.0,0.45632368344665036,0.4503972828388214,0.4503972828388214,825600,0.0,0.0
0.0,0.45829901099205017,0.4543483985899786,0.45829901099205017,169600,0.0,0.0
0.0,0.4622500147889635,0.4523725211620331,0.4523725211620331,41600,0.0,0.0
0.0,0.45829901099205017,0.45829901099205017,0.45829901099205017,96000,0.0,0.0
0.0,0.45829901099205017,0.45829901099205017,0.45829901099205017,6400,0.0,0.0
0.0,0.458298920881825,0.4523725211620331,0.4523725211620331,140800,0.0,0.0
0.4523725211620331,0.4523725211620331,0.4523725211620331,0.4523725211620331,0,0.0,0.0
0.0,0.4503972828388214,0.4503972828388214,0.4503972828388214,83200,0.0,0.0
0.4503972828388214,0.4503972828388214,0.4503972828388214,0.4503972828388214,0,0.0,0.0
0.0,0.45632361506917163,0.4523725211620331,0.4523725211620331,44800,0.0,0.0
0.4523725211620331,0.4523725211620331,0.4523725211620331,0.4523725211620331,0,0.0,0.0
0.0,0.45632402072820655,0.4543487131595611,0.45434871315956116,6400,0.0,0.0
0.0,0.45632361506917163,0.4523725211620331,0.4523725211620331,256000,0.0,0.0
0.0,0.47410249710083,0.45632377403004887,0.4741024971008301,681600,0.0,0.0
0.0,0.47015172977154757,0.45829893009372025,0.4622500240802765,432000,0.0,0.0
0.0,0.46620063578499127,0.45829893009372025,0.4622500240802765,105600,0.0,0.0
0.0,0.4622501056760484,0.45829901099205017,0.45829901099205017,163200,0.0,0.0
0.0,0.45632380247116083,0.45632380247116083,0.4563238024711609,28800,0.0,0.0
0.0,0.460274317193086,0.4563237047910144,0.45829901099205017,57600,0.0,0.0
0.0,0.4622501056760484,0.45829901099205017,0.45829901099205017,224000,0.0,0.0
0.0,0.46422552376549403,0.45829912145206864,0.46027442812919617,44800,0.0,0.0
0.0,0.4602744281291961,0.4602744281291961,0.46027442812919617,57600,0.0,0.0
0.0,0.4602746358654974,0.4543487131595611,0.45434871315956116,457600,0.0,0.0
0.0,0.4503973895433061,0.44644677639007574,0.4464467763900757,73600,0.0,0.0
0.0,0.4503972828388214,0.44249557612235085,0.4503972828388214,96000,0.0,0.0
0.0,0.44644681026949745,0.4345940053462982,0.4345940053462982,51200,0.0,0.0
0.0,0.4385449369066641,0.4286674424077419,0.430643230676651,1516800,0.0,0.0
0.0,0.4345938426507203,0.43064323067665095,0.430643230676651,233600,0.0,0.0
0.0,0.43854510108138295,0.4345940053462982,0.4345940053462982,60800,0.0,0.0
0.0,0.44052037596702576,0.4365692805175267,0.44052037596702576,64000,0.0,0.0
0.0,0.4484219852077851,0.4424955844879151,0.44249558448791504,89600,0.0,0.0
0.0,0.43854510108138295,0.4345940053462982,0.4345940053462982,54400,0.0,0.0
0.0,0.4345940053462982,0.4345940053462982,0.4345940053462982,390400,0.0,0.0
0.0,0.43656931207281313,0.4345940053462982,0.4345940053462982,41600,0.0,0.0
0.0,0.4345940053462982,0.4345940053462982,0.4345940053462982,16000,0.0,0.0
0.0,0.43854483962059015,0.4365690517899867,0.4385448396205902,48000,0.0,0.0
0.0,0.446446544097702,0.43854483962059015,0.4385448396205902,28800,0.0,0.0
0.0,0.45829901099205017,0.4424955968199105,0.45829901099205017,160000,0.0,0.0
0.0,0.4543487131595611,0.44249590318316745,0.45434871315956116,137600,0.0,0.0
0.0,0.4503974407236536,0.4484221339225769,0.4484221339225769,6400,0.0,0.0
0.0,0.4444709122180939,0.4444709122180939,0.44447091221809387,44800,0.0,0.0
0.0,0.4424956825507652,0.4365692805175267,0.44052037596702576,57600,0.0,0.0
0.0,0.43656931207281313,0.4345940053462982,0.4345940053462982,259200,0.0,0.0
0.0,0.43854500243130645,0.43656921386718744,0.4365692138671875,9600,0.0,0.0
0.0,0.440520308713479,0.43656921386718744,0.4365692138671875,137600,0.0,0.0
0.0,0.4345940053462982,0.4345940053462982,0.4345940053462982,38400,0.0,0.0
0.0,0.4345940053462982,0.4345940053462982,0.4345940053462982,80000,0.0,0.0
0.0,0.43854510108138295,0.4345940053462982,0.4345940053462982,665600,0.0,0.0
0.0,0.4345940053462982,0.4345940053462982,0.4345940053462982,89600,0.0,0.0
0.0,0.44052037596702576,0.43459397393378724,0.44052037596702576,144000,0.0,0.0
0.0,0.43656931207281313,0.4345940053462982,0.4345940053462982,185600,0.0,0.0
0.0,0.43656931207281313,0.4345940053462982,0.4345940053462982,32000,0.0,0.0
0.0,0.4345938426507203,0.43064323067665095,0.430643230676651,304000,0.0,0.0
0.0,0.43064334267425386,0.426692247390747,0.42669224739074707,70400,0.0,0.0
0.0,0.43064320834365577,0.4227415025234222,0.42274150252342224,646400,0.0,0.0
0.0,0.42076575756073,0.41286405092915807,0.42076575756073,73600,0.0,0.0
0.0,0.42669211429261433,0.4187904084723807,0.42274150252342224,320000,0.0,0.0
0.0,0.42669211429261433,0.4227415025234222,0.42274150252342224,89600,0.0,0.0
0.0,0.42669211429261433,0.4227415025234222,0.42274150252342224,70400,0.0,0.0
0.0,0.42669211429261433,0.4227415025234222,0.42274150252342224,22400,0.0,0.0
0.0,0.42669211429261433,0.4227415025234222,0.42274150252342224,73600,0.0,0.0
0.0,0.4227415025234222,0.4227415025234222,0.42274150252342224,12800,0.0,0.0
0.0,0.4227415025234222,0.4227415025234222,0.42274150252342224,6400,0.0,0.0
0.0,0.4227415025234222,0.4227415025234222,0.42274150252342224,67200,0.0,0.0
0.0,0.42274154593004715,0.42076575756073,0.42076575756073,32000,0.0,0.0
0.0,0.4227415025234222,0.42076571435697674,0.42274150252342224,108800,0.0,0.0
0.0,0.4227415025234222,0.42076571435697674,0.42274150252342224,41600,0.0,0.0
0.0,0.4227415025234222,0.41681510258778465,0.42274150252342224,214400,0.0,0.0
0.0,0.4187905490398407,0.4187905490398407,0.4187905490398407,19200,0.0,0.0
0.0,0.42274164441707124,0.4187905490398407,0.4187905490398407,227200,0.0,0.0
0.0,0.4187905490398407,0.4187905490398407,0.4187905490398407,3200,0.0,0.0
0.0,0.42274154593004715,0.41879045147331173,0.42076575756073,76800,0.0,0.0
0.0,0.42274154593004715,0.41879045147331173,0.42076575756073,278400,0.0,0.0
0.0,0.4207657438774347,0.4108887314796448,0.4108887314796448,124800,0.0,0.0
0.0,0.4148399531841278,0.4089135510130041,0.4148399531841278,99200,0.0,0.0
0.0,0.4187905490398407,0.4187905490398407,0.4187905490398407,9600,0.0,0.0
0.0,0.42076575756073,0.4168151453858935,0.42076575756073,19200,0.0,0.0
0.0,0.42076585711798303,0.41286414861679077,0.41286414861679077,89600,0.0,0.0
0.0,0.4187905490398407,0.41681524249223106,0.4187905490398407,48000,0.0,0.0
0.0,0.4187905490398407,0.41681524249223106,0.4187905490398407,64000,0.0,0.0
0.0,0.42669211429261433,0.4227415025234222,0.42274150252342224,54400,0.0,0.0
0.0,0.41879043785425335,0.4108887314796448,0.4108887314796448,208000,0.0,0.0
0.0,0.4168152440083934,0.41286414861679077,0.41286414861679077,25600,0.0,0.0
0.0,0.4108887314796448,0.4108887314796448,0.4108887314796448,412800,0.0,0.0
0.0,0.4108887314796448,0.4108887314796448,0.4108887314796448,32000,0.0,0.0
0.0,0.4148398258078907,0.4108887314796448,0.4108887314796448,64000,0.0,0.0
0.0,0.41088877791912315,0.4069381654262543,0.4069381654262543,614400,0.0,0.0
0.0,0.40693827800825205,0.4029871821403503,0.40298718214035034,60800,0.0,0.0
0.0,0.40101173520088196,0.40101173520088196,0.40101173520088196,131200,0.0,0.0
0.0,0.402986899072236,0.3990362882614136,0.3990362882614136,12800,0.0,0.0
0.0,0.3950851104673995,0.38718340825805153,0.39113450050354004,76800,0.0,0.0
0.0,0.39113450050354004,0.39113450050354004,0.39113450050354004,208000,0.0,0.0
0.0,0.39113450050354004,0.39113450050354004,0.39113450050354004,6400,0.0,0.0
0.0,0.4010119773649058,0.39508557319641113,0.39508557319641113,704000,0.0,0.0
0.0,0.3990362882614136,0.3950851951688588,0.3990362882614136,51200,0.0,0.0
0.0,0.4029871821403503,0.3990365685545197,0.40298718214035034,6400,0.0,0.0
0.0,0.4069381654262543,0.4010117644050133,0.4069381654262543,99200,0.0,0.0
0.0,0.4029871821403503,0.4029871821403503,0.40298718214035034,41600,0.0,0.0
0.0,0.4128640841655576,0.4049623768978821,0.4069381654262543,304000,0.0,0.0
0.0,0.41286414861679077,0.410888842061996,0.41286414861679077,32000,0.0,0.0
0.0,0.4187905490398407,0.4089135340197812,0.4187905490398407,99200,0.0,0.0
0.0,0.42076575756073,0.41879045147331173,0.42076575756073,22400,0.0,0.0
0.0,0.42274159270726147,0.41681519150733953,0.4168151915073395,38400,0.0,0.0
0.0,0.4207658041193193,0.4148398852013496,0.4168151915073395,67200,0.0,0.0
0.0,0.41286414861679077,0.410888842061996,0.41286414861679077,28800,0.0,0.0
0.0,0.41286414861679077,0.41286414861679077,0.41286414861679077,147200,0.0,0.0
0.0,0.41286414861679077,0.40891353550720116,0.41286414861679077,80000,0.0,0.0
0.0,0.41286414861679077,0.410888842061996,0.41286414861679077,176000,0.0,0.0
0.0,0.41483987269392975,0.4069381654262543,0.4069381654262543,41600,0.0,0.0
0.0,0.4148399531841278,0.4089135510130041,0.4148399531841278,505600,0.0,0.0
0.0,0.41088888934550577,0.40693827578129477,0.40891358256340027,508800,0.0,0.0
0.0,0.41088888934550577,0.40891358256340027,0.40891358256340027,89600,0.0,0.0
0.0,0.4108887314796448,0.4069381194332821,0.4108887314796448,67200,0.0,0.0
0.0,0.4108887314796448,0.4089134254564635,0.4108887314796448,92800,0.0,0.0
0.0,0.41088888934550577,0.40891358256340027,0.40891358256340027,99200,0.0,0.0
0.0,0.41088888934550577,0.40891358256340027,0.40891358256340027,406400,0.0,0.0
0.0,0.4187905490398407,0.4128641471150005,0.4187905490398407,67200,0.0,0.0
0.0,0.42274164441707124,0.4187905490398407,0.4187905490398407,931200,0.0,0.0
0.0,0.42274164441707124,0.4187905490398407,0.4187905490398407,227200,0.0,0.0
0.0,0.4247168520174654,0.42076575756073,0.42076575756073,12800,0.0,0.0
0.0,0.4227415025234222,0.4148397967031886,0.42274150252342224,89600,0.0,0.0
0.0,0.43064323067665095,0.4227415244466379,0.430643230676651,112000,0.0,0.0
0.0,0.43459410400032383,0.4326187968254089,0.43261879682540894,144000,0.0,0.0
0.0,0.4345940053462982,0.43261869861978336,0.4345940053462982,233600,0.0,0.0
0.0,0.4345938426507203,0.43064323067665095,0.430643230676651,160000,0.0,0.0
0.0,0.4345938426507203,0.43064323067665095,0.430643230676651,108800,0.0,0.0
0.0,0.436569148637755,0.4286674424077419,0.430643230676651,1222400,0.0,0.0
0.0,0.4424955844879151,0.4345938776220595,0.44249558448791504,188800,0.0,0.0
0.0,0.458299328296852,0.44644700060271886,0.45434871315956116,64000,0.0,0.0
0.0,0.4503972828388214,0.4503972828388214,0.4503972828388214,163200,0.0,0.0
0.0,0.4543483773380087,0.4503972828388214,0.4503972828388214,1017600,0.0,0.0
0.0,0.4503973895433061,0.44644677639007574,0.4464467763900757,80000,0.0,0.0
0.0,0.4582991090950285,0.4484220936936604,0.4563238024711609,217600,0.0,0.0
0.0,0.4721272308416409,0.4582991195937335,0.4662008285522461,252800,0.0,0.0
0.0,0.46225019356703384,0.44644677639007574,0.4464467763900757,99200,0.0,0.0
0.0,0.44644667906179947,0.43854497219594385,0.44249558448791504,332800,0.0,0.0
0.0,0.4424955844879151,0.4424955844879151,0.44249558448791504,6400,0.0,0.0
0.0,0.45632380247116083,0.4464467870697927,0.4563238024711609,140800,0.0,0.0
0.0,0.45632380247116083,0.45237270694139564,0.4563238024711609,54400,0.0,0.0
0.0,0.45632361506917163,0.4523725211620331,0.4523725211620331,28800,0.0,0.0
0.0,0.4503972828388214,0.4503972828388214,0.4503972828388214,128000,0.0,0.0
0.0,0.4543487131595611,0.44644700060271886,0.45434871315956116,188800,0.0,0.0
0.0,0.45632361506917163,0.4523725211620331,0.4523725211620331,1507200,0.0,0.0
0.0,0.452372588947463,0.4503972828388214,0.4503972828388214,48000,0.0,0.0
0.0,0.4543483773380087,0.4503972828388214,0.4503972828388214,131200,0.0,0.0
0.0,0.4543483773380087,0.4503972828388214,0.4503972828388214,435200,0.0,0.0
0.0,0.4503972828388214,0.4503972828388214,0.4503972828388214,19200,0.0,0.0
0.0,0.4503972828388214,0.4503972828388214,0.4503972828388214,41600,0.0,0.0
0.0,0.4503972828388214,0.4503972828388214,0.4503972828388214,22400,0.0,0.0
0.0,0.4503972828388214,0.4503972828388214,0.4503972828388214,51200,0.0,0.0
0.0,0.45632361506917163,0.4523725211620331,0.4523725211620331,89600,0.0,0.0
0.0,0.45632361506917163,0.4523725211620331,0.4523725211620331,41600,0.0,0.0
0.0,0.45632380247116083,0.45237270694139564,0.4563238024711609,32000,0.0,0.0
0.0,0.45632380247116083,0.45237270694139564,0.4563238024711609,60800,0.0,0.0
0.0,0.4543487131595611,0.4543487131595611,0.45434871315956116,905600,0.0,0.0
0.0,0.45829901099205017,0.4543483985899786,0.45829901099205017,48000,0.0,0.0
0.0,0.46620082855224615,0.4602744262628514,0.4662008285522461,70400,0.0,0.0
0.0,0.47015192417252294,0.4622502152140103,0.4662008285522461,54400,0.0,0.0
0.0,0.47607785463333124,0.464225532076336,0.4760778546333313,198400,0.0,0.0
0.0,0.47410249710083,0.470151884099323,0.4741024971008301,2022400,0.0,0.0
0.0,0.47015181276211826,0.45829901099205017,0.45829901099205017,131200,0.0,0.0
0.0,0.45829901099205017,0.45829901099205017,0.45829901099205017,16000,0.0,0.0
0.0,0.4622501056760484,0.45829901099205017,0.45829901099205017,1040000,0.0,0.0
0.0,0.4543487131595611,0.4543487131595611,0.45434871315956116,6400,0.0,0.0
0.0,0.4543484849785548,0.44644677639007574,0.4464467763900757,124800,0.0,0.0
0.0,0.4424957145344127,0.4345940053462982,0.4345940053462982,195200,0.0,0.0
0.0,0.4523725211620331,0.4306431926591825,0.4523725211620331,1315200,0.0,0.0
0.0,0.45632402072820655,0.4503976157400097,0.45434871315956116,80000,0.0,0.0
0.0,0.4503972828388214,0.4484219767301798,0.4503972828388214,19200,0.0,0.0
0.0,0.45829901099205017,0.4543483985899786,0.45829901099205017,118400,0.0,0.0
0.0,0.4622501056760484,0.45829901099205017,0.45829901099205017,22400,0.0,0.0
0.0,0.4582991090950285,0.4543484958472932,0.4563238024711609,144000,0.0,0.0
0.0,0.458299328296852,0.4503976157400097,0.45434871315956116,83200,0.0,0.0
0.0,0.45632380247116083,0.4543484958472932,0.4563238024711609,12800,0.0,0.0
0.0,0.45632368344665036,0.4503972828388214,0.4503972828388214,38400,0.0,0.0
0.0,0.4503972828388214,0.4503972828388214,0.4503972828388214,166400,0.0,0.0
0.0,0.4543487131595611,0.4503976157400097,0.45434871315956116,51200,0.0,0.0
0.0,0.4523725211620331,0.4523725211620331,0.4523725211620331,80000,0.0,0.0
0.0,0.4602744281291961,0.45434850809781363,0.46027442812919617,438400,0.0,0.0
0.0,0.458299328296852,0.4543487131595611,0.45434871315956116,41600,0.0,0.0
0.0,0.4543483773380087,0.4503972828388214,0.4503972828388214,64000,0.0,0.0
0.0,0.44644667906179947,0.4424955844879151,0.44249558448791504,32000,0.0,0.0
0.0,0.4424955844879151,0.4424955844879151,0.44249558448791504,355200,0.0,0.0
0.0,0.43656921386718744,0.43656921386718744,0.4365692138671875,19200,0.0,0.0
0.0,0.4444707562670985,0.43854483962059015,0.4385448396205902,121600,0.0,0.0
0.0,0.4424955844879151,0.43854497219594385,0.44249558448791504,44800,0.0,0.0
0.0,0.4424955844879151,0.4424955844879151,0.44249558448791504,128000,0.0,0.0
0.0,0.4424955844879151,0.43854497219594385,0.44249558448791504,54400,0.0,0.0
0.0,0.44644677639007574,0.44249568095482705,0.4464467763900757,118400,0.0,0.0
0.0,0.44644670074194004,0.4444709122180939,0.44447091221809387,89600,0.0,0.0
0.0,0.44644677639007574,0.44644677639007574,0.4464467763900757,32000,0.0,0.0
0.0,0.45829901099205017,0.4503973039059804,0.45829901099205017,140800,0.0,0.0
0.0,0.45829901099205017,0.45829901099205017,0.45829901099205017,323200,0.0,0.0
0.0,0.45632380247116083,0.45632380247116083,0.4563238024711609,6400,0.0,0.0
0.0,0.45632380247116083,0.45237270694139564,0.4563238024711609,518400,0.0,0.0
0.0,0.45632380247116083,0.45237270694139564,0.4563238024711609,140800,0.0,0.0
0.0,0.45829901099205017,0.4503973039059804,0.45829901099205017,473600,0.0,0.0
0.0,0.4622501056760484,0.45829901099205017,0.45829901099205017,76800,0.0,0.0
0.0,0.4642254118770842,0.45829901099205017,0.45829901099205017,121600,0.0,0.0
0.0,0.46620082855224615,0.4622502152140103,0.4662008285522461,76800,0.0,0.0
0.0,0.46620104085369424,0.4543487131595611,0.45434871315956116,387200,0.0,0.0
0.0,0.46225002408027654,0.45434831838900547,0.4622500240802765,476800,0.0,0.0
0.0,0.47015172977154757,0.46225002408027654,0.4622500240802765,316800,0.0,0.0
0.0,0.46817594163734866,0.46225002408027654,0.4622500240802765,35200,0.0,0.0
0.0,0.4622501056760484,0.4543483985899786,0.45829901099205017,508800,0.0,0.0
0.0,0.4800290167331695,0.45829919304416655,0.48002901673316956,1382400,0.0,0.0
0.0,0.4958323255093986,0.4780536020781079,0.4899059236049652,281600,0.0,0.0
0.0,0.5037339249856759,0.48595520540032167,0.49978283047676086,441600,0.0,0.0
0.0,0.501758618872171,0.4958322182497512,0.49978283047676086,182400,0.0,0.0
0.0,0.4958319962024688,0.4938566909735603,0.49583199620246887,28800,0.0,0.0
0.0,0.49385701896859063,0.4859553105233493,0.4899059236049652,134400,0.0,0.0
0.0,0.4918814133846887,0.4839797019958496,0.4839797019958496,489600,0.0,0.0
0.0,0.49188137054443365,0.48200435273916786,0.4918813705444336,57600,0.0,0.0
0.0,0.49385701896859063,0.4859553105233493,0.4899059236049652,195200,0.0,0.0
0.0,0.5175620913505554,0.4899058734808193,0.5175620913505554,1523200,0.0,0.0
0.0,0.513611058704555,0.5057093501091003,0.5057093501091003,60800,0.0,0.0
0.0,0.5057093501091003,0.5017587369523824,0.5057093501091003,64000,0.0,0.0
0.0,0.5057092394147601,0.4978075325489045,0.4978075325489044,1865600,0.0,0.0
0.0,0.4918812301457731,0.48990592360496515,0.4899059236049652,192000,0.0,0.0
0.0,0.48990592360496515,0.4859553105233493,0.4899059236049652,6400,0.0,0.0
0.0,0.5017586271227888,0.48990582568304886,0.4978075325489044,201600,0.0,0.0
0.0,0.5195372552557027,0.5096602439880371,0.5096602439880371,713600,0.0,0.0
0.0,0.5175620913505554,0.509660383713768,0.5175620913505554,169600,0.0,0.0
0.0,0.5155861973762512,0.5155861973762512,0.5155861973762512,57600,0.0,0.0
0.0,0.5136110782623291,0.5136110782623291,0.5136110782623291,480000,0.0,0.0
0.0,0.5136108555823722,0.5096602439880371,0.5096602439880371,147200,0.0,0.0
0.0,0.5096602439880371,0.5096602439880371,0.5096602439880371,57600,0.0,0.0
0.0,0.5096602439880371,0.5096602439880371,0.5096602439880371,486400,0.0,0.0
0.0,0.5175619855931904,0.5096602795710186,0.5155861973762512,131200,0.0,0.0
0.0,0.5175621738515194,0.5136110782623291,0.5136110782623291,35200,0.0,0.0
0.0,0.543242335319519,0.5175619148291029,0.543242335319519,489600,0.0,0.0
0.0,0.549169018165473,0.5452179225134833,0.5471932291984558,179200,0.0,0.0
0.0,0.5570704936981201,0.5491687879880889,0.5570704936981201,323200,0.0,0.0
0.0,0.5649721994081514,0.5531193997021832,0.5570704936981201,608000,0.0,0.0
0.0,0.5649721622467042,0.5570704570564132,0.5649721622467041,160000,0.0,0.0
0.0,0.5689228943416051,0.5531194806098938,0.5531194806098938,726400,0.0,0.0
0.0,0.5531194971643912,0.5491688847541808,0.5491688847541809,57600,0.0,0.0
0.0,0.5432423488962757,0.5274389386177063,0.5274389386177063,252800,0.0,0.0
0.0,0.543242335319519,0.5274389254359098,0.543242335319519,668800,0.0,0.0
0.0,0.543242545077847,0.5333655306572996,0.5373161435127258,60800,0.0,0.0
0.0,0.5373161435127258,0.5254638226644655,0.5373161435127258,108800,0.0,0.0
0.0,0.5728738359138846,0.5452176281287789,0.5590457320213318,835200,0.0,0.0
0.0,0.5807759761810303,0.5629967654375854,0.5807759761810303,163200,0.0,0.0
0.0,0.5768246220439003,0.5649723024579362,0.5728740096092224,118400,0.0,0.0
0.0,0.5689227737009441,0.5610210685106533,0.5649721622467041,252800,0.0,0.0
0.0,0.5768246650695801,0.5570706368588654,0.5768246650695801,185600,0.0,0.0
0.0,0.5847263336181641,0.5728740139425468,0.5847263336181641,121600,0.0,0.0
0.0,0.5807757167605088,0.568922914892614,0.5728740096092224,163200,0.0,0.0
0.0,0.5689228554846536,0.55707053713633,0.5610211491584778,422400,0.0,0.0
0.0,0.5649721622467042,0.5610210685106533,0.5649721622467041,915200,0.0,0.0
0.0,0.5965791940689087,0.5847263909492175,0.5965791940689087,720000,0.0,0.0
0.0,0.6005299504597982,0.5926282405853271,0.5926282405853271,134400,0.0,0.0
0.0,0.608431339263916,0.5926279278544636,0.608431339263916,57600,0.0,0.0
0.0,0.6163331826819396,0.600529767741377,0.6044808626174927,275200,0.0,0.0
0.0,0.632136344909668,0.6005295276641845,0.632136344909668,288000,0.0,0.0
0.0,0.6439895816012073,0.6183086633682251,0.6183086633682251,969600,0.0,0.0
0.0,0.6183083733448117,0.614357761489478,0.6163330674171448,361600,0.0,0.0
0.0,0.6163329558501008,0.6104065568580221,0.6143576502799988,214400,0.0,0.0
0.0,0.6163330674171449,0.6064560554969505,0.6163330674171448,188800,0.0,0.0
0.0,0.6044808626174927,0.5926280602710957,0.6044808626174927,345600,0.0,0.0
0.0,0.6163333277953299,0.6005299091339111,0.6005299091339111,409600,0.0,0.0
0.0,0.6123828023852113,0.6025053025890286,0.6064563989639282,281600,0.0,0.0
0.0,0.6281862080130033,0.604481077187647,0.6202844977378845,387200,0.0,0.0
0.0,0.6242346604122816,0.6123823447098967,0.6143576502799988,160000,0.0,0.0
0.0,0.6163331826819396,0.6044808626174927,0.6044808626174927,73600,0.0,0.0
0.0,0.6084316184646205,0.6005299091339111,0.6005299091339111,32000,0.0,0.0
0.0,0.6084316184646205,0.6005299091339111,0.6005299091339111,83200,0.0,0.0
0.0,0.6044809768240407,0.5946034789085388,0.5946034789085388,112000,0.0,0.0
0.0,0.600529806920818,0.5965791940689087,0.5965791940689087,80000,0.0,0.0
0.0,0.6202844977378845,0.600529980909027,0.6202844977378845,118400,0.0,0.0
0.0,0.6242351117343833,0.6202844977378845,0.6202844977378845,48000,0.0,0.0
0.0,0.6360877156257629,0.628186007868188,0.6360877156257629,470400,0.0,0.0
0.0,0.6400383710861206,0.6321366628011067,0.6400383710861206,83200,0.0,0.0
0.0,0.6716452645403999,0.655841846551214,0.6637435555458069,169600,0.0,0.0
0.0,0.667694651184125,0.6578171532293514,0.6637435555458069,374400,0.0,0.0
0.0,0.6617682066375343,0.6558418046992668,0.6597929000854492,144000,0.0,0.0
0.0,0.6637435555458069,0.655841846551214,0.6637435555458069,89600,0.0,0.0
0.0,0.6617683172225952,0.6597930103404257,0.6617683172225952,51200,0.0,0.0
0.0,0.6617679662258191,0.6479398608207703,0.6479398608207703,393600,0.0,0.0
0.0,0.6439891425176029,0.632136344909668,0.632136344909668,128000,0.0,0.0
0.0,0.6400380492210388,0.632136344909668,0.632136344909668,64000,0.0,0.0
0.0,0.6380630153616492,0.6262102127075195,0.6262102127075195,115200,0.0,0.0
0.0,0.6360877156257629,0.6301613142370899,0.6360877156257629,96000,0.0,0.0
0.0,0.632136344909668,0.6301610394022646,0.632136344909668,73600,0.0,0.0
0.0,0.6400379611613816,0.632136257937167,0.6380626559257507,240000,0.0,0.0
0.0,0.6400380492210388,0.632136344909668,0.632136344909668,284800,0.0,0.0
0.0,0.636087438206232,0.632136344909668,0.632136344909668,691200,0.0,0.0
0.0,0.6281859874725343,0.6202842799715084,0.6281859874725342,320000,0.0,0.0
0.0,0.6242345466859203,0.6123822331428528,0.6123822331428528,396800,0.0,0.0
0.0,0.6242350935935973,0.6163333835481087,0.6242350935935974,89600,0.0,0.0
0.6242350935935973,0.6242350935935973,0.6242350935935973,0.6242350935935974,0,0.0,0.0
0.0,0.6242345466859203,0.6123822331428528,0.6123822331428528,851200,0.0,0.0
0.0,0.612382714271007,0.6005299091339111,0.6005299091339111,230400,0.0,0.0
0.0,0.6084314752116583,0.6044808626174927,0.6044808626174927,204800,0.0,0.0
0.0,0.6281859874725343,0.606456171274225,0.6281859874725342,499200,0.0,0.0
0.0,0.6400383710861206,0.6281860497995997,0.6400383710861206,252800,0.0,0.0
0.0,0.6637435131896193,0.6400383877185615,0.6597929000854492,1116800,0.0,0.0
0.0,0.6637435131896193,0.6597929000854492,0.6597929000854492,211200,0.0,0.0
0.0,0.6716449856758118,0.6676943739598167,0.6716449856758118,265600,0.0,0.0
0.0,0.6795467138290405,0.6795467138290405,0.6795467138290405,275200,0.0,0.0
0.0,0.6795467138290405,0.6795467138290405,0.6795467138290405,886400,0.0,0.0
0.0,0.689423747969221,0.6874484419822693,0.6874484419822693,1427200,0.0,0.0
0.0,0.6874490576852144,0.6834984421730043,0.6834984421730042,1331200,0.0,0.0
0.0,0.683497807957348,0.6795467138290405,0.6795467138290405,428800,0.0,0.0
0.0,0.6834981859457593,0.6755964756011964,0.6755964756011963,80000,0.0,0.0
0.0,0.6933754632358359,0.6755967288662776,0.6834984421730042,1168000,0.0,0.0
0.0,0.6676945466560625,0.6360877156257629,0.6360877156257629,835200,0.0,0.0
0.0,0.6400379611613816,0.6163328514887378,0.6380626559257507,793600,0.0,0.0
0.0,0.6360877156257629,0.6341119269748935,0.6360877156257629,25600,0.0,0.0
0.0,0.6301612937773027,0.6242348925810454,0.6281859874725342,124800,0.0,0.0
0.0,0.632136344909668,0.6242346405982971,0.632136344909668,1088000,0.0,0.0
0.0,0.6558417081832886,0.6360876810054855,0.6558417081832886,160000,0.0,0.0
0.0,0.6597929000854492,0.6597929000854492,0.6597929000854492,9600,0.0,0.0
0.0,0.6597929141967892,0.6518912055374386,0.6578171253204346,828800,0.0,0.0
0.0,0.6578168722750178,0.6479398608207703,0.6479398608207703,249600,0.0,0.0
0.0,0.6518909547715716,0.6479398608207703,0.6479398608207703,188800,0.0,0.0
0.0,0.6637435131896193,0.6518911915950966,0.6597929000854492,220800,0.0,0.0
0.0,0.6775717826168057,0.6578172656143355,0.6755964756011963,291200,0.0,0.0
0.0,0.6933750915439139,0.6834980757757734,0.6854733824729919,780800,0.0,0.0
0.0,0.7032516150388158,0.683497597330266,0.69930100440979,172800,0.0,0.0
0.0,0.719055107747899,0.7072027921676637,0.7072027921676636,236800,0.0,0.0
0.0,0.7111534032671529,0.7032516987864067,0.7072027921676636,105600,0.0,0.0
0.0,0.7072027921676637,0.7032516987864067,0.7072027921676636,323200,0.0,0.0
0.0,0.7111538140186849,0.707203200637382,0.7091785073280334,22400,0.0,0.0
0.0,0.7151050452613494,0.6953505277633668,0.6953505277633667,768000,0.0,0.0
0.0,0.7032518982887269,0.6913995793461613,0.7032518982887268,400000,0.0,0.0
0.0,0.7032516150388158,0.6993010044097899,0.69930100440979,80000,0.0,0.0
0.0,0.6993016241758183,0.6953505277633668,0.6953505277633667,227200,0.0,0.0
0.0,0.6993016241758183,0.6894241242857582,0.6953505277633667,262400,0.0,0.0
0.0,0.7151044114893139,0.691399300870028,0.69930100440979,336000,0.0,0.0
0.0,0.6913995362380471,0.6834978300083658,0.6874484419822693,204800,0.0,0.0
0.0,0.6914001554797308,0.6834984421730043,0.6834984421730042,112000,0.0,0.0
0.0,0.6795468895195452,0.6676945686340333,0.6676945686340332,92800,0.0,0.0
0.0,0.667694651184125,0.6637435555458069,0.6637435555458069,57600,0.0,0.0
0.0,0.6637435131896193,0.6597929000854492,0.6597929000854492,67200,0.0,0.0
0.0,0.6637435555458069,0.647940137556621,0.6637435555458069,115200,0.0,0.0
0.0,0.6755964756011964,0.6637436689432892,0.6755964756011963,281600,0.0,0.0
0.0,0.6716448949006566,0.6657184958457947,0.6657184958457947,41600,0.0,0.0
0.0,0.6637435555458069,0.6637435555458069,0.6637435555458069,25600,0.0,0.0
0.0,0.6637435131896193,0.6597929000854492,0.6597929000854492,48000,0.0,0.0
0.0,0.6676945686340333,0.6637434734842069,0.6676945686340332,35200,0.0,0.0
0.0,0.6755964756011964,0.6676947652566334,0.6755964756011963,83200,0.0,0.0
0.0,0.6913993954658508,0.6795465973936777,0.6913993954658508,92800,0.0,0.0
0.0,0.6874484419822693,0.6874484419822693,0.6874484419822693,3200,0.0,0.0
0.0,0.6874484419822693,0.6874484419822693,0.6874484419822693,105600,0.0,0.0
0.0,0.6834982369044987,0.6775718331336975,0.6775718331336975,25600,0.0,0.0
0.0,0.6834977853874828,0.6716449856758118,0.6716449856758118,76800,0.0,0.0
0.0,0.6795467138290405,0.6736203137775085,0.6795467138290405,44800,0.0,0.0
0.0,0.6795467138290405,0.6736203137775085,0.6795467138290405,28800,0.0,0.0
0.0,0.6755964756011964,0.6716453792878521,0.6755964756011963,51200,0.0,0.0
0.0,0.6755964756011964,0.6755964756011964,0.6755964756011963,41600,0.0,0.0
0.0,0.6716452645403999,0.659792942189532,0.6637435555458069,144000,0.0,0.0
0.0,0.667694651184125,0.6637435555458069,0.6637435555458069,86400,0.0,0.0
0.0,0.6597926603913371,0.6479398608207703,0.6479398608207703,342400,0.0,0.0
0.0,0.6479398608207703,0.6400381552010047,0.6479398608207703,57600,0.0,0.0
0.0,0.6558417081832886,0.6518910956605045,0.6558417081832886,38400,0.0,0.0
0.0,0.6637434155107981,0.6558417081832886,0.6558417081832886,246400,0.0,0.0
0.0,0.659792802988014,0.6558417081832886,0.6558417081832886,25600,0.0,0.0
0.0,0.6637435555458069,0.659792942189532,0.6637435555458069,48000,0.0,0.0
0.0,0.6637435555458069,0.659792942189532,0.6637435555458069,19200,0.0,0.0
0.0,0.6637435131896193,0.6597929000854492,0.6597929000854492,60800,0.0,0.0
0.0,0.6637435555458069,0.659792942189532,0.6637435555458069,19200,0.0,0.0
0.0,0.6676942837186005,0.6597925790727104,0.6657184958457947,208000,0.0,0.0
0.0,0.6755964756011964,0.6637436689432892,0.6755964756011963,83200,0.0,0.0
0.0,0.6874484419822693,0.6795467357525881,0.6874484419822693,236800,0.0,0.0
0.0,0.6874484419822693,0.6755961237786846,0.6874484419822693,112000,0.0,0.0
0.0,0.6953500066353911,0.6874483020145344,0.6913993954658508,92800,0.0,0.0
0.0,0.6993010044097899,0.6953499114990539,0.69930100440979,80000,0.0,0.0
0.0,0.6993010044097899,0.6953499114990539,0.69930100440979,54400,0.0,0.0
0.0,0.7032516150388158,0.6993010044097899,0.69930100440979,102400,0.0,0.0
0.0,0.7032518982887269,0.6913995793461613,0.7032518982887268,92800,0.0,0.0
0.0,0.707202707949552,0.6993010044097899,0.69930100440979,64000,0.0,0.0
0.0,0.6953500066353911,0.6913993954658508,0.6913993954658508,83200,0.0,0.0
0.0,0.683497807957348,0.6795467138290405,0.6795467138290405,124800,0.0,0.0
0.0,0.7032518982887269,0.683497872623816,0.7032518982887268,275200,0.0,0.0
0.0,0.6993016241758183,0.6953505277633668,0.6953505277633667,67200,0.0,0.0
0.0,0.6993016241758183,0.6913999136330529,0.6953505277633667,73600,0.0,0.0
0.0,0.6953505277633668,0.6913999136330529,0.6953505277633667,25600,0.0,0.0
0.0,0.6993011000867075,0.6913993954658508,0.6913993954658508,1232000,0.0,0.0
0.0,0.707202707949552,0.6953499114990539,0.69930100440979,76800,0.0,0.0
0.0,0.7052274346351624,0.6993015143701905,0.7052274346351624,115200,0.0,0.0
0.0,0.7012766599655152,0.7012766599655152,0.7012766599655151,9600,0.0,0.0
0.0,0.7012766599655152,0.6953502587804216,0.7012766599655151,35200,0.0,0.0
0.0,0.707202707949552,0.6953499114990539,0.69930100440979,80000,0.0,0.0
0.0,0.7111536860466005,0.7032519784238604,0.7111536860466003,25600,0.0,0.0
0.0,0.723006546497345,0.7151048382420844,0.723006546497345,92800,0.0,0.0
0.0,0.7467114543618703,0.7269569483209164,0.7427603602409363,230400,0.0,0.0
0.0,0.7546135603147364,0.7467118501663208,0.7467118501663208,99200,0.0,0.0
0.0,0.7486871992888683,0.7388101816177368,0.7388101816177368,150400,0.0,0.0
0.0,0.7348587901695915,0.7230064701787975,0.7269570827484131,8553600,0.0,0.0
0.0,0.7269571736094308,0.7210307717323303,0.7210307717323303,124800,0.0,0.0
0.0,0.7269570827484132,0.7230064701787975,0.7269570827484131,76800,0.0,0.0
0.0,0.7427607957733332,0.7309084710244035,0.7388101816177368,92800,0.0,0.0
0.0,0.7467118501663208,0.7427607539510563,0.7467118501663208,19200,0.0,0.0
0.0,0.740785539150238,0.740785539150238,0.740785539150238,25600,0.0,0.0
0.0,0.740785539150238,0.740785539150238,0.740785539150238,12800,0.0,0.0
0.0,0.758563772930118,0.7407850550725329,0.7546131610870361,412800,0.0,0.0
0.7546131610870361,0.7546131610870361,0.7546131610870361,0.7546131610870361,0,0.0,0.0
0.0,0.7546131610870361,0.7546131610870361,0.7546131610870361,3200,0.0,0.0
0.0,0.7506620287895203,0.7506620287895203,0.7506620287895203,89600,0.0,0.0
0.0,0.7585639357566833,0.7506622280925512,0.7585639357566833,499200,0.0,0.0
0.0,0.7704165577888489,0.7546131461653017,0.7704165577888489,201600,0.0,0.0
0.0,0.7783182859420776,0.7664654857432609,0.7783182859420776,60800,0.0,0.0
0.0,0.7941217422485352,0.7901706478682491,0.7941217422485352,1289600,0.0,0.0
0.0,0.7941217722814223,0.7881953716278076,0.7881953716278076,428800,0.0,0.0
0.0,0.7960976609509017,0.7822695434010255,0.7921465635299683,188800,0.0,0.0
0.0,0.8138758540153503,0.7960971331146265,0.8138758540153503,131200,0.0,0.0
0.0,0.835605890729887,0.8178271651268005,0.8178271651268005,483200,0.0,0.0
0.0,0.8454827031325707,0.8257286755087672,0.833630383014679,1340800,0.0,0.0
0.0,0.8533842340808048,0.8415319164150532,0.8454825282096863,3590400,0.0,0.0
0.0,0.8573353281572903,0.8454825282096863,0.8454825282096863,617600,0.0,0.0
0.0,0.853384494781494,0.8454827864964802,0.8533844947814941,563200,0.0,0.0
0.0,0.8652375936508178,0.8533847860369995,0.8652375936508179,64000,0.0,0.0
0.0,0.8691880106925964,0.8612863015044819,0.8691880106925964,176000,0.0,0.0
0.0,0.8691879113515217,0.853384494781494,0.8533844947814941,380800,0.0,0.0
0.0,0.8494334350673051,0.8474576473236084,0.8474576473236084,60800,0.0,0.0
0.0,0.8514093160629272,0.8474582201864275,0.8514093160629272,54400,0.0,0.0
0.0,0.8494343757629395,0.8494343757629395,0.8494343757629395,22400,0.0,0.0
0.0,0.8612861803717743,0.853384472294969,0.8573355674743652,115200,0.0,0.0
0.0,0.8573355674743652,0.8514091658462645,0.8573355674743652,89600,0.0,0.0
0.0,0.8652368433264015,0.8474576473236084,0.8474576473236084,307200,0.0,0.0
0.0,0.8533842340808048,0.8454825282096863,0.8454825282096863,99200,0.0,0.0
0.0,0.8494343757629395,0.8375815653014951,0.8494343757629395,147200,0.0,0.0
0.0,0.853384515024581,0.8375810980796814,0.8375810980796814,230400,0.0,0.0
0.0,0.8435074913442024,0.839556396007538,0.8395563960075378,35200,0.0,0.0
0.0,0.8454825282096863,0.8454825282096863,0.8454825282096863,192000,0.0,0.0
0.0,0.8454826639923557,0.8415320515632629,0.8415320515632629,80000,0.0,0.0
0.0,0.8415320515632629,0.8375809568522402,0.8415320515632629,99200,0.0,0.0
0.0,0.8454825282096863,0.8415319164150532,0.8454825282096863,51200,0.0,0.0
0.0,0.8415320515632629,0.8375809568522402,0.8415320515632629,44800,0.0,0.0
0.0,0.853384494781494,0.8454827864964802,0.8533844947814941,134400,0.0,0.0
0.0,0.853384494781494,0.849433881779987,0.8533844947814941,48000,0.0,0.0
0.0,0.8553594946861267,0.8494335773079594,0.8553594946861267,368000,0.0,0.0
0.0,0.8652375936508178,0.8612864970188235,0.8652375936508179,188800,0.0,0.0
0.0,0.8691882080006477,0.8652375936508178,0.8652375936508179,313600,0.0,0.0
0.0,0.8632611112916325,0.8612858057022094,0.8612858057022095,25600,0.0,0.0
0.0,0.8533842340808048,0.8454825282096863,0.8454825282096863,419200,0.0,0.0
0.0,0.853384494781494,0.8454827864964802,0.8533844947814941,400000,0.0,0.0
0.0,0.8494336222861718,0.8454825282096863,0.8454825282096863,384000,0.0,0.0
0.0,0.8375812165237597,0.8217777973440661,0.8257288932800293,115200,0.0,0.0
0.0,0.8277039527893068,0.8257286465525857,0.8277039527893066,35200,0.0,0.0
0.0,0.8277039527893068,0.8237528580339294,0.8277039527893066,57600,0.0,0.0
0.0,0.8257285572875355,0.8217774629592896,0.8217774629592896,92800,0.0,0.0
0.0,0.8375809956266589,0.8257286755087672,0.833630383014679,1462400,0.0,0.0
0.0,0.8336305839477816,0.8178271651268005,0.8178271651268005,508800,0.0,0.0
0.0,0.8217777786910115,0.8178271651268005,0.8178271651268005,144000,0.0,0.0
0.0,0.8178271696023347,0.8059743642807006,0.8059743642807007,137600,0.0,0.0
0.0,0.8178271651268005,0.80992545571631,0.8178271651268005,124800,0.0,0.0
0.0,0.8178271651268005,0.813876069280521,0.8178271651268005,16000,0.0,0.0
0.0,0.8217777786910115,0.8158513760626266,0.8178271651268005,67200,0.0,0.0
0.0,0.8296793103218079,0.819802296245611,0.8296793103218079,80000,0.0,0.0
0.0,0.837581170503344,0.8237530589103699,0.8237530589103699,179200,0.0,0.0
0.0,0.8257283692875459,0.8059738667077438,0.8099249601364136,246400,0.0,0.0
0.0,0.81387557128331,0.8099249601364136,0.8099249601364136,220800,0.0,0.0
0.0,0.8059740608256141,0.7901706478682491,0.7941217422485352,160000,0.0,0.0
0.0,0.7921459097982138,0.7743671917818512,0.7783182859420776,281600,0.0,0.0
0.0,0.7822684049606322,0.7783177955713074,0.7822684049606323,25600,0.0,0.0
0.0,0.7862194966315159,0.7822684049606322,0.7822684049606323,54400,0.0,0.0
0.0,0.7822684049606322,0.7822684049606322,0.7822684049606323,48000,0.0,0.0
0.0,0.7783184872452731,0.7743673920631409,0.7743673920631409,163200,0.0,0.0
0.0,0.7822684049606322,0.7783177955713074,0.7822684049606323,144000,0.0,0.0
0.0,0.7901711463928223,0.782269434928894,0.7901711463928223,720000,0.0,0.0
0.0,0.8059740826069249,0.7941217637095391,0.8020234704017639,1420800,0.0,0.0
0.0,0.8178271651268005,0.8020237463058195,0.8178271651268005,1545600,0.0,0.0
0.0,0.8178271651268005,0.813876069280521,0.8178271651268005,70400,0.0,0.0
0.0,0.8178271696023347,0.80202375069487,0.8059743642807007,956800,0.0,0.0
0.0,0.8158508768567582,0.8059738667077438,0.8099249601364136,2489600,0.0,0.0
0.0,0.8099249601364136,0.8020232555608475,0.8099249601364136,89600,0.0,0.0
0.0,0.8178274184565585,0.8099257065984382,0.815851628780365,278400,0.0,0.0
0.0,0.8138762882328798,0.8000481724739076,0.8000481724739075,380800,0.0,0.0
0.0,0.7960976609509017,0.7921465635299682,0.7921465635299683,70400,0.0,0.0
0.0,0.8099249601364136,0.7941215509852814,0.8099249601364136,691200,0.0,0.0
0.0,0.8079497997772839,0.8039991855621338,0.8039991855621338,435200,0.0,0.0
0.0,0.8059744926697089,0.8000480890648357,0.8039991855621338,86400,0.0,0.0
0.0,0.8039991855621338,0.8039991855621338,0.8039991855621338,208000,0.0,0.0
0.0,0.8020239547298116,0.7901711463928223,0.7901711463928223,374400,0.0,0.0
0.0,0.7941217422485352,0.7901706478682491,0.7941217422485352,288000,0.0,0.0
0.0,0.7980723543469316,0.7901706478682491,0.7941217422485352,531200,0.0,0.0
0.0,0.7941223533815653,0.7822695434010255,0.7921465635299683,160000,0.0,0.0
0.0,0.7921458253168858,0.7783182029354478,0.7842441201210022,345600,0.0,0.0
0.0,0.7842446749591125,0.7743676570469095,0.7802940607070923,697600,0.0,0.0
0.0,0.7881953716278076,0.7763425703205781,0.7881953716278076,89600,0.0,0.0
0.0,0.7941217422485352,0.7921459539174474,0.7941217422485352,169600,0.0,0.0
0.0,0.7980721592903138,0.7901704547428849,0.7980721592903137,92800,0.0,0.0
0.0,0.8059744926697089,0.8020238784545588,0.8039991855621338,768000,0.0,0.0
0.0,0.8059744926697089,0.8000480890648357,0.8039991855621338,339200,0.0,0.0
0.0,0.8039987765043445,0.8020234704017639,0.8020234704017639,697600,0.0,0.0
0.0,0.8059738638377426,0.7980721592903138,0.7980721592903137,281600,0.0,0.0
0.0,0.8020234487272176,0.7941217422485352,0.7941217422485352,115200,0.0,0.0
0.0,0.802023252704914,0.7980721592903138,0.7980721592903137,28800,0.0,0.0
0.0,0.8000482760895745,0.7921465635299682,0.7921465635299683,76800,0.0,0.0
0.0,0.7960970482977333,0.7901706478682491,0.7941217422485352,86400,0.0,0.0
0.0,0.7941217422485352,0.7901706478682491,0.7941217422485352,192000,0.0,0.0
0.0,0.8020239620696166,0.794122250533375,0.8000481724739075,716800,0.0,0.0
0.0,0.8178271651268005,0.79807265045954,0.8178271651268005,464000,0.0,0.0
0.0,0.8316546166806542,0.8217776026044573,0.8296793103218079,345600,0.0,0.0
0.0,0.8257288932800292,0.8217777973440661,0.8257288932800293,179200,0.0,0.0
0.0,0.8257288932800292,0.8178271836901824,0.8257288932800293,112000,0.0,0.0
0.0,0.8375810980796814,0.8296793896072315,0.8375810980796814,425600,0.0,0.0
0.0,0.8356058229849066,0.8316547274589539,0.8316547274589539,19200,0.0,0.0
0.0,0.8356055696853254,0.817826850912927,0.8217774629592896,579200,0.0,0.0
0.0,0.8217777786910115,0.80992545571631,0.8178271651268005,198400,0.0,0.0
0.0,0.8217775613358878,0.8138758540153503,0.8138758540153503,249600,0.0,0.0
0.0,0.8257288932800292,0.8099254741003357,0.8257288932800293,147200,0.0,0.0
0.0,0.8356054564294051,0.8198020458221437,0.8198020458221436,3161600,0.0,0.0
0.0,0.8257288932800292,0.8158513945811612,0.8257288932800293,35200,0.0,0.0
0.0,0.8316547274589539,0.8178270988231927,0.8316547274589539,204800,0.0,0.0
0.0,0.8336302636621441,0.8217774629592896,0.8217774629592896,342400,0.0,0.0
0.0,0.8257288932800292,0.8217777973440661,0.8257288932800293,256000,0.0,0.0
0.0,0.8296793103218079,0.8257286976041152,0.8296793103218079,19200,0.0,0.0
0.0,0.8415320515632629,0.8336303444231474,0.8415320515632629,64000,0.0,0.0
0.0,0.8573355674743652,0.8415321513207548,0.8573355674743652,224000,0.0,0.0
0.0,0.8770893216133118,0.863261216242643,0.8770893216133118,1497600,0.0,0.0
0.0,0.8810407519340515,0.8731390433170735,0.8810407519340515,304000,0.0,0.0
0.0,0.9007947845796568,0.8849913673063294,0.8928930759429932,832000,0.0,0.0
0.0,0.8988195746462305,0.8968442678451538,0.8968442678451538,48000,0.0,0.0
0.0,0.9086969841107905,0.9027705788612367,0.9027705788612366,118400,0.0,0.0
0.0,0.9086963702224011,0.9047457575798036,0.9047457575798035,275200,0.0,0.0
0.0,0.9067212343215942,0.8988195252692972,0.9067212343215942,137600,0.0,0.0
0.0,0.9086965410141568,0.9067212343215942,0.9067212343215942,32000,0.0,0.0
0.0,0.9106716765437,0.9027699689765487,0.9047457575798035,124800,0.0,0.0
0.0,0.9047456601768301,0.8968439534603596,0.9007945656776428,1344000,0.0,0.0
0.0,0.9007945656776428,0.9007945656776428,0.9007945656776428,435200,0.0,0.0
0.0,0.9086970686912537,0.9007953550504602,0.9086970686912537,115200,0.0,0.0
0.0,0.9165980219841003,0.9126474095820288,0.9165980219841003,38400,0.0,0.0
0.0,0.9165987823320472,0.9086970686912537,0.9086970686912537,214400,0.0,0.0
0.0,0.9126474651469548,0.9047457575798036,0.9047457575798035,28800,0.0,0.0
0.0,0.9047457575798036,0.9047457575798036,0.9047457575798035,6400,0.0,0.0
0.0,0.9086970686912537,0.9086970686912537,0.9086970686912537,92800,0.0,0.0
0.0,0.9047456601768301,0.9007945656776428,0.9007945656776428,553600,0.0,0.0
0.0,0.9047456601768301,0.8968439534603596,0.9007945656776428,64000,0.0,0.0
0.0,0.8968441888779136,0.8889424800872802,0.8889424800872803,73600,0.0,0.0
0.0,0.8849911689758302,0.8849911689758302,0.8849911689758301,16000,0.0,0.0
0.0,0.8810404155542897,0.8770893216133118,0.8770893216133118,76800,0.0,0.0
0.0,0.8731392621994017,0.8731392621994017,0.8731392621994019,3200,0.0,0.0
0.0,0.8652370340284089,0.8454825282096863,0.8454825282096863,528000,0.0,0.0
0.0,0.8573355674743652,0.84943385939756,0.8573355674743652,416000,0.0,0.0
0.0,0.8691882080006477,0.8612864970188235,0.8652375936508179,400000,0.0,0.0
0.0,0.8652375936508178,0.8612864970188235,0.8652375936508179,320000,0.0,0.0
0.0,0.8652372755511705,0.8573355674743652,0.8573355674743652,38400,0.0,0.0
0.0,0.859310805797577,0.859310805797577,0.8593108057975769,9600,0.0,0.0
0.0,0.8573354574209554,0.8435073494911194,0.8435073494911194,150400,0.0,0.0
0.0,0.8514093160629272,0.8474582201864275,0.8514093160629272,227200,0.0,0.0
0.0,0.8652373096711848,0.8494338928943779,0.8632615208625793,326400,0.0,0.0
0.0,0.8810407519340515,0.8691879478675745,0.8810407519340515,76800,0.0,0.0
0.0,0.8810409727972147,0.8731392621994017,0.8731392621994019,211200,0.0,0.0
0.0,0.8849913651015304,0.8770896564845524,0.8810407519340515,224000,0.0,0.0
0.0,0.8928930933415816,0.8849913845509481,0.8889424800872803,246400,0.0,0.0
0.0,0.8968441714023356,0.8928930759429932,0.8928930759429932,41600,0.0,0.0
0.0,0.9047457575798036,0.8968440500126522,0.9047457575798035,492800,0.0,0.0
0.0,0.9007945656776428,0.9007945656776428,0.9007945656776428,150400,0.0,0.0
0.0,0.9106716765437,0.9047457575798036,0.9047457575798035,281600,0.0,0.0
0.0,0.9205491166680986,0.9126474095820288,0.9165980219841003,227200,0.0,0.0
0.0,0.9165980219841003,0.9165980219841003,0.9165980219841003,297600,0.0,0.0
0.0,0.928450882434845,0.9205491748493653,0.928450882434845,1008000,0.0,0.0
0.0,0.936352752724769,0.9244999481459796,0.9324016571044922,1075200,0.0,0.0
0.0,0.926474991935696,0.9007945656776428,0.9007945656776428,361600,0.0,0.0
0.0,0.9007947845796568,0.8928930759429932,0.8928930759429932,252800,0.0,0.0
0.0,0.8928928758416858,0.8849911689758302,0.8849911689758301,99200,0.0,0.0
0.0,0.8849910272134317,0.8770893216133118,0.8770893216133118,48000,0.0,0.0
0.0,0.8770897198807109,0.8691880106925964,0.8691880106925964,70400,0.0,0.0
0.0,0.8731391064276812,0.8691880106925964,0.8691880106925964,32000,0.0,0.0
0.0,0.8612859399519234,0.8375808223385677,0.8454825282096863,342400,0.0,0.0
0.0,0.8494337980265028,0.8336303830146791,0.833630383014679,51200,0.0,0.0
0.0,0.8316546166806542,0.8217776026044573,0.8296793103218079,217600,0.0,0.0
0.0,0.8336303830146791,0.8138758731089232,0.833630383014679,432000,0.0,0.0
0.0,0.8375810980796814,0.8375810980796814,0.8375810980796814,268800,0.0,0.0
0.0,0.8533843711324712,0.8415320515632629,0.8415320515632629,92800,0.0,0.0
0.0,0.8375810180391584,0.8296793103218079,0.8296793103218079,22400,0.0,0.0
0.0,0.8257285433711893,0.8119004368782043,0.8119004368782043,57600,0.0,0.0
0.0,0.8079498766161123,0.7901711463928223,0.7901711463928223,192000,0.0,0.0
0.0,0.786219991980668,0.7743671917818512,0.7783182859420776,124800,0.0,0.0
0.0,0.7822688978204415,0.7783182859420776,0.7783182859420776,441600,0.0,0.0
0.0,0.7822684049606322,0.7783177955713074,0.7822684049606323,144000,0.0,0.0
0.0,0.7862199081313316,0.7822688143924841,0.7842441201210022,57600,0.0,0.0
0.0,0.7822684049606322,0.7783177955713074,0.7822684049606323,192000,0.0,0.0
0.0,0.7901711463928223,0.7783188203380269,0.7901711463928223,268800,0.0,0.0
0.0,0.7980721592903138,0.7901704547428849,0.7980721592903137,44800,0.0,0.0
0.0,0.8059745693206787,0.7901711463928223,0.7901711463928223,70400,0.0,0.0
0.0,0.7901711463928223,0.7901711463928223,0.7901711463928223,6400,0.0,0.0
0.0,0.786219991980668,0.7704165799034873,0.7783182859420776,115200,0.0,0.0
0.0,0.7783182859420776,0.7783182859420776,0.7783182859420776,112000,0.0,0.0
0.0,0.7941217422485352,0.7783183292911702,0.7941217422485352,489600,0.0,0.0
0.0,0.7980723543469316,0.7901706478682491,0.7941217422485352,99200,0.0,0.0
0.0,0.8000481724739076,0.794122250533375,0.8000481724739075,32000,0.0,0.0
0.8000481724739076,0.8000481724739076,0.8000481724739076,0.8000481724739075,0,0.0,0.0
0.0,0.8039991855621338,0.8039991855621338,0.8039991855621338,70400,0.0,0.0
0.0,0.802023252704914,0.7941215481574853,0.7980721592903137,227200,0.0,0.0
0.0,0.7941217422485352,0.7881953418190508,0.7941217422485352,80000,0.0,0.0
0.0,0.7941217722814223,0.7842442770980951,0.7881953716278076,35200,0.0,0.0
0.7881953716278076,0.7881953716278076,0.7881953716278076,0.7881953716278076,0,0.0,0.0
0.0,0.7842437096552947,0.7802931002659699,0.7822684049606323,57600,0.0,0.0
0.0,0.786219991980668,0.7783182859420776,0.7783182859420776,64000,0.0,0.0
0.0,0.7901707664132118,0.7546133230655983,0.7585639357566833,380800,0.0,0.0
0.0,0.7644903659820556,0.7625150595618231,0.7644903659820557,28800,0.0,0.0
0.0,0.7684406042098998,0.7644899932953465,0.7684406042098999,9600,0.0,0.0
0.0,0.8000481724739076,0.7743677305516721,0.8000481724739075,326400,0.0,0.0
0.0,0.8020228793924529,0.7862194776535035,0.7862194776535034,70400,0.0,0.0
0.0,0.7901711463928223,0.7901711463928223,0.7901711463928223,160000,0.0,0.0
0.0,0.7901700869474673,0.7822683860779925,0.7862194776535034,960000,0.0,0.0
0.0,0.7862194776535035,0.7822683860779925,0.7862194776535034,60800,0.0,0.0
0.0,0.7862194776535035,0.7822683860779925,0.7862194776535034,614400,0.0,0.0
0.0,0.7901705195883677,0.7842441201210022,0.7842441201210022,16000,0.0,0.0
0.0,0.7802935918812596,0.7783182859420776,0.7783182859420776,12800,0.0,0.0
0.0,0.7783182859420776,0.7743671917818512,0.7783182859420776,76800,0.0,0.0
0.0,0.7822688978204415,0.7783182859420776,0.7783182859420776,22400,0.0,0.0
0.0,0.7842441201210022,0.780293508663966,0.7842441201210022,16000,0.0,0.0
0.0,0.7881952138598497,0.7842441201210022,0.7842441201210022,19200,0.0,0.0
0.0,0.7842441201210022,0.7842441201210022,0.7842441201210022,144000,0.0,0.0
0.0,0.7881953716278076,0.7822689709741928,0.7881953716278076,240000,0.0,0.0
0.0,0.7941223533815653,0.786220640821959,0.7921465635299683,102400,0.0,0.0
0.0,0.7921459838756122,0.7881953716278076,0.7881953716278076,284800,0.0,0.0
0.0,0.7941222432658833,0.7901711463928223,0.7901711463928223,28800,0.0,0.0
0.0,0.7941222432658833,0.7901711463928223,0.7901711463928223,809600,0.0,0.0
0.0,0.7941222432658833,0.7901711463928223,0.7901711463928223,83200,0.0,0.0
0.0,0.7862199081313316,0.7822688143924841,0.7842441201210022,76800,0.0,0.0
0.0,0.7881953716278076,0.7881953716278076,0.7881953716278076,3200,0.0,0.0
0.0,0.7901711463928223,0.7901711463928223,0.7901711463928223,6400,0.0,0.0
0.0,0.7960964831699601,0.7862194776535035,0.7862194776535034,73600,0.0,0.0
0.0,0.7980721592903138,0.7901704547428849,0.7980721592903137,83200,0.0,0.0
0.0,0.7941217422485352,0.7862200357698527,0.7941217422485352,60800,0.0,0.0
0.0,0.7960976609509017,0.7921465635299682,0.7921465635299683,16000,0.0,0.0
0.0,0.8000482760895745,0.7921465635299682,0.7921465635299683,54400,0.0,0.0
0.0,0.7901700869474673,0.7842436907249745,0.7862194776535034,256000,0.0,0.0
0.0,0.7980721592903138,0.7901704547428849,0.7980721592903137,233600,0.0,0.0
0.0,0.802023252704914,0.7980721592903138,0.7980721592903137,32000,0.0,0.0
0.0,0.798072525463053,0.7960972189903258,0.7960972189903259,35200,0.0,0.0
0.0,0.802023252704914,0.7941215481574853,0.7980721592903137,163200,0.0,0.0
0.0,0.7941222432658833,0.7862205318019551,0.7901711463928223,355200,0.0,0.0
0.0,0.7901711463928223,0.7862205318019551,0.7901711463928223,224000,0.0,0.0
0.0,0.7941222432658833,0.7901711463928223,0.7901711463928223,70400,0.0,0.0
0.0,0.7862199081313316,0.7842441201210022,0.7842441201210022,19200,0.0,0.0
0.0,0.7980723543469316,0.7862200357698527,0.7941217422485352,403200,0.0,0.0
0.0,0.7822684049606322,0.7822684049606322,0.7822684049606323,1670400,0.0,0.0
0.0,0.7763426985132132,0.7743673920631409,0.7743673920631409,230400,0.0,0.0
0.0,0.7743673920631409,0.7743673920631409,0.7743673920631409,64000,0.0,0.0
0.0,0.7743673597004369,0.7565886378288268,0.7565886378288269,966400,0.0,0.0
0.0,0.7585641742478872,0.7467118501663208,0.7467118501663208,201600,0.0,0.0
0.0,0.7506620662009462,0.7388097484018603,0.7427603602409363,204800,0.0,0.0
0.0,0.7467111475351054,0.7388094448219384,0.7447353601455688,291200,0.0,0.0
0.0,0.7388101816177368,0.7388101816177368,0.7388101816177368,6400,0.0,0.0
0.0,0.7388099630078662,0.723006546497345,0.723006546497345,249600,0.0,0.0
0.0,0.7249818529906606,0.723006546497345,0.723006546497345,163200,0.0,0.0
0.0,0.7269571594839763,0.7190554512287156,0.723006546497345,347200,0.0,2.0
0.0,0.7230064886216901,0.7111536860466005,0.7111536860466003,28800,0.0,0.0
0.0,0.7190553117334174,0.7032518982887269,0.7032518982887268,225600,0.0,0.0
0.0,0.7190556526184082,0.711153942150074,0.7190556526184082,193600,0.0,0.0
0.0,0.7269571012920805,0.7111536860466005,0.7111536860466003,22400,0.0,0.0
0.0,0.7506620287895203,0.711153500958493,0.7506620287895203,113600,0.0,0.0
0.0,0.7664660215377808,0.7506625984132904,0.7664660215377808,99200,0.0,0.0
0.0,0.7664656434208155,0.7585639357566833,0.7585639357566833,188800,0.0,0.0
0.0,0.7506620287895203,0.7427603232233149,0.7506620287895203,297600,0.0,0.0
0.0,0.7506620287895203,0.7427603232233149,0.7506620287895203,118400,0.0,0.0
0.0,0.7506620287895203,0.7467114171473345,0.7506620287895203,60800,0.0,0.0
0.0,0.7506620287895203,0.7427603232233149,0.7506620287895203,57600,0.0,0.0
0.0,0.7664660215377808,0.7585643099755356,0.7664660215377808,163200,0.0,0.0
0.0,0.7664660215377808,0.7546136953355129,0.7664660215377808,136000,0.0,0.0
0.0,0.7625150307297304,0.7585639357566833,0.7585639357566833,32000,0.0,0.0
0.0,0.7546131603218802,0.7427603602409363,0.7427603602409363,41600,0.0,0.0
0.0,0.7348588677392369,0.723006546497345,0.723006546497345,78400,0.0,0.0
0.0,0.7151047809989501,0.7111536860466005,0.7111536860466003,240000,0.0,0.0
0.0,0.7269570827484132,0.7190553753272347,0.7269570827484131,8000,0.0,0.0
0.0,0.7348587901695915,0.7269570827484132,0.7269570827484131,4800,0.0,0.0
0.0,0.7269570827484132,0.7269570827484132,0.7269570827484131,336000,0.0,0.0
0.0,0.730908177599976,0.7269570827484132,0.7269570827484131,70400,0.0,0.0
0.0,0.7309082746505736,0.7269571792743812,0.7309082746505737,12800,0.0,0.0
0.0,0.7427603602409363,0.7309080424418503,0.7427603602409363,267200,0.0,0.0
0.0,0.7388099831209474,0.7309082746505736,0.7309082746505737,28800,0.0,0.0
0.0,0.7506620287895203,0.7348586176571094,0.7506620287895203,476800,0.0,0.0
0.0,0.7585639357566833,0.7585639357566833,0.7585639357566833,3200,0.0,0.0
0.0,0.7585637343557258,0.7506620287895203,0.7506620287895203,20800,0.0,0.0
0.0,0.7467118501663208,0.7467118501663208,0.7467118501663208,3200,0.0,0.0
0.0,0.7388101816177368,0.7309084710244035,0.7388101816177368,46400,0.0,0.0
0.0,0.7388101816177368,0.7348590851799999,0.7388101816177368,97600,0.0,0.0
0.0,0.7309082547526056,0.7190554512287156,0.723006546497345,89600,0.0,0.0
0.0,0.7230064062355422,0.7032518982887269,0.7032518982887268,417600,0.0,0.0
0.0,0.7111539488488978,0.6953505277633668,0.6953505277633667,745600,0.0,0.0
0.0,0.7072027921676637,0.6716448808634222,0.7072027921676636,307200,0.0,0.0
0.0,0.7111536860466005,0.7072030733762101,0.7111536860466003,36800,0.0,0.0
0.0,0.723006546497345,0.711153742973455,0.723006546497345,782400,0.0,0.0
0.0,0.7467118501663208,0.7111539133573943,0.7467118501663208,110400,0.0,0.0
0.0,0.7348588877447549,0.7269571792743812,0.7309082746505737,646400,0.0,0.0
0.0,0.7427603602409363,0.7269569483209164,0.7427603602409363,84800,0.0,0.0
0.0,0.7546131603218802,0.7427603602409363,0.7427603602409363,30400,0.0,0.0
0.0,0.7506620662009462,0.7427603602409363,0.7427603602409363,70400,0.0,0.0
0.0,0.7585637721609562,0.7427603602409363,0.7427603602409363,89600,0.0,0.0
0.0,0.7427603602409363,0.7348586542809263,0.7427603602409363,115200,0.0,0.0
0.0,0.7585639357566833,0.7506622280925512,0.7585639357566833,24000,0.0,0.0
0.0,0.7664656434208155,0.7585639357566833,0.7585639357566833,41600,0.0,0.0
0.0,0.7585641184160786,0.7348589897155762,0.7348589897155762,169600,0.0,0.0
0.0,0.7269570827484132,0.7269570827484132,0.7269570827484131,104000,0.0,0.0
0.0,0.7427603602409363,0.7269569483209164,0.7427603602409363,184000,0.0,0.0
0.0,0.7585637343557258,0.7348586176571094,0.7506620287895203,252800,0.0,0.0
0.0,0.7980721592903138,0.7427602274583118,0.7980721592903137,539200,0.0,0.0
0.0,0.8099249572523429,0.7980721592903138,0.7980721592903137,2484800,0.0,0.0
0.0,0.8573355674743652,0.8020236109367284,0.8573355674743652,190400,0.0,0.0
0.0,0.8691877012069409,0.8217774629592896,0.8217774629592896,99200,0.0,0.0
0.0,0.8454825282096863,0.813875704725212,0.8454825282096863,214400,0.0,0.0
0.0,0.8928930759429932,0.8612862413963385,0.8928930759429932,1080000,0.0,0.0
0.0,0.8928930759429932,0.8849913673063294,0.8928930759429932,169600,0.0,0.0
0.0,0.9007947845796568,0.8770896586696658,0.8928930759429932,235200,0.0,0.0
0.0,0.8849910272134317,0.8731387099541699,0.8770893216133118,252800,0.0,0.0
0.0,0.8770895965253849,0.8573355674743652,0.8573355674743652,96000,0.0,0.0
0.0,0.8691880106925964,0.8652373972395667,0.8691880106925964,17600,0.0,0.0
0.0,0.8770897198807109,0.8691880106925964,0.8691880106925964,104000,0.0,0.0
0.0,0.8889421211544096,0.8691876160131918,0.8770893216133118,73600,0.0,0.0
0.0,0.8928930759429932,0.8928930759429932,0.8928930759429932,35200,0.0,0.0
0.0,0.9007945827075414,0.8849911689758302,0.8849911689758301,33600,0.0,0.0
0.0,0.8928930933415816,0.8849913845509481,0.8889424800872803,97600,0.0,0.0
0.0,0.8849910272134317,0.8731387099541699,0.8770893216133118,150400,0.0,0.0
0.0,0.8770898763572378,0.8691881657594248,0.8731392621994019,84800,0.0,0.0
0.0,0.8849911689758302,0.8810405566838589,0.8849911689758301,110400,0.0,0.0
0.0,0.8770898763572378,0.8731392621994017,0.8731392621994019,73600,0.0,0.0
0.0,0.8928928758416858,0.8810405566838589,0.8849911689758301,33600,0.0,0.0
0.0,0.8849915869550508,0.8731392621994017,0.8731392621994019,75200,0.0,0.0
0.0,0.8731392621994017,0.8731392621994017,0.8731392621994019,14400,0.0,0.0
0.0,0.8849911689758302,0.8770894621099745,0.8849911689758301,75200,0.0,0.0
0.0,0.9047456601768301,0.8968439534603596,0.9007945656776428,169600,0.0,0.0
0.0,0.9086970686912537,0.9007953550504602,0.9086970686912537,187200,0.0,0.0
0.0,0.9165987823320472,0.9007953550504602,0.9086970686912537,588800,0.0,0.0
0.0,0.9047456601768301,0.9007945656776428,0.9007945656776428,75200,0.0,0.0
0.0,0.9047457575798036,0.8928929550880985,0.9047457575798035,179200,0.0,0.0
0.0,0.9442544385623958,0.908696507978735,0.9363527297973633,648000,0.0,0.0
0.0,0.932401096718943,0.9244993925094603,0.9244993925094604,204800,0.0,0.0
0.0,0.9324014138819711,0.9205490946769713,0.9205490946769714,195200,0.0,0.0
0.0,0.9165980219841003,0.9086963148980306,0.9165980219841003,382400,0.0,0.0
0.0,0.9126476049423217,0.9086965094125565,0.9126476049423218,134400,0.0,0.0
0.0,0.9086962723941133,0.8849911522447017,0.9007945656776428,164800,0.0,0.0
0.0,0.9047457575798036,0.8928929550880985,0.9047457575798035,110400,0.0,0.0
0.0,0.9086970686912537,0.9007953550504602,0.9086970686912537,169600,0.0,0.0
0.0,0.9007945827075414,0.8849911689758302,0.8849911689758301,28800,0.0,0.0
0.0,0.8928930759429932,0.8928930759429932,0.8928930759429932,38400,0.0,0.0
0.0,0.8928928758416858,0.8849911689758302,0.8849911689758301,136000,0.0,0.0
0.0,0.8770897198807109,0.8691880106925964,0.8691880106925964,83200,0.0,0.0
0.0,0.8770898763572378,0.8691881657594248,0.8731392621994019,249600,0.0,0.0
0.0,0.8849911689758302,0.8770894621099745,0.8849911689758301,48000,0.0,0.0
0.0,0.8849914290688254,0.8691880106925964,0.8691880106925964,120000,0.0,0.0
0.0,0.8691879113515217,0.853384494781494,0.8533844947814941,201600,0.0,0.0
0.0,0.8533842340808048,0.8454825282096863,0.8454825282096863,83200,0.0,0.0
0.0,0.8375808757085067,0.8217774629592896,0.8217774629592896,25600,0.0,0.0
0.0,0.8296791693338982,0.8217774629592896,0.8217774629592896,643200,0.0,0.0
0.0,0.8217774629592896,0.8217774629592896,0.8217774629592896,192000,0.0,0.0
0.0,0.8375810980796814,0.8217776811347818,0.8375810980796814,43200,0.0,0.0
0.0,0.8612858057022094,0.8454823964232698,0.8612858057022095,553600,0.0,0.0
0.0,0.8928930759429932,0.8691879500330022,0.8928930759429932,483200,0.0,0.0
0.0,0.8849914290688254,0.8691880106925964,0.8691880106925964,59200,0.0,0.0
0.0,0.8691878884485796,0.853384472294969,0.8573355674743652,3208000,0.0,0.0
0.0,0.8770898763572378,0.8691881657594248,0.8731392621994019,366400,0.0,0.0
0.0,0.8849910272134317,0.8731387099541699,0.8770893216133118,81600,0.0,0.0
0.0,0.9047457575798036,0.8849912475209473,0.9047457575798035,593600,0.0,0.0
0.0,0.9086964932163205,0.8889424627656719,0.8928930759429932,433600,0.0,0.0
0.0,0.9007948474450546,0.8691880106925964,0.8691880106925964,222400,0.0,0.0
0.0,0.8849915869550508,0.8731392621994017,0.8731392621994019,131200,0.0,0.0
0.0,0.9007948814473072,0.8810408488723941,0.8968442678451538,156800,0.0,0.0
0.0,0.9165980219841003,0.8889422883238193,0.9165980219841003,201600,0.0,0.0
0.0,0.9086970686912537,0.9086970686912537,0.9086970686912537,62400,0.0,0.0
0.0,0.9007947845796568,0.8928930759429932,0.8928930759429932,172800,0.0,0.0
0.0,0.9126476049423217,0.8928930918575555,0.9126476049423218,123200,0.0,0.0
0.0,0.9126473668933007,0.9007945656776428,0.9007945656776428,41600,0.0,0.0
0.0,0.916598218190057,0.8849913830800551,0.9126476049423218,361600,0.0,0.0
0.0,0.9284508237541684,0.9165980219841003,0.9165980219841003,246400,0.0,0.0
0.0,0.9165979791105839,0.9007945656776428,0.9007945656776428,385600,0.0,0.0
0.0,0.9324014950866063,0.9007946647446874,0.928450882434845,92800,0.0,0.0
0.0,0.9244999269675575,0.9086965094125565,0.9126476049423218,30400,0.0,0.0
0.0,0.9126473841472814,0.8849911689758302,0.8849911689758301,276800,0.0,0.0
0.0,0.9007945827075414,0.8849911689758302,0.8849911689758301,440000,0.0,0.0
0.0,0.8928928758416858,0.8770894621099745,0.8849911689758301,83200,0.0,0.0
0.0,0.8770898763572378,0.8612864551616118,0.8731392621994019,65600,0.0,0.0
0.0,0.8770899189824717,0.8612864970188235,0.8652375936508179,75200,0.0,0.0
0.0,0.8770893216133118,0.8612859104130719,0.8770893216133118,100800,0.0,0.0
0.0,0.8810408156157957,0.8612863015044819,0.8691880106925964,216000,0.0,0.0
0.0,0.8731391064276812,0.8691880106925964,0.8691880106925964,172800,0.0,0.0
0.0,0.8770897198807109,0.8691880106925964,0.8691880106925964,14400,0.0,0.0
0.0,0.8691875103416792,0.8612858057022094,0.8612858057022095,70400,0.0,0.0
0.0,0.8770893216133118,0.8612859104130719,0.8770893216133118,33600,0.0,0.0
0.0,0.8770896196365355,0.853384494781494,0.8533844947814941,208000,0.0,0.0
0.0,0.8494336222861718,0.8454825282096863,0.8454825282096863,46400,0.0,0.0
0.0,0.8494336222861718,0.8454825282096863,0.8454825282096863,46400,0.0,0.0
0.0,0.8770897198807109,0.8573356880514522,0.8691880106925964,62400,0.0,0.0
0.0,0.8770893216133118,0.8612859104130719,0.8770893216133118,400000,0.0,0.0
0.0,0.8810404155542897,0.8691876160131918,0.8770893216133118,609600,0.0,0.0
0.0,0.9047456601768301,0.8691877388117606,0.9007945656776428,833600,0.0,0.0
0.0,0.8968438267545296,0.8770893216133118,0.8770893216133118,459200,0.0,0.0
0.0,0.89289313825694,0.8691880106925964,0.8691880106925964,67200,0.0,0.0
0.0,0.8770897198807109,0.8612863015044819,0.8691880106925964,131200,0.0,0.0
0.0,0.8889424800872802,0.8770896757603146,0.8889424800872803,57600,0.0,0.0
0.0,0.8849913651015304,0.8731390433170735,0.8810407519340515,27200,0.0,0.0
0.0,0.8889424605510294,0.8770896564845524,0.8810407519340515,779200,0.0,0.0
0.0,0.8928930737185083,0.8810407519340515,0.8810407519340515,364800,0.0,0.0
0.0,0.9086970686912537,0.9007953550504602,0.9086970686912537,430400,0.0,0.0
0.0,0.9165987823320472,0.8928936414096666,0.9086970686912537,321600,0.0,0.0
0.0,0.9086963702224011,0.8968440500126522,0.9047457575798035,192000,0.0,0.0
0.0,0.9126474651469548,0.9047457575798036,0.9047457575798035,36800,0.0,0.0
0.0,0.9126473668933007,0.9007945656776428,0.9007945656776428,33600,0.0,0.0
0.0,0.89289313825694,0.8652373972395667,0.8691880106925964,83200,0.0,0.0
0.0,0.8849910272134317,0.8652370043540499,0.8770893216133118,116800,0.0,0.0
0.0,0.8928930759429932,0.8612862413963385,0.8928930759429932,126400,0.0,0.0
0.0,0.9007947845796568,0.8889424627656719,0.8928930759429932,124800,0.0,0.0
0.0,0.89289313825694,0.8691880106925964,0.8691880106925964,219200,0.0,0.0
0.0,0.8849911689758302,0.8810405566838589,0.8849911689758301,462400,0.0,0.0
0.0,0.8849911689758302,0.8770894621099745,0.8849911689758301,68800,0.0,0.0
0.0,0.9086964932163205,0.8770896586696658,0.8928930759429932,200000,0.0,0.0
0.0,0.9086962723941133,0.8968439534603596,0.9007945656776428,73600,0.0,0.0
0.0,0.94820499420166,0.9047458397750839,0.9482049942016602,260800,0.0,0.0
0.0,0.9561067819595337,0.9403033640759051,0.9561067819595337,395200,0.0,0.0
0.0,0.9640086474377296,0.9482052269879307,0.9600580334663391,534400,0.0,0.0
0.0,0.9719100594520569,0.952156031091984,0.9719100594520569,328000,0.0,0.0
0.0,1.0114180297851563,0.9719095129966736,0.9877129197120667,465600,0.0,0.0
0.0,1.0193204088136554,0.9916646698705733,1.0114187002182007,462400,0.0,0.0
0.0,1.0351236213849286,1.0035167932510376,1.0035167932510376,473600,0.0,0.0
0.0,1.0193198919296265,0.9956147781638212,1.0193198919296265,142400,0.0,0.0
0.0,1.0430256128311157,1.0272221944548867,1.0430256128311157,112000,0.0,0.0
0.0,1.0746322870254517,1.046976550191523,1.0746322870254517,1432000,0.0,0.0
0.0,1.0904352819690426,1.0706812607554288,1.086484670639038,220800,0.0,0.0
0.0,1.090436162396964,1.0667310284318128,1.078583836555481,473600,0.0,0.0
0.0,1.086484670639038,1.074631872085433,1.086484670639038,145600,0.0,0.0
0.0,1.098337173461914,1.0785831488931064,1.098337173461914,516800,0.0,0.0
0.0,1.1378457109693072,1.1062388856646042,1.1220422983169556,492800,0.0,0.0
0.0,1.1220420752795162,1.110189759287174,1.1180914640426636,566400,0.0,0.0
0.0,1.1141408681869507,1.0904357433319092,1.0904357433319092,542400,0.0,0.0
0.0,1.129943922056374,1.090435393313144,1.114140510559082,89600,0.0,0.0
0.0,1.114140510559082,1.1101898988256815,1.114140510559082,32000,0.0,0.0
0.0,1.122042216307728,1.1101898988256815,1.114140510559082,284800,0.0,0.0
0.0,1.122042216307728,1.09833709906179,1.114140510559082,25600,0.0,0.0
0.0,1.1062393366245642,1.0983376270772458,1.1022887229919434,395200,0.0,0.0
0.0,1.1062391599019368,1.0904357433319092,1.0904357433319092,249600,0.0,0.0
0.0,1.0904356214735242,1.0667304992675781,1.0667304992675781,64000,0.0,0.0
0.0,1.0667304992675781,1.0351236696596497,1.0667304992675781,232000,0.0,0.0
0.0,1.0746322066695602,1.058828791865596,1.0667304992675781,542400,0.0,0.0
0.0,1.0825334787368774,1.066730070288164,1.0825334787368774,433600,0.0,0.0
0.0,1.0983374516169229,1.0825340350468953,1.0904357433319092,451200,0.0,0.0
0.0,1.0943868160247803,1.0746323045790238,1.0943868160247803,552000,0.0,0.0
0.0,1.086485090155694,1.0667305790326174,1.0746322870254517,88000,0.0,0.0
0.0,1.0904357433319092,1.0746323267618814,1.0904357433319092,508800,0.0,0.0
0.0,1.0904356214735242,1.0667304992675781,1.0667304992675781,80000,0.0,0.0
0.0,1.0943868160247803,1.0667305964571192,1.0943868160247803,1136000,0.0,0.0
0.0,1.1299437284469604,1.1062386152627586,1.1299437284469604,516800,0.0,0.0
0.0,1.1457468610670831,1.1299434560868475,1.1378451585769653,468800,0.0,0.0
0.0,1.1378454328416945,1.1299437284469604,1.1299437284469604,262400,0.0,0.0
0.0,1.1299440046431315,1.1220422983169556,1.1220422983169556,172800,0.0,0.0
0.0,1.1180929412003182,1.1101912260055542,1.1101912260055542,38400,0.0,0.0
0.0,1.1180929412003182,1.1062401272669615,1.1101912260055542,126400,0.0,0.0
0.0,1.1062389612197876,1.1022883489278166,1.1062389612197876,163200,0.0,0.0
0.0,1.1062391189967884,1.0746322870254517,1.0746322870254517,76800,0.0,0.0
0.0,1.0825334787368774,1.0746317745125207,1.0825334787368774,78400,0.0,0.0
0.0,1.0864845719899319,1.0825334787368774,1.0825334787368774,104000,0.0,0.0
0.0,1.0943862762142886,1.0825334787368774,1.0825334787368774,334400,0.0,0.0
0.0,1.086485090155694,1.0746322870254517,1.0746322870254517,1142400,0.0,0.0
0.0,1.0706817548618055,1.0351238250732422,1.0351238250732422,548800,0.0,0.0
0.0,1.039075062236271,1.0074682235717773,1.0074682235717773,206400,0.0,0.0
0.0,1.007467866537549,0.9798116513660977,0.9956150650978088,912000,0.0,0.0
0.0,1.0588290312073447,1.0114187760786577,1.0430256128311157,252800,0.0,0.0
0.0,1.054878417754315,1.0351239036430013,1.0430256128311157,294400,0.0,0.0
0.0,1.0469764471054077,1.0430253523570274,1.0469764471054077,196800,0.0,0.0
0.0,1.0430255336615877,1.0351238250732422,1.0351238250732422,78400,0.0,0.0
0.0,1.0430256128311157,1.0311732901899715,1.0430256128311157,80000,0.0,0.0
0.0,1.0588288307189941,1.0351237076431956,1.0588288307189941,196800,0.0,0.0
0.0,1.0825334787368774,1.0509266618394504,1.0825334787368774,364800,0.0,0.0
0.0,1.0825344510752468,1.0746327397535298,1.078583836555481,201600,0.0,0.0
0.0,1.0825344510752468,1.0746327397535298,1.078583836555481,40000,0.0,0.0
0.0,1.086485090155694,1.0746322870254517,1.0746322870254517,104000,0.0,0.0
0.0,1.0825339950182857,1.0706816741700256,1.0746322870254517,78400,0.0,0.0
0.0,1.070682168006897,1.070682168006897,1.070682168006897,22400,0.0,0.0
0.0,1.0904352819690426,1.0706812607554288,1.086484670639038,97600,0.0,0.0
0.0,1.0746327826844877,1.070682168006897,1.070682168006897,132800,0.0,0.0
0.0,1.0667308201467183,1.0509274005889893,1.0509274005889893,433600,0.0,0.0
0.0,1.0825339950182857,1.0588288710397833,1.0746322870254517,196800,0.0,0.0
0.0,1.0825339950182857,1.0746322870254517,1.0746322870254517,384000,0.0,0.0
0.0,1.086485090155694,1.0667305790326174,1.0746322870254517,200000,0.0,0.0
0.0,1.0943868160247803,1.0746323045790238,1.0943868160247803,216000,0.0,0.0
0.0,1.106238879745813,1.098337173461914,1.098337173461914,187200,0.0,0.0
0.0,1.106238879745813,1.098337173461914,1.098337173461914,56000,0.0,0.0
0.0,1.098336887185591,1.0825334787368774,1.0825334787368774,240000,0.0,0.0
0.0,1.0746322870254517,1.0667305790326174,1.0746322870254517,152000,0.0,0.0
0.0,1.0904358679598027,1.0430256128311157,1.0430256128311157,702400,0.0,0.0
0.0,1.043025574317345,1.0272221565246582,1.0272221565246582,355200,0.0,0.0
0.0,1.0351238654210015,1.0193204476283146,1.0272221565246582,412800,0.0,0.0
0.0,1.0351238250732422,1.027222116484897,1.0351238250732422,483200,0.0,0.0
0.0,1.039074920508424,1.027222116484897,1.0351238250732422,188800,0.0,0.0
0.0,1.039074961010192,1.0193204476283146,1.0272221565246582,464000,0.0,0.0
0.0,1.019320625325511,1.0153700113296509,1.0153700113296509,75200,0.0,0.0
0.0,1.0193202073179832,1.0035167932510376,1.0035167932510376,102400,0.0,0.0
0.0,0.995615065097809,0.9877133582319533,0.9956150650978088,35200,0.0,0.0
0.0,1.0074682235717773,1.0035171275976735,1.0074682235717773,35200,0.0,0.0
0.0,1.0074682235717773,1.0035171275976735,1.0074682235717773,49600,0.0,0.0
0.0,1.0272221565246582,0.9877136120429405,1.0272221565246582,372800,0.0,0.0
0.0,1.027221596518228,1.0193198919296265,1.0193198919296265,30400,0.0,0.0
0.0,1.0193202073179832,1.0035167932510376,1.0035167932510376,160000,0.0,0.0
0.0,1.0074682235717773,0.9877137082654266,1.0074682235717773,129600,0.0,0.0
0.0,1.007467866537549,0.995615065097809,0.9956150650978088,932800,0.0,0.0
0.0,1.0035167932510376,1.0035167932510376,1.0035167932510376,24000,0.0,0.0
0.0,1.0193204088136554,1.003516991622746,1.0114187002182007,324800,0.0,0.0
0.0,1.0193201856953757,0.995615065097809,0.9956150650978088,166400,0.0,0.0
0.0,1.0509274005889893,1.0114188516946663,1.0509274005889893,286400,0.0,0.0
0.0,1.043025574317345,1.0272221565246582,1.0272221565246582,62400,0.0,0.0
0.0,1.03512330110683,1.0193198919296265,1.0193198919296265,123200,0.0,0.0
0.0,1.0232709853648143,1.0193198919296265,1.0193198919296265,412800,0.0,0.0
0.0,1.0430256128311157,1.0193204852667723,1.0430256128311157,747200,0.0,0.0
0.0,1.066730538410927,1.0509271230270614,1.0588288307189941,184000,0.0,0.0
0.0,1.0667304992675781,1.058828791865596,1.0667304992675781,52800,0.0,0.0
0.0,1.0904356214735242,1.058828791865596,1.0667304992675781,892800,0.0,0.0
0.0,1.066730538410927,1.0548782180140095,1.0588288307189941,54400,0.0,0.0
0.0,1.070681594109542,1.0667304992675781,1.0667304992675781,217600,0.0,0.0
0.0,1.066730538410927,1.0548782180140095,1.0588288307189941,64000,0.0,0.0
0.0,1.0746322870254517,1.0706816741700256,1.0746322870254517,96000,0.0,0.0
0.0,1.0825339950182857,1.0667305790326174,1.0746322870254517,208000,0.0,0.0
0.0,1.1220422983169556,1.082533766686077,1.1220422983169556,308800,0.0,0.0
0.0,1.1180917626595277,1.1062389612197876,1.1062389612197876,651200,0.0,0.0
0.0,1.1062391599019368,1.0825340350468953,1.0904357433319092,105600,0.0,0.0
0.0,1.0943862762142886,1.0746317745125207,1.0825334787368774,137600,0.0,0.0
0.0,1.090436162396964,1.078583836555481,1.078583836555481,46400,0.0,0.0
0.0,1.086485547877198,1.0746327397535298,1.078583836555481,116800,0.0,0.0
0.0,1.074631620866486,1.0627793073654175,1.0627793073654175,284800,0.0,0.0
0.0,1.0548781114807433,1.0311729907989502,1.0311729907989502,88000,0.0,0.0
0.0,1.0390746976928813,1.0311729907989502,1.0311729907989502,83200,0.0,0.0
0.0,1.0193198919296265,1.0114181873410246,1.0193198919296265,126400,0.0,0.0
0.0,1.0114186809908958,0.9798118472099303,0.9798118472099304,448000,0.0,0.0
0.0,1.0074682235717773,0.9719102889331799,1.0074682235717773,792000,0.0,0.0
0.0,1.0114187002182007,1.003516991622746,1.0114187002182007,256000,0.0,0.0
0.0,1.0114187002182007,1.003516991622746,1.0114187002182007,59200,0.0,0.0
0.0,1.0232709646224976,1.0114181668389712,1.0232709646224976,382400,0.0,0.0
0.0,1.0351238260045648,1.003516991622746,1.0114187002182007,334400,0.0,0.0
0.0,1.0193198919296265,1.0114181873410246,1.0193198919296265,28800,0.0,0.0
0.0,1.02722157569583,1.0232709646224976,1.0232709646224976,264000,0.0,0.0
0.0,1.0430256128311157,1.023271581001857,1.0430256128311157,300800,0.0,0.0
0.0,1.070681594109542,1.0509270844636138,1.0667304992675781,449600,0.0,0.0
0.0,1.066730538410927,1.0509271230270614,1.0588288307189941,46400,0.0,0.0
0.0,1.0548778772354126,1.0509267835248663,1.0548778772354126,20800,0.0,0.0
0.0,1.0548778772354126,1.0548778772354126,1.0548778772354126,132800,0.0,0.0
0.0,1.0509273398172727,1.0311733076534684,1.0390750169754028,395200,0.0,0.0
0.0,1.0390750169754028,1.0311733076534684,1.0390750169754028,104000,0.0,0.0
0.0,1.0469766699065355,1.023271543217505,1.0272221565246582,641600,0.0,0.0
0.0,1.0193204088136554,0.999566378466028,1.0114187002182007,1534400,0.0,0.0
0.0,1.027221596518228,1.0114181873410246,1.0193198919296265,601600,0.0,0.0
0.0,1.0390746976928813,1.0272218962110273,1.0311729907989502,342400,0.0,0.0
0.0,1.0351238260045648,1.0114187002182007,1.0114187002182007,228800,0.0,0.0
0.0,0.9956146230697632,0.9798112163543702,0.9877129197120667,288000,0.0,0.0
0.0,0.9956153465099021,0.9640085101127625,0.9640085101127625,142400,0.0,0.0
0.0,0.9995662569999694,0.9600577188237247,0.9995662569999695,788800,0.0,0.0
0.0,1.0272221565246582,0.9995664165284743,1.0272221565246582,425600,0.0,0.0
0.0,1.058828488664151,1.027221668107012,1.0548778772354126,550400,0.0,0.0
0.0,1.0509273220192303,1.0430256128311157,1.0430256128311157,713600,0.0,0.0
0.0,1.0430256304953385,1.0390750169754028,1.0390750169754028,204800,0.0,0.0
0.0,1.0351238250732422,1.0351238250732422,1.0351238250732422,592000,0.0,0.0
0.0,1.0390746976928813,1.0311729907989502,1.0311729907989502,27200,0.0,0.0
0.0,1.0509274005889893,1.0272222712523955,1.0509274005889893,225600,0.0,0.0
0.0,1.0667308201467183,1.0430256908101245,1.0509274005889893,206400,0.0,0.0
0.0,1.0430255346000195,1.0114187002182007,1.0114187002182007,206400,0.0,0.0
0.0,1.0114188372637969,1.0035171275976735,1.0074682235717773,88000,0.0,0.0
0.0,1.0311729907989502,1.0114184824231653,1.0311729907989502,116800,0.0,0.0
0.0,1.027222335599352,1.0153700113296509,1.0153700113296509,121600,0.0,0.0
0.0,1.0114188372637969,0.9956154179315501,1.0074682235717773,304000,0.0,0.0
0.0,1.0114185002845104,1.0035167932510376,1.0035167932510376,292800,0.0,0.0
0.0,1.0114187002182007,1.0074680870614827,1.0114187002182007,164800,0.0,0.0
0.0,1.02722157569583,1.0153692601940683,1.0232709646224976,204800,0.0,0.0
0.0,1.0272222565960436,1.0074682235717773,1.0074682235717773,452800,0.0,0.0
0.0,1.0114188372637969,1.0035171275976735,1.0074682235717773,97600,0.0,0.0
0.0,0.9995663594640386,0.9798118472099303,0.9798118472099304,198400,0.0,0.0
0.0,1.0035167719636646,0.9798116513660977,0.9956150650978088,304000,0.0,0.0
0.0,0.9956146028627547,0.9916639924049376,0.9916639924049377,190400,0.0,0.0
0.0,0.995615065097809,0.9837627459399821,0.9956150650978088,88000,0.0,0.0
0.0,0.9877129094759899,0.9719095029243741,0.975860595703125,150400,0.0,0.0
0.0,0.9877134750529033,0.9719100594520569,0.9719100594520569,209600,0.0,0.0
0.0,0.995615065097809,0.9798116513660977,0.9956150650978088,265600,0.0,0.0
0.0,1.0035167719636646,0.995615065097809,0.9956150650978088,56000,0.0,0.0
0.0,0.9877136374106172,0.9640085101127625,0.9640085101127625,264000,0.0,0.0
0.0,0.9719101190567015,0.9403032859166462,0.9482049942016602,238400,0.0,0.0
0.0,0.9482045051379081,0.9244993925094603,0.9244993925094604,457600,0.0,0.0
0.0,0.9165979791105839,0.8691877388117606,0.9007945656776428,680000,0.0,0.0
0.0,0.9363527297973633,0.908696507978735,0.9363527297973633,451200,0.0,0.0
0.0,0.9679595828056335,0.940303360474197,0.9679595828056335,316800,0.0,0.0
0.0,0.9679595885588196,0.9324016571044923,0.9324016571044922,553600,0.0,0.0
0.0,0.9324014138819711,0.9205490946769713,0.9205490946769714,144000,0.0,0.0
0.0,0.9442537426948547,0.9205486338692309,0.9442537426948547,94400,0.0,0.0
0.0,0.9442542976058044,0.9244997875011266,0.928450882434845,139200,0.0,0.0
0.0,0.9284508237541684,0.9165980219841003,0.9165980219841003,105600,0.0,0.0
0.0,0.9165987823320472,0.9007953550504602,0.9086970686912537,62400,0.0,0.0
0.0,0.9086970686912537,0.8849919277688731,0.9086970686912537,1849600,0.0,0.0
0.0,0.9324016571044923,0.9086965302289544,0.9324016571044922,376000,0.0,0.0
0.0,0.9442538941740424,0.9244993925094603,0.9244993925094604,248000,0.0,0.0
0.0,0.9482050750215175,0.916598239187467,0.9324016571044922,348800,0.0,0.0
0.0,0.9482053347996303,0.9363530092557215,0.9403036236763,475200,0.0,0.0
0.0,0.9324016571044923,0.9324016571044923,0.9324016571044922,128000,0.0,0.0
0.0,0.9324016571044923,0.9086965302289544,0.9324016571044922,372800,0.0,0.0
0.0,0.9244997069846662,0.9086962931900565,0.9205490946769714,107200,0.0,0.0
0.0,0.9244999104896477,0.8928930759429932,0.8928930759429932,772800,0.0,0.0
0.0,0.9165987823320472,0.8968447393712267,0.9086970686912537,291200,0.0,0.0
0.0,0.916598218190057,0.900794800635056,0.9126476049423218,340800,0.0,0.0
0.0,0.9165987823320472,0.9086970686912537,0.9086970686912537,41600,0.0,0.0
0.0,0.9126476049423217,0.900794800635056,0.9126476049423218,152000,0.0,0.0
0.0,0.908696289573397,0.8849911689758302,0.8849911689758301,315200,0.0,0.0
0.0,0.8849911689758302,0.8810405566838589,0.8849911689758301,638400,0.0,0.0
0.0,0.8810408156157957,0.8691880106925964,0.8691880106925964,120000,0.0,0.0
0.0,0.8691875103416792,0.8612858057022094,0.8612858057022095,368000,0.0,0.0
0.0,0.8731386038023028,0.8612858057022094,0.8612858057022095,1179200,0.0,0.0
0.0,0.8810404155542897,0.8691876160131918,0.8770893216133118,1110400,0.0,0.0
0.0,0.8849911689758302,0.869187755244119,0.8849911689758301,70400,0.0,0.0
0.0,0.9165980219841003,0.8928929007258909,0.9165980219841003,446400,0.0,0.0
0.0,0.9324016571044923,0.9205493348077438,0.9324016571044922,83200,0.0,0.0
0.0,0.9403036236763,0.9324019125529698,0.9403036236763,147200,0.0,0.0
0.0,0.9600577977701807,0.94820499420166,0.9482049942016602,148800,0.0,0.0
0.0,0.9482053347996303,0.9403036236763,0.9403036236763,249600,0.0,0.0
0.0,0.9482045051379081,0.9244993925094603,0.9244993925094604,54400,0.0,0.0
0.0,0.9324016571044923,0.9244999481459796,0.9324016571044922,11200,0.0,0.0
0.0,0.9324022096136342,0.9007953550504602,0.9086970686912537,320000,0.0,0.0
0.0,0.9165979791105839,0.9007945656776428,0.9007945656776428,113600,0.0,0.0
0.0,0.9165987823320472,0.9086970686912537,0.9086970686912537,440000,0.0,0.0
0.0,0.9165980219841003,0.9007946078119607,0.9165980219841003,102400,0.0,0.0
0.0,0.9165987823320472,0.9086970686912537,0.9086970686912537,307200,0.0,0.0
0.0,0.9086970686912537,0.8968447393712267,0.9086970686912537,217600,0.0,0.0
0.0,0.9324016571044923,0.9086965302289544,0.9324016571044922,1024000,0.0,0.0
0.0,0.9245004959728407,0.9086970686912537,0.9086970686912537,190400,0.0,0.0
0.0,0.9205493137198222,0.9086965094125565,0.9126476049423218,187200,0.0,0.0
0.0,0.94820499420166,0.900794744491577,0.9482049942016602,864000,0.0,0.0
0.0,0.9561070459229606,0.9363530092557215,0.9403036236763,107200,0.0,0.0
0.0,0.9798119283113322,0.9442544785055749,0.9640085101127625,710400,0.0,0.0
0.0,0.9640084107716878,0.94820499420166,0.9482049942016602,321600,0.0,0.0
0.0,0.9561067819595337,0.9403033640759051,0.9561067819595337,483200,0.0,0.0
0.0,0.9561067819595337,0.9482050730177194,0.9561067819595337,70400,0.0,0.0
0.0,0.9600577977701807,0.9403032859166462,0.9482049942016602,412800,0.0,0.0
0.0,0.9679595828056335,0.9482050693857449,0.9679595828056335,1081600,0.0,0.0
0.0,1.0035163060600782,0.9679588828129674,0.9916639924049377,324800,0.0,0.0
0.0,0.995615065097809,0.9837627459399821,0.9956150650978088,492800,0.0,0.0
0.0,1.0114185002845104,0.9877133791840922,1.0035167932510376,200000,0.0,0.0
0.0,1.0351238250732422,1.0114186993082062,1.0351238250732422,184000,0.0,0.0
0.0,1.0351232801242596,1.0232709646224976,1.0232709646224976,300800,0.0,0.0
0.0,1.0232713799057163,0.9995662569999694,0.9995662569999695,209600,0.0,0.0
0.0,1.0114184788295202,0.9916644528058377,0.9956150650978088,203200,0.0,0.0
0.0,1.0035169725456545,0.9719101387646889,0.9798118472099304,73600,0.0,0.0
0.0,0.9995662569999694,0.971910039135618,0.9995662569999695,444800,0.0,0.0
0.0,1.0193198919296265,0.9995658715990091,1.0193198919296265,499200,0.0,0.0
0.0,1.0509273220192303,1.0114187760786577,1.0430256128311157,940800,0.0,0.0
0.0,1.0509270595718534,1.0430253523570274,1.0469764471054077,235200,0.0,0.0
0.0,1.0430255336615877,1.027222116484897,1.0351238250732422,291200,0.0,0.0
0.0,1.0430256304953385,1.0272222118514696,1.0390750169754028,1132800,0.0,0.0
0.0,1.0825339950182857,1.046976550191523,1.0746322870254517,212800,0.0,0.0
0.0,1.0825341587716883,1.0351239036430013,1.0430256128311157,251200,0.0,0.0
0.0,1.0588291103678538,1.0509274005889893,1.0509274005889893,100800,0.0,0.0
0.0,1.066730538410927,1.0430254153351284,1.0588288307189941,377600,0.0,0.0
0.0,1.070681594109542,1.0509270844636138,1.0667304992675781,131200,0.0,0.0
0.0,1.0667299177718792,1.0588282146772727,1.0627793073654175,406400,0.0,0.0
0.0,1.0825334787368774,1.066730070288164,1.0825334787368774,248000,0.0,0.0
0.0,1.1062393366245642,1.0904359175299276,1.1022887229919434,537600,0.0,0.0
0.0,1.1101912260055542,1.1062401272669615,1.1101912260055542,72000,0.0,0.0
0.0,1.1378457109693072,1.1141405919907799,1.1220422983169556,676800,0.0,0.0
0.0,1.1220420752795162,1.1141403705240265,1.1180914640426636,1840000,0.0,0.0
0.0,1.1220420752795162,1.1180914640426636,1.1180914640426636,516800,0.0,0.0
0.0,1.1180914640426636,1.1141403705240265,1.1180914640426636,113600,0.0,0.0
0.0,1.1141406680856434,1.1062389612197876,1.1062389612197876,326400,0.0,0.0
0.0,1.1141418424617255,1.1062401272669615,1.1101912260055542,200000,0.0,0.0
0.0,1.1101902551854437,1.0785834220453883,1.0904357433319092,240000,0.0,0.0
0.0,1.094386798148528,1.0667305790326174,1.0746322870254517,408000,0.0,0.0
0.0,1.0904357433319092,1.0667306184768677,1.0904357433319092,384000,0.0,0.0
0.0,1.1062391189967884,1.0746322870254517,1.0746322870254517,542400,0.0,0.0
0.0,1.066730538410927,1.0430254153351284,1.0588288307189941,249600,0.0,0.0
0.0,1.0746322066695602,1.06277988670756,1.0667304992675781,251200,0.0,0.0
0.0,1.070681916177196,1.0430256908101245,1.0509274005889893,870400,0.0,0.0
0.0,1.078583879644283,1.058829359409716,1.070682168006897,206400,0.0,0.0
0.0,1.0904357433319092,1.0706817137603744,1.0904357433319092,345600,0.0,0.0
0.0,1.0983369869108472,1.0825335770272377,1.086484670639038,182400,0.0,0.0
0.0,1.0943868386154159,1.0825340350468953,1.0904357433319092,219200,0.0,0.0
0.0,1.050927035451874,0.9798116721506195,1.0035167932510376,1865600,0.0,0.0
0.0,1.0351238250732422,1.0193204078965514,1.0351238250732422,750400,0.0,0.0
0.0,1.0430256304953385,1.035123921173404,1.0390750169754028,609600,0.0,0.0
0.0,1.039074961010192,1.0272221565246582,1.0272221565246582,392000,0.0,0.0
0.0,1.0351238250732422,1.027222116484897,1.0351238250732422,739200,0.0,0.0
0.0,1.0430256128311157,1.0272221944548867,1.0430256128311157,240000,0.0,0.0
0.0,1.0430253099988893,1.0311729907989502,1.0311729907989502,235200,0.0,0.0
0.0,1.0627798615350597,1.0430253523570274,1.0469764471054077,766400,0.0,0.0
0.0,1.058828488664151,1.046976172096128,1.0548778772354126,158400,0.0,0.0
0.0,1.0627793073654175,1.0469759011762045,1.0627793073654175,440000,0.0,0.0
0.0,1.0746322870254517,1.050927163046949,1.0746322870254517,329600,0.0,0.0
0.0,1.1259933865964984,1.098337173461914,1.098337173461914,1404800,0.0,0.0
0.0,1.1141405860297116,1.0904354671780154,1.098337173461914,496000,0.0,0.0
0.0,1.1220420752795162,1.094386349776195,1.1180914640426636,708800,0.0,0.0
0.0,1.1220420752795162,1.106238665768537,1.1180914640426636,201600,0.0,0.0
0.0,1.129943922056374,1.09833709906179,1.114140510559082,278400,0.0,0.0
0.0,1.122042374951499,1.1062389612197876,1.1062389612197876,1190400,0.0,0.0
0.0,1.1141406680856434,1.098337254353932,1.1062389612197876,4425600,0.0,0.0
0.0,1.1852564027645442,1.106239309246908,1.1773546934127808,4339200,0.0,0.0
0.0,1.2326666555906598,1.1734040767513714,1.2010598182678223,755200,0.0,0.0
0.0,1.2405686378479004,1.208961793571521,1.2405686378479004,811200,0.0,0.0
0.0,1.2405686219644643,1.2208145856857298,1.22081458568573,412800,0.0,0.0
0.0,1.23266569260628,1.216862286290815,1.2247639894485474,1990400,0.0,0.0
0.0,1.2603225708007812,1.2168629389818841,1.2603225708007812,729600,0.0,0.0
0.0,1.2642733429102673,1.2405682177306998,1.2524210214614868,1326400,0.0,0.0
0.0,1.2563720599860904,1.2168635046406158,1.2405686378479004,1020800,0.0,0.0
0.0,1.2603225708007812,1.2405680611698429,1.2603225708007812,425600,0.0,0.0
0.0,1.2919288873672485,1.2563709770641778,1.2919288873672485,131200,0.0,0.0
0.0,1.3195854425430298,1.3037820240694604,1.3195854425430298,635200,0.0,0.0
0.0,1.3353889580203004,1.3116838285879875,1.3235366344451904,640000,0.0,0.0
0.0,1.3511920538587445,1.3195852221895341,1.3393397331237793,651200,0.0,0.0
0.0,1.3353885412216184,1.3195851265326053,1.3353885412216187,2723200,0.0,0.0
0.0,1.3511927127838135,1.319585865701151,1.3511927127838135,1691200,0.0,0.0
0.0,1.347240877755903,1.3314374685287476,1.3314374685287476,1713600,0.0,0.0
0.0,1.3393403827666135,1.3077335357666016,1.3077335357666016,728000,0.0,0.0
0.0,1.3274871110916138,1.311683693102428,1.3274871110916138,460800,0.0,0.0
0.0,1.3235363788808172,1.2800767421722412,1.2800767421722412,971200,0.0,0.0
0.0,1.2958794983555042,1.264272681322443,1.2919288873672485,468800,0.0,0.0
0.0,1.2919296254574182,1.2642734036123826,1.2879785299301147,841600,0.0,0.0
0.0,1.2958794983555042,1.276125478850718,1.2919288873672485,676800,0.0,0.0
0.0,1.3116837391942184,1.2721751928329468,1.2721751928329468,328000,0.0,0.0
0.0,1.2721743941307069,1.2563709855079652,1.264272689819336,1132800,0.0,0.0
0.0,1.264272689819336,1.2563709855079652,1.264272689819336,137600,0.0,0.0
0.0,1.3116834163665771,1.2563714650740108,1.3116834163665771,932800,0.0,0.0
0.0,1.3195854425430298,1.3077331198288817,1.3195854425430298,225600,0.0,0.0
0.0,1.3274871110916138,1.303781984107835,1.3274871110916138,518400,0.0,0.0
0.0,1.3274871132590556,1.3037819862365725,1.3037819862365723,540800,0.0,0.0
0.0,1.303782207218871,1.2800770761785278,1.284028172492981,345600,0.0,0.0
0.0,1.272174890753788,1.2405680611698429,1.2603225708007812,382400,0.0,0.0
0.0,1.2642731833578016,1.2603225708007812,1.2603225708007812,1728000,0.0,0.0
0.0,1.272174890753788,1.2603225708007812,1.2603225708007812,747200,0.0,0.0
0.0,1.2642733429102673,1.2445193130682977,1.2524210214614868,416000,0.0,0.0
0.0,1.256371783582788,1.2010598182678223,1.2010598182678223,1009600,0.0,0.0
0.0,1.2010595555518813,1.1694527251426212,1.1813055276870728,1665600,0.0,0.0
0.0,1.2010598182678223,1.169452980944985,1.2010598182678223,1400000,0.0,0.0
0.0,1.205010914074209,1.1773546902756942,1.2010598182678223,944000,0.0,0.0
0.0,1.2010595555518813,1.1773544327449361,1.1813055276870728,180800,0.0,0.0
0.0,1.1931581959432485,1.1536496464087038,1.1615513563156128,523200,0.0,0.0
0.0,1.1813055276870728,1.1576004048801276,1.1813055276870728,70400,0.0,0.0
0.0,1.1971091032028198,1.1773545904106235,1.1971091032028198,323200,0.0,0.0
0.0,1.1971091032028198,1.1892073945423458,1.1971091032028198,576000,0.0,0.0
0.0,1.2089614250525194,1.1892073945423458,1.1971091032028198,1152000,0.0,0.0
0.0,1.2405685434236222,1.2089617015529568,1.2129127979278564,568000,0.0,0.0
0.0,1.2326661348342898,1.2168627228492346,1.2326661348342896,774400,0.0,0.0
0.0,1.2326659117002017,1.2050101868734553,1.2287153005599976,1091200,0.0,0.0
0.0,1.2247649462599504,1.1852563996064036,1.2010598182678223,451200,0.0,0.0
0.0,1.2129127201308285,1.1931582040876638,1.205011010169983,1112000,0.0,0.0
0.0,1.2168630758921304,1.2010596593221028,1.2089613676071167,467200,0.0,0.0
0.0,1.2445188760757446,1.2089609596509738,1.2445188760757446,323200,0.0,0.0
0.0,1.272174890753788,1.252420863404795,1.2603225708007812,244800,0.0,0.0
0.0,1.260322593016522,1.2326663755021003,1.2563714981079102,1168000,0.0,0.0
0.0,1.2642728989814107,1.2445188760757446,1.2445188760757446,312000,0.0,0.0
0.0,1.2484701871871946,1.2366178632600155,1.2484701871871948,211200,0.0,0.0
0.0,1.2524212833509927,1.240568477141706,1.2484701871871948,377600,0.0,0.0
0.0,1.2484701871871946,1.2366178632600155,1.2484701871871948,179200,0.0,0.0
0.0,1.2445197345235328,1.2326669267788055,1.2405686378479004,158400,0.0,0.0
0.0,1.2642731833578016,1.2405680611698429,1.2603225708007812,142400,0.0,0.0
0.0,1.2721751928329468,1.2603228700655953,1.2721751928329468,758400,0.0,0.0
0.0,1.2721753173236605,1.2484701871871946,1.2484701871871948,153600,0.0,0.0
0.0,1.2800760984420776,1.264272689819336,1.264272689819336,278400,0.0,0.0
0.0,1.2682237831159,1.264272689819336,1.264272689819336,243200,0.0,0.0
0.0,1.2879776255469777,1.264272515874334,1.2761253118515015,433600,0.0,0.0
0.0,1.2840270150757158,1.2761253118515012,1.2761253118515015,324800,0.0,0.0
0.0,1.2682242781967676,1.2603225708007812,1.2603225708007812,91200,0.0,0.0
0.0,1.272175210527279,1.2366177594486059,1.2682245969772339,115200,0.0,0.0
0.0,1.2800759223227631,1.2682236086272867,1.2761253118515015,489600,0.0,0.0
0.0,1.3235362184988122,1.2761259745337552,1.3116834163665771,875200,0.0,0.0
0.0,1.3235366344451904,1.3116838285879875,1.3235366344451904,435200,0.0,0.0
0.0,1.3274871110916138,1.315634788740746,1.3274871110916138,179200,0.0,0.0
0.0,1.3709467649459839,1.327487123914889,1.3709467649459839,974400,0.0,0.0
0.0,1.4223076280373699,1.3630450513435024,1.418357014656067,940800,0.0,0.0
0.0,1.422307372093201,1.4144056644704608,1.4223073720932007,753600,0.0,0.0
0.0,1.4144063175069113,1.3669960498809812,1.3669960498809814,294400,0.0,0.0
0.0,1.3551427710632946,1.3432899713516235,1.3432899713516235,310400,0.0,0.0
0.0,1.3551423899079795,1.3274861865473888,1.347240686416626,270400,0.0,0.0
0.0,1.3472410653494615,1.3393393596356284,1.3432899713516235,627200,0.0,0.0
0.0,1.3551431489583845,1.3393397331237793,1.3393397331237793,148800,0.0,0.0
0.0,1.343290758952776,1.2721753658317467,1.284028172492981,310400,0.0,0.0
0.0,1.2879786292915931,1.264273501145122,1.2682245969772339,169600,0.0,0.0
0.0,1.2919288873672485,1.2721743855807084,1.2919288873672485,131200,0.0,0.0
0.0,1.2958794983555042,1.2879777940972388,1.2919288873672485,121600,0.0,0.0
0.0,1.3235366344451904,1.2998315050128775,1.3235366344451904,113600,0.0,0.0
0.0,1.3669960498809812,1.3235368790316364,1.3669960498809814,577600,0.0,0.0
0.0,1.3748967942069559,1.3432899713516235,1.3432899713516235,230400,0.0,0.0
0.0,1.3432899713516235,1.3195848542101243,1.3432899713516235,225600,0.0,0.0
0.0,1.366995370599645,1.3353885412216184,1.3353885412216187,140800,0.0,0.0
0.0,1.359093427658081,1.3116831918095433,1.359093427658081,744000,0.0,0.0
0.0,1.3511922380753927,1.3274871110916138,1.3274871110916138,246400,0.0,0.0
0.0,1.335388861016599,1.3195854425430298,1.3195854425430298,588800,0.0,0.0
0.0,1.3314379258263216,1.3116834163665771,1.3116834163665771,251200,0.0,0.0
0.0,1.3195853650204243,1.2642734036123826,1.2879785299301147,388800,0.0,0.0
0.0,1.3037819862365725,1.2919296638663529,1.3037819862365723,137600,0.0,0.0
0.0,1.3235366344451904,1.2958804089664455,1.3235366344451904,240000,0.0,0.0
0.0,1.3314374685287476,1.319584670467493,1.3314374685287476,755200,0.0,0.0
0.0,1.3353885412216184,1.3195851265326053,1.3353885412216187,104000,0.0,0.0
0.0,1.3353892857505063,1.3077335357666016,1.3077335357666016,100800,0.0,0.0
0.0,1.299831543623924,1.2484701871871946,1.2484701871871948,457600,0.0,0.0
0.0,1.25637149810791,1.2366174704107125,1.2563714981079102,411200,0.0,0.0
0.0,1.2563720788199666,1.2326669452573256,1.2366180419921875,177600,0.0,0.0
0.0,1.2247652000286113,1.1852566451889788,1.22081458568573,401600,0.0,0.0
0.0,1.2287154782258425,1.2010592671183797,1.216862678527832,804800,0.0,0.0
0.0,1.2010598773011112,1.1852564578629385,1.1892075538635254,812800,0.0,0.0
0.0,1.1931577888694969,1.1694526672363281,1.1694526672363281,563200,0.0,0.0
0.0,1.1931577920913696,1.16945267039419,1.1931577920913696,465600,0.0,0.0
0.0,1.248469487744143,1.1773541371764387,1.2445188760757446,635200,0.0,0.0
0.0,1.244518934964011,1.228715522978956,1.2326661348342896,352000,0.0,0.0
0.0,1.2326659117002017,1.2287153005599976,1.2287153005599976,364800,0.0,0.0
0.0,1.2484701871871946,1.228716153214527,1.2484701871871948,209600,0.0,0.0
0.0,1.2603231566617226,1.236618023454438,1.2405686378479004,379200,0.0,0.0
0.0,1.2484693208245632,1.2287153005599976,1.2287153005599976,283200,0.0,0.0
0.0,1.2484701871871946,1.2326667670962175,1.2484701871871948,184000,0.0,0.0
0.0,1.2405673957640126,1.2247639894485476,1.2247639894485474,561600,0.0,0.0
0.0,1.2405678408268173,1.224764428841762,1.2326661348342896,198400,0.0,0.0
0.0,1.2642733429102673,1.2326665093375107,1.2524210214614868,369600,0.0,0.0
0.0,1.2563716345170781,1.2405682177306998,1.2524210214614868,252800,0.0,0.0
0.0,1.2524206409565384,1.2326661348342898,1.2326661348342896,401600,0.0,0.0
0.0,1.26427320564318,1.2326663755021003,1.2563714981079102,284800,0.0,0.0
0.0,1.2642737710551852,1.2405686378479004,1.2405686378479004,1203200,0.0,0.0
0.0,1.26427320564318,1.2405680830373702,1.2563714981079102,1198400,0.0,0.0
0.0,1.2721743941307069,1.2563709855079652,1.264272689819336,72000,0.0,0.0
0.0,1.3274872482095295,1.2761263755805645,1.3235366344451904,280000,0.0,0.0
0.0,1.3590936603316341,1.3116834163665771,1.3116834163665771,1211200,0.0,0.0
0.0,1.3116834163665771,1.2800765870565392,1.3116834163665771,920000,0.0,0.0
0.0,1.390700296423901,1.3037815278974072,1.3748968839645386,403200,0.0,0.0
0.0,1.3748968396075936,1.3511917216833247,1.359093427658081,132800,0.0,0.0
0.0,1.3669960498809812,1.3511926273390047,1.3669960498809814,387200,0.0,0.0
0.0,1.3986027845002902,1.370947038377232,1.3867504596710205,740800,0.0,0.0
0.0,1.3827985455823497,1.3511917216833247,1.359093427658081,414400,0.0,0.0
0.0,1.359094424554479,1.3353892892424821,1.3511927127838135,1972800,0.0,0.0
0.0,1.3551438098102524,1.3353892892424821,1.3511927127838135,441600,0.0,0.0
0.0,1.359093427658081,1.347241109836876,1.359093427658081,300800,0.0,0.0
0.0,1.3669947040041563,1.3472406864166262,1.347240686416626,568000,0.0,0.0
0.0,1.3748977611519697,1.3393403015736132,1.3669960498809814,369600,0.0,0.0
0.0,1.4065037965774538,1.3590935562433824,1.4065037965774536,304000,0.0,0.0
0.0,1.4183560813523384,1.3906998767533116,1.4144049882888794,1012800,0.0,0.0
0.0,1.4341601133346558,1.4065038966968386,1.4341601133346558,921600,0.0,0.0
0.0,1.4657673835754395,1.434160544924563,1.4657673835754395,1072000,0.0,0.0
0.0,1.4618159122154362,1.4302090816810482,1.4460124969482422,1942400,0.0,0.0
0.0,1.517127791000286,1.4420618133157193,1.5092260837554932,588800,0.0,0.0
0.0,1.501324817698489,1.45786565622194,1.4697179794311523,1153600,0.0,0.0
0.0,1.4618158729180046,1.4539141654968264,1.4539141654968262,1875200,0.0,0.0
0.0,1.4618166874255771,1.438111551953811,1.4578660726547241,366400,0.0,0.0
0.0,1.4539140416772327,1.4223072146842493,1.4302089214324951,672000,0.0,0.0
0.0,1.422307075456131,1.3511917216833247,1.359093427658081,1016000,0.0,0.0
0.0,1.3472411957650947,1.2958798625123789,1.3156343698501587,832000,0.0,0.0
0.0,1.3235364998963304,1.2879785682215836,1.3037819862365723,1784000,0.0,0.0
0.0,1.3037819862365725,1.2800768592140892,1.3037819862365723,699200,0.0,0.0
0.0,1.3590939470699857,1.295880275113242,1.3274871110916138,531200,0.0,0.0
0.0,1.3511919559106318,1.3195851265326053,1.3353885412216187,315200,0.0,0.0
0.0,1.3432899713516235,1.3116831484962912,1.3432899713516235,977600,0.0,0.0
0.0,1.3748968839645386,1.3472411533015913,1.3748968839645386,188800,0.0,0.0
0.0,1.4065037965774538,1.3788480641901977,1.4065037965774536,448000,0.0,0.0
0.0,1.4065039325331254,1.3907005175608431,1.4025533199310303,1059200,0.0,0.0
0.0,1.4065036635066186,1.3551428158116323,1.359093427658081,134400,0.0,0.0
0.0,1.3669959915268362,1.3432908587257928,1.355143666267395,49600,0.0,0.0
0.0,1.355142582369481,1.3274863750810708,1.3314374685287476,115200,0.0,0.0
0.0,1.3432897843082263,1.3274863750810708,1.3314374685287476,408000,0.0,0.0
0.0,1.3748968396075936,1.3314376978873634,1.359093427658081,2878400,0.0,0.0
0.0,1.3669954696933497,1.3314380252064766,1.3393397331237793,408000,0.0,0.0
0.0,1.3590933827792897,1.3353882656377905,1.3432899713516235,700800,0.0,0.0
0.0,1.3590930005128028,1.3353878900387421,1.347240686416626,110400,0.0,0.0
0.0,1.3669951336328372,1.3432900157085683,1.359093427658081,241600,0.0,0.0
0.0,1.3748971787233781,1.3590937628759832,1.3630448579788208,256000,0.0,0.0
0.0,1.3907011836939462,1.3669960498809812,1.3669960498809814,336000,0.0,0.0
0.0,1.3590933827792897,1.3432899713516235,1.3432899713516235,566400,0.0,0.0
0.0,1.3511912970214492,1.3393389829252726,1.347240686416626,129600,0.0,0.0
0.0,1.3511916770654566,1.3353882656377905,1.3432899713516235,182400,0.0,0.0
0.0,1.3669951336328372,1.3393394038621196,1.359093427658081,371200,0.0,0.0
0.0,1.382799472422958,1.3630454353865782,1.3669960498809814,299200,0.0,0.0
0.0,1.378848075866699,1.3590935677525966,1.3788480758666992,779200,0.0,0.0
0.0,1.3986014127731323,1.3630439908773626,1.3986014127731323,217600,0.0,0.0
0.0,1.4065037965774538,1.382798676410418,1.4065037965774536,937600,0.0,0.0
0.0,1.4302082206183826,1.398601409113004,1.426257610321045,216000,0.0,0.0
0.0,1.4183569355018752,1.4104552268981936,1.4104552268981934,148800,0.0,0.0
0.0,1.4223072100221443,1.4065037965774538,1.4065037965774536,604800,0.0,0.0
0.0,1.4223075486627064,1.3907007142479797,1.4104552268981934,777600,0.0,0.0
0.0,1.4460123349289868,1.4144055079360034,1.4302089214324951,1064000,0.0,0.0
0.0,1.4855215970207665,1.4223079120411593,1.4776198863983154,729600,0.0,0.0
0.0,1.5013240575790405,1.4776189408804241,1.5013240575790405,659200,0.0,0.0
0.0,1.5250300349150763,1.4934231948132095,1.521079421043396,1073600,0.0,0.0
0.0,1.5645383382869105,1.5250297943907765,1.5447843074798584,632000,0.0,0.0
0.0,1.5408337546378066,1.5210797168732937,1.5329320430755615,912000,0.0,0.0
0.0,1.5724393867599178,1.5289802478647534,1.5566359758377075,595200,0.0,0.0
0.0,1.5803404189833443,1.5566353126985943,1.5724387168884277,448000,0.0,0.0
0.0,1.5803402120416814,1.5526844994717313,1.5645368099212646,321600,0.0,0.0
0.0,1.5882438605025353,1.55663701750746,1.584293246269226,876800,0.0,0.0
0.0,1.60404634475708,1.568488908304877,1.60404634475708,182400,0.0,0.0
0.0,1.5803413555034198,1.5645379419483856,1.5763907432556152,1641600,0.0,0.0
0.0,1.5803404189833443,1.5724387168884277,1.5724387168884277,1265600,0.0,0.0
0.0,1.5763907432556152,1.5724396487259027,1.5763907432556152,272000,0.0,0.0
0.0,1.5803409135808428,1.5605868933019686,1.568488597869873,561600,0.0,0.0
0.0,1.5684893949872243,1.5013246308855461,1.5052757263183594,571200,0.0,0.0
0.0,1.5171278715133667,1.4855210408568382,1.5171278715133667,627200,0.0,0.0
0.0,1.517127791000286,1.5013243765106998,1.5092260837554932,249600,0.0,0.0
0.0,1.5724387168884277,1.5131761923173632,1.5724387168884277,784000,0.0,0.0
0.0,1.5921941568106492,1.5763907432556152,1.5763907432556152,596800,0.0,0.0
0.0,1.5921932132665304,1.5566353126985943,1.5724387168884277,396800,0.0,0.0
0.0,1.5763903024377772,1.5526851887340645,1.568488597869873,596800,0.0,0.0
0.0,1.5763907432556152,1.5487345283933514,1.5763907432556152,571200,0.0,0.0
0.0,1.5803413555034198,1.5487345283933514,1.5763907432556152,276800,0.0,0.0
0.0,1.5842924500331323,1.5724396487259027,1.5763907432556152,1299200,0.0,0.0
0.0,1.588243246078491,1.5684892179896408,1.5882432460784912,1436800,0.0,0.0
0.0,1.6079971165426568,1.592193707447799,1.5961443185806274,400000,0.0,0.0
0.0,1.6198494322229142,1.5882426140331987,1.5961443185806274,907200,0.0,0.0
0.0,1.6435556826384172,1.596145422562309,1.6356539726257324,635200,0.0,0.0
0.0,1.6396052066564917,1.6277523994996448,1.631703495979309,502400,0.0,0.0
0.0,1.675161932509694,1.6356533963655975,1.6554079055786133,1476800,0.0,0.0
0.0,1.6554073552861202,1.6198494434356692,1.619849443435669,1603200,0.0,0.0
0.0,1.6317025799978464,1.6198497794947522,1.6238008737564087,1222400,0.0,0.0
0.0,1.6672600507736206,1.6079974939012827,1.6672600507736206,347200,0.0,0.0
0.0,1.6791131310779748,1.6514569129262653,1.6593586206436157,510400,0.0,0.0
0.0,1.651456829992313,1.6277517080307007,1.6277517080307007,342400,0.0,0.0
0.0,1.6356531919776278,1.6198497794947522,1.6238008737564087,499200,0.0,0.0
0.0,1.6909650564193726,1.6119479977081868,1.6909650564193726,1771200,0.0,0.0
0.0,1.6909650564193726,1.6672599388060168,1.6909650564193726,686400,0.0,0.0
0.0,1.6870148788074444,1.627751828380749,1.6514569520950317,974400,0.0,0.0
0.0,1.6593581137624551,1.635652997851563,1.639604091644287,200000,0.0,0.0
0.0,1.643554925918579,1.6396043138722165,1.643554925918579,30400,0.0,0.0
0.0,1.6514566322931878,1.6356532195439706,1.643554925918579,520000,0.0,0.0
0.0,1.6396040916442873,1.6317023863406566,1.639604091644287,624000,0.0,0.0
0.0,1.6435547031551936,1.6317023863406566,1.639604091644287,228800,0.0,0.0
0.0,1.651456952095032,1.63565353628551,1.6514569520950317,355200,0.0,0.0
0.0,1.738376062210292,1.6593589684734604,1.7304743528366089,336000,0.0,0.0
0.0,1.7620811489495365,1.7225726030089639,1.7383760213851929,240000,0.0,0.0
0.0,1.7541794397614219,1.7304743121970785,1.7383760213851929,542400,0.0,0.0
0.0,1.8134431079791262,1.7383766043763136,1.8055413961410522,601600,0.0,0.0
0.0,1.8173932054170916,1.7897374629974363,1.7897374629974365,1217600,0.0,0.0
0.0,1.8331975646640943,1.7857872828193333,1.8173941373825073,353600,0.0,0.0
0.0,1.8410980304082234,1.817392905553182,1.8252946138381958,385600,0.0,0.0
0.0,1.872704782711078,1.8252945350475065,1.8410979509353638,252800,0.0,0.0
0.0,1.8964101250430527,1.8648032896256683,1.892459511756897,553600,0.0,0.0
0.0,1.892459511756897,1.8727049984800144,1.892459511756897,968000,0.0,0.0
0.0,1.9043118746256478,1.8569016204855902,1.884557843208313,358400,0.0,0.0
0.0,1.9043118746256478,1.872705038532276,1.884557843208313,598400,0.0,0.0
0.0,1.920115276918573,1.8648033142089846,1.8648033142089844,459200,0.0,0.0
0.0,1.9201151132583616,1.864803155263265,1.8964099884033203,344000,0.0,0.0
0.0,1.9596237385526618,1.856901526451111,1.8569015264511108,1084800,0.0,0.0
0.0,1.8489994581403404,1.8173926297960612,1.8331960439682007,366400,0.0,0.0
0.0,1.8885088571958706,1.8410985929984847,1.8766565322875977,315200,0.0,0.0
0.0,1.9201151132583616,1.8885082801183064,1.9201151132583618,459200,0.0,0.0
0.0,1.9596226572507787,1.928015840198347,1.951720952987671,329600,0.0,0.0
0.0,1.989126801490784,1.9415779536463826,1.9891268014907837,627200,0.01125,0.0
0.0,2.092149309011606,1.9812019971700814,2.0604500770568848,1054400,0.0,0.0
0.0,2.060450239964507,2.0287510055035143,2.0327136516571045,472000,0.0,0.0
0.0,2.040639877319336,2.024790249082651,2.040639877319336,766400,0.0,0.0
0.0,2.0446007390894314,2.0287511209569553,2.0366759300231934,678400,0.0,0.0
0.0,2.0604498870670795,2.0287506580352783,2.0287506580352783,649600,0.0,0.0
0.0,2.0366761679630203,1.9653528780343543,1.9732776880264282,508800,0.0,0.0
0.0,1.9970519579450838,1.9732775298743088,1.9930897951126099,800000,0.0,0.0
0.0,1.9970536504473004,1.9019558575688575,1.9415799379348755,718400,0.0,0.0
0.0,1.9732769146793478,1.9296907186508179,1.9296907186508179,902400,0.0,0.0
0.0,2.0049760341644287,1.9336527760320972,2.0049760341644287,548800,0.0,0.0
0.0,2.0842249393463135,1.9970520331379125,2.0842249393463135,718400,0.0,0.0
0.0,2.1079989249889666,2.0287508451021634,2.0604500770568848,441600,0.0,0.0
0.0,2.0842249539062268,2.0208264762208663,2.0763001441955566,601600,0.0,0.0
0.0,2.107999086380005,2.068375043402937,2.107999086380005,315200,0.0,0.0
0.0,2.1713974475860596,2.0762997491516337,2.1713974475860596,716800,0.0,0.0
0.0,2.187246122780968,2.1476220988175445,2.1555469036102295,600000,0.0,0.0
0.0,2.1634722216864946,2.1079985749765844,2.131772994995117,475200,0.0,0.0
0.0,2.1317735121662453,2.0921494691891778,2.107999086380005,268800,0.0,0.0
0.0,2.131773006560197,2.107998586412686,2.1238481998443604,787200,0.0,0.0
0.0,2.1238483459014783,2.0842243095973463,2.104036569595337,366400,0.0,0.0
0.0,2.1476233146808763,2.096112296211639,2.1396985054016113,179200,0.0,0.0
0.0,2.203097119658432,2.1238490218289923,2.1951723098754883,448000,0.0,0.0
0.0,2.203096667203036,2.163472626426003,2.1793222427368164,576000,0.0,0.0
0.0,2.2189450435501206,2.155546613734403,2.2030954360961914,603200,0.0,0.0
0.0,2.226872444152832,2.187248379310255,2.226872444152832,507200,0.0,0.0
0.0,2.2506458902527506,2.2110218428891457,2.2427210807800293,891200,0.0,0.0
0.0,2.282344364619755,2.2427203305117733,2.2664947509765625,504000,0.0,0.0
0.0,2.2823462669026977,2.2427221997689704,2.274421453475952,1363200,0.0,0.0
0.0,2.298193954759174,2.274419534537527,2.282344341278076,824000,0.0,0.0
0.0,2.298194646835327,2.250645792073217,2.298194646835327,473600,0.0,0.0
0.0,2.3774416654702,2.2902688044029595,2.3615920543670654,251200,0.0,0.0
0.0,2.3615920543670654,2.337817637712363,2.3615920543670654,585600,0.0,0.0
0.0,2.4091418057877494,2.3615929543577283,2.393292188644409,380800,0.0,0.0
0.0,2.4566898345947266,2.3932913872503465,2.4566898345947266,795200,0.0,0.0
0.0,2.5200904291658737,2.4566919278032104,2.480466365814209,486400,0.0,0.0
0.0,2.4606539905146407,2.417067289352417,2.417067289352417,380800,0.0,0.0
0.0,2.3853676606181473,2.345743613099573,2.3695180416107178,636800,0.0,0.0
0.0,2.3695168599186327,2.345742443263931,2.3615920543670654,214400,0.0,0.0
0.0,2.369518357069314,2.3298943042755127,2.3298943042755127,454400,0.0,0.0
0.0,2.2823462669026977,2.2585718266224615,2.274421453475952,384000,0.0,0.0
0.0,2.2823434733658385,2.2030954360961914,2.2030954360961914,812800,0.0,0.0
0.0,2.2506458902527506,2.171397795525541,2.2427210807800293,1017600,0.0,0.0
0.0,2.2427202600203078,2.2229084854349366,2.2308332920074463,694400,0.0,0.0
0.0,2.3774416654702,2.2030959433357187,2.3615920543670654,1680000,0.0,0.0
0.0,2.385367167790731,2.3536679363250737,2.3774423599243164,505600,0.0,0.0
0.0,2.4091408876764695,2.3615920543670654,2.3615920543670654,443200,0.0,0.0
0.0,2.4091418744739057,2.321968977700179,2.353668212890625,486400,0.0,0.0
0.0,2.3853668289052115,2.2664947277969785,2.282344341278076,409600,0.0,0.0
0.0,2.3457435015974375,2.274420219454272,2.298194646835327,651200,0.0,0.0
0.0,2.2981944890089436,2.250645637512207,2.250645637512207,366400,0.0,0.0
0.0,2.242721132452497,2.0446008910697677,2.0842249393463135,1612800,0.0,0.0
0.0,2.1793222427368164,2.139698201959783,2.1793222427368164,1225600,0.0,0.0
0.0,2.242722070089863,2.163473940404709,2.226872444152832,856000,0.0,0.0
0.0,2.2189469491281817,2.1634732753999772,2.211022138595581,377600,0.0,0.0
0.0,2.298194646835327,2.195172128184088,2.298194646835327,512000,0.0,0.0
0.0,2.3140435682402716,2.2585699210564294,2.282344341278076,1814400,0.0,0.0
0.0,2.2902710803294433,2.2585718266224615,2.274421453475952,379200,0.0,0.0
0.0,2.266495420663825,2.2189465656848637,2.2229092121124268,444800,0.0,0.0
0.0,2.2585704460949962,2.222909049318409,2.250645637512207,798400,0.0,0.0
0.0,2.2823455810546873,2.2347967147827146,2.258571147918701,744000,0.0,0.0
0.0,2.298193943129279,2.2823443297283874,2.290269136428833,372800,0.0,0.0
0.0,2.3853676606181473,2.2902699465735696,2.3695180416107178,795200,0.0,0.0
0.0,2.3885635360081987,2.352854356543539,2.3806281089782715,512000,0.00625,0.0
0.0,2.4361754266342315,2.3766599824857533,2.4044337272644043,512000,0.0,0.0
0.0,2.436174289852965,2.4123680264342062,2.428238868713379,993600,0.0,0.0
0.0,2.4441092014312744,2.4282383624609416,2.4441092014312744,273600,0.0,0.0
0.0,2.440143626933036,2.4203048206592994,2.4242727756500244,307200,0.0,0.0
0.0,2.452044620916441,2.412367523490609,2.4441092014312744,492800,0.0,0.0
0.0,2.5314017295837403,2.4203057289123535,2.4203057289123535,539200,0.0,0.0
0.0,2.4639488160508476,2.40443290784521,2.452045440673828,352000,0.0,0.0
0.0,2.4441120147705075,2.3806285858154297,2.4203057289123535,409600,0.0,0.0
0.0,2.4441092014312744,2.3806258455499427,2.4441092014312744,232000,0.0,0.0
0.0,2.412368873829191,2.340950058485564,2.3449180126190186,283200,0.0,0.0
0.0,2.364755868911743,2.293337067501657,2.364755868911743,334400,0.0,0.0
0.0,2.3726903451767756,2.2933361530303955,2.2933361530303955,467200,0.0,0.0
0.0,2.3171440563660717,2.2854023569637967,2.309208631515503,940800,0.0,0.0
0.0,2.325080298397639,2.309209443118474,2.3171448707580566,721600,0.0,0.0
0.0,2.356821199526658,2.3250794998697333,2.3488857746124268,310400,0.0,0.0
0.0,2.3806267136695403,2.356820446532845,2.364755868911743,577600,0.0,0.0
0.0,2.4123689913032047,2.333014748168231,2.3726918697357178,368000,0.0,2.0
0.0,2.380627477672738,2.2377898290123737,2.2536606788635254,327200,0.0,0.0
0.0,2.3806282918747157,2.26159687728098,2.3171448707580566,312800,0.0,0.0
0.0,2.380626184957011,2.2536594550926368,2.2695302963256836,419200,0.0,0.0
0.0,2.3171428200248236,2.2060469313934967,2.2695302963256836,244800,0.0,0.0
0.0,2.2854011375587304,2.23778861385959,2.2695302963256836,372000,0.0,0.0
0.0,2.2695302963256836,2.2536594550926368,2.2695302963256836,386400,0.0,0.0
0.0,2.2536613353784536,2.1743070630059727,2.1901779174804688,720800,0.0,0.0
0.0,2.2536606788635254,2.190177279458919,2.2536606788635254,688800,0.0,0.0
0.0,2.2695313888683653,2.2377896911219546,2.2615959644317627,288800,0.0,0.0
0.0,2.38062716995083,2.229854115853944,2.3250792026519775,728000,0.0,0.0
0.0,2.3488858151598038,2.2774669896988637,2.333014965057373,187200,0.0,0.0
0.0,2.475851058959961,2.348884337987655,2.475851058959961,478400,0.0,0.0
0.0,2.4758508793719405,2.4282383624609416,2.4441092014312744,664000,0.0,0.0
0.0,2.4599800404016072,2.412367523490609,2.4441092014312744,607200,0.0,0.0
0.0,2.499658245189934,2.428239438184507,2.491722822189331,440000,0.0,0.0
0.0,2.5155293941497803,2.475852274368238,2.5155293941497803,627200,0.0,0.0
0.0,2.602818489074707,2.52346426684682,2.602818489074707,810400,0.0,0.0
0.0,2.7139155864715576,2.539336221259937,2.7139155864715576,749600,0.0,0.0
0.0,2.6821727113025946,2.555205955737975,2.602818489074707,651200,0.0,0.0
0.0,2.602819696257386,2.4758528818058063,2.507594585418701,472800,0.0,0.0
0.0,2.5869484345118208,2.507594188054403,2.571077585220337,256000,0.0,0.0
0.0,2.5552058562636377,2.5155287466943266,2.539335012435913,316800,0.0,0.0
0.0,2.586947202682495,2.53933467747975,2.586947202682495,204000,0.0,0.0
0.0,2.6186895901989784,2.444110284185713,2.491722822189331,602400,0.0,0.0
0.0,2.523465394973755,2.444111137270178,2.523465394973755,228000,0.0,0.0
0.0,2.6186901330947876,2.5631421605745954,2.571077585220337,322400,0.0,0.0
0.0,2.618688946678525,2.49965763092041,2.49965763092041,235200,0.0,0.0
0.0,2.4996587219617226,2.396498203277588,2.396498203277588,332800,0.0,0.0
0.0,2.523465437225149,2.428240326386464,2.507594585418701,333600,0.0,0.0
0.0,2.5869484345118208,2.5234650373458862,2.571077585220337,438400,0.0,0.0
0.0,2.6186912059783936,2.5869494943907765,2.6186912059783936,244000,0.0,0.0
0.0,2.6504310224114396,2.602818489074707,2.602818489074707,383200,0.0,0.0
0.0,2.650432391339038,2.6028198334107917,2.634561538696289,573600,0.0,0.0
0.0,2.6663026208276146,2.602819225093624,2.642496347427368,691200,0.0,0.0
0.0,2.6504329175660106,2.5869494943907765,2.6186912059783936,160000,0.0,0.0
0.0,2.666302442550659,2.5869482031890323,2.666302442550659,630400,0.0,0.0
0.0,2.6583683454629146,2.6186912059783936,2.6186912059783936,261600,0.0,0.0
0.0,2.6266255577405295,2.5552067359288535,2.571077585220337,352000,0.0,0.0
0.0,2.586947750600969,2.5313997927659786,2.555206060409546,601600,0.0,0.0
0.0,2.666302001404905,2.586947775172616,2.6504311561584473,416000,0.0,0.0
0.0,2.6821740966245353,2.610755259732166,2.634561538696289,886400,0.0,0.0
0.0,2.6186893335202845,2.5710768001835524,2.602818489074707,128800,0.0,0.0
0.0,2.610754708449046,2.53933588663737,2.571077585220337,186400,0.0,0.0
0.0,2.626626014709472,2.5869488845779096,2.6266260147094727,640000,0.0,0.0
0.0,2.721851054359885,2.618690518771901,2.698044776916504,673600,0.0,0.0
0.0,2.760086059570313,2.712361228569097,2.7600860595703125,403200,0.0125,0.0
0.0,2.7839490544726275,2.720315933227539,2.720315933227539,566400,0.0,0.0
0.0,2.73622490986284,2.6089586349854987,2.640775203704834,466400,0.0,0.0
0.0,2.6964553906036928,2.648730516433716,2.648730516433716,343200,0.0,0.0
0.0,2.831672430038452,2.6566814371709073,2.831672430038452,336000,0.0,0.0
0.0,3.0225729812746462,2.831673635088879,2.9271233081817627,462400,0.0,0.0
0.0,3.0066659450531006,2.9350786606470742,3.0066659450531006,556000,0.0,0.0
0.0,3.1498385156903947,3.0066640377044678,3.1180219650268555,1128800,0.0,0.0
0.0,3.149839186543569,2.990756399344399,3.0384812355041504,600800,0.0,0.0
0.0,3.0702977929439843,2.974848120624482,3.0384812355041504,304800,0.0,0.0
0.0,3.054390778956753,2.9907576377284872,3.014620065689087,141600,0.0,0.0
0.0,3.03848123550415,2.974848120624482,3.0384812355041504,260000,0.0,0.0
0.0,2.9907565805647107,2.768040664990743,2.863490343093872,618400,0.0,0.0
0.0,2.8793981075286865,2.8157650001799865,2.8793981075286865,512000,0.0,0.0
0.0,3.0066659450531006,2.895307947088171,3.0066659450531006,410400,0.0,0.0
0.0,2.974848548571269,2.8953071435292563,2.958940267562866,767200,0.0,0.0
0.0,2.943032989926989,2.799858412038649,2.8555374145507812,581600,0.0,0.0
0.0,2.9430325031280518,2.8475828003238988,2.9430325031280518,649600,0.0,0.0
0.0,2.943030334590526,2.7998558858807168,2.831672430038452,489600,0.0,0.0
0.0,2.8157674866604667,2.752134323120117,2.752134323120117,422400,0.0,0.0
0.0,2.783949555772723,2.6089584408384376,2.6248667240142822,556800,0.0,0.0
0.0,2.7044073264755886,2.6407742129114573,2.6566824913024902,676800,0.0,0.0
0.0,2.73622403993197,2.5930495262145996,2.5930495262145996,465600,0.0,0.0
0.0,2.65668249130249,2.4975997073921614,2.6566824913024902,660000,0.0,0.0
0.0,2.736223271165775,2.6725901718363385,2.7123608589172363,501600,0.0,0.0
0.0,2.7680399417877197,2.6566820130951103,2.7680399417877197,274400,0.0,0.0
0.0,2.736224213538811,2.5612331301148172,2.720315933227539,543200,0.0,0.0
0.0,2.704408161545959,2.5930501784234785,2.616912603378296,723200,0.0,0.0
0.0,2.7044072703013433,2.6169117409680647,2.680544853210449,890400,0.0,0.0
0.0,2.799856492842751,2.6725902886226263,2.7680399417877197,780800,0.0,0.0
0.0,2.7600880614522594,2.6725924744897958,2.728271484375,323200,0.0,0.0
0.0,2.7123614656711053,2.65668249130249,2.6566824913024902,303200,0.0,0.0
0.0,2.656683153005747,2.5771417412391076,2.5850958824157715,428000,0.0,0.0
0.0,2.6884990480845556,2.5771410993473256,2.6566824913024902,609600,0.0,0.0
0.0,2.7203166919596056,2.6725918377147,2.7044084072113037,839200,0.0,0.0
0.0,2.799858206794376,2.66463778203442,2.6725919246673584,646400,0.0,0.0
0.0,2.799857177734375,2.688499221801758,2.7839488983154297,728000,0.0,0.0
0.0,2.9271233081817627,2.831673635088879,2.9271233081817627,1214400,0.0,0.0
0.0,2.919169321987364,2.80781136420038,2.863490343093872,664800,0.0,0.0
0.0,2.8555355245174643,2.8078106968096517,2.847581386566162,300800,0.0,0.0
0.0,2.9430304198968606,2.863489057196946,2.9112138748168945,408000,0.0,0.0
0.0,2.9271227660791834,2.8316731106635578,2.847581386566162,752800,0.0,0.0
0.0,2.9907557964324956,2.807810628033699,2.990755796432495,304000,0.0,0.0
0.0,3.054388999938965,2.9907558957735696,3.054388999938965,1127200,0.0,0.0
0.0,3.0623436347622786,3.0305270775179953,3.0464353561401367,752800,0.0,0.0
0.0,3.054390801323785,3.0066659450531006,3.0066659450531006,750400,0.0,0.0
0.0,2.974848548571269,2.847582300504049,2.958940267562866,801600,0.0,0.0
0.0,2.9271241072770002,2.847582691318386,2.8953075408935547,600800,0.0,0.0
0.0,2.879399516365745,2.736224954778498,2.7998580932617188,515200,0.0,0.0
0.0,2.831673361534296,2.704407143038373,2.7362236976623535,980800,0.0,0.0
0.0,2.752132279116933,2.569187069811472,2.6089577674865723,580000,0.0,0.0
0.0,2.7521319749743443,2.632819895134416,2.7362236976623535,674400,0.0,0.0
0.0,2.7362236976623535,2.6487281724464062,2.7362236976623535,556000,0.0,0.0
0.0,2.752133194222508,2.640775203704834,2.640775203704834,1975200,0.0,0.0
0.0,2.6566836004015766,2.5135090351104736,2.5135090351104736,1560800,0.0,0.0
0.0,2.1635261661601515,1.6862777471542358,1.6862777471542358,2392800,0.0,0.0
0.0,1.9089924247519483,1.622643561039156,1.6385518312454224,2359200,0.0,0.0
0.0,2.211252367223492,1.7180953644614183,2.0839860439300537,1045600,0.0,0.0
0.0,1.9726268043202801,1.781727436160253,1.9249019622802734,1756000,0.0,0.0
0.0,2.020352181982487,1.8612693330074879,1.8692234754562378,449600,0.0,0.0
0.0,1.7817264521887544,1.734001636505127,1.734001636505127,400000,0.0,0.0
0.0,1.8294522728560105,1.6862777471542358,1.6862777471542358,344000,0.0,0.0
0.0,1.6703685831565125,1.6067354942743597,1.6544603109359741,540000,0.0,0.0
0.0,1.813544154167175,1.6385530515720967,1.8135441541671753,685600,0.0,0.0
0.0,2.2030723094940186,2.0115008043206255,2.2030723094940186,931200,0.0125,0.0
0.0,2.2030718712245716,2.1072861376930683,2.1711432933807373,420000,0.0,0.0
0.0,2.1232520817803793,1.915716164012372,2.0993056297302246,504000,0.0,0.0
0.0,2.099305525990843,1.9955375722346416,2.0913233757019043,462400,0.0,0.0
2.075357893073701,2.083340038816292,1.9795721441626073,2.003518581390381,552000,0.0,0.0
2.0194823525168677,2.0194823525168677,1.9316787719726562,1.9316787719726562,496000,0.0,0.0
1.9316803566340741,1.9316803566340741,1.8199302533577228,1.8518588542938232,876800,0.0,0.0
1.819929321427151,1.8358936137203716,1.7081792753746066,1.764054298400879,748000,0.0,0.0
1.8039647878193463,1.9476433992385862,1.7959826427404997,1.9476433992385864,496000,0.0,0.0
2.0115004978179933,2.107286235809326,1.9636076288223268,1.995536208152771,1035200,0.0,0.0
1.9795722683270773,2.0274651457866035,1.9157150983810427,1.9157150983810425,928000,0.0,0.0
1.931679206165841,1.9715899335659617,1.931679206165841,1.9636077880859375,536800,0.0,0.0
1.9476440080399378,1.9476440080399378,1.8997511225963328,1.9396618604660034,772000,0.0,0.0
1.9476445894392709,2.0115017890930176,1.899751689698961,2.0115017890930176,467200,0.0,0.0
2.0115005598693596,2.0593934303424395,1.9157148189231996,1.9476433992385864,335200,0.0,0.0
1.9476437107209235,2.003518735208819,1.8997508325884418,1.9795722961425781,1008800,0.0,0.0
1.99553652072516,2.0274651050567627,1.9476436442277563,2.0274651050567627,149600,0.0,0.0
2.0434287698352382,2.0673752007317447,2.0115001953065628,2.0514109134674072,564000,0.0,0.0
2.019483148589615,2.075358176416205,1.9955367080925048,2.059393882751465,288000,0.0,0.0
2.05939336681366,2.05939336681366,1.9795719184875489,1.995536208152771,695200,0.0,0.0
1.8837866542719992,1.947643828993084,1.851858066911457,1.8997509479522705,1473600,0.0,0.0
1.915715125299269,2.0194830279196463,1.8997508325884418,1.9795722961425781,597600,0.0,0.0
1.9636076893962795,1.9636076893962795,1.9157148189231996,1.9476433992385864,487200,0.0,0.0
1.9396629537406722,1.9396629537406722,1.803966368499555,1.8199306726455688,802400,0.0,0.0
1.756072213164473,1.8199293845522722,1.7241436274705735,1.8039650917053223,787200,0.0,0.0
1.7720377602075277,1.8358949767915826,1.7401091519155,1.8199306726455688,227200,0.0,0.0
1.8039647321701051,2.0115004978179933,1.8039647321701051,1.995536208152771,396000,0.0,0.0
1.9795727972890818,2.1072871713077324,1.971590648912916,2.035447835922241,1044800,0.0,0.0
1.9636088893527075,2.123251888487074,1.9636088893527075,2.0115017890930176,572800,0.0,0.0
1.9955367080925048,2.075358176416205,1.9955367080925048,2.059393882751465,157600,0.0,0.0
2.043431068534282,2.139216899871826,2.043431068534282,2.139216899871826,832000,0.0,0.0
2.1551812050947503,2.1711455103176744,2.091323984203054,2.139216899871826,992000,0.0,0.0
2.139216899871826,2.139216899871826,2.07535967898013,2.139216899871826,502400,0.0,0.0
2.139216215090644,2.139216215090644,2.1232519149780273,2.1232519149780273,560000,0.0,0.0
2.139214715536903,2.1711432933807373,2.1232504266149856,2.1711432933807373,1742400,0.0,0.0
2.219037350076829,2.219037350076829,2.1711444576291274,2.1871087551116943,701600,0.0,0.0
2.1871075823026542,2.1871075823026542,2.139214715536903,2.1711432933807373,409600,0.0,0.0
2.1551784411282604,2.2669284343719482,2.107285586880966,2.2669284343719482,2480000,0.0,0.0
2.2509657803115313,2.330787261882862,2.2509657803115313,2.2828943729400635,103200,0.0,0.0
2.235000893689584,2.235000893689584,2.15517943320067,2.2030723094940186,484000,0.0,0.0
2.1871098155405986,2.1871098155405986,2.11527044203744,2.139216899871826,695200,0.0,0.0
2.123252594648902,2.139216899871826,2.107288289425978,2.139216899871826,385600,0.0,0.0
2.139215035872026,2.139215035872026,2.1072864532470703,2.1072864532470703,291200,0.0,0.0
2.1232521912268605,2.16316294670105,2.1072878890371847,2.16316294670105,2088000,0.0,0.0
2.1871082875416894,2.3148226400988685,2.1871082875416894,2.2589476108551025,1412000,0.0,0.0
2.298858165740967,2.3148224585586124,2.2669295801056757,2.298858165740967,396800,0.0,0.0
2.282894013701258,2.3786797765138985,2.2589475729980983,2.362715482711792,676000,0.0,0.0
2.3148224265487105,2.346751011742486,2.155179500579834,2.155179500579834,383200,0.0,0.0
2.1711450977958875,2.1711450977958875,1.9476448671404285,2.16316294670105,485600,0.0,0.0
2.1711441698691827,2.2350013513359235,2.011501216202331,2.2190370559692383,667200,0.0,0.0
2.1871079098094595,2.219036492434415,2.1072864532470703,2.1072864532470703,824000,0.0,0.0
2.139216215090644,2.1551805152032606,2.1072876148654105,2.1232519149780273,676000,0.0,0.0
2.235000449068406,2.26692902691224,2.1711432933807373,2.1711432933807373,899200,0.0,0.0
2.1551812050947503,2.1551812050947503,2.123252594648902,2.139216899871826,331200,0.0,0.0
2.1232519149780273,2.219037715653728,2.115269764921719,2.1232519149780273,858400,0.0,0.0
2.115268752949448,2.1551794841371734,2.0833401679992676,2.0833401679992676,752000,0.0,0.0
2.0993039067834616,2.0993039067834616,2.01150032132864,2.043428897857666,696000,0.0,0.0
2.059393882751465,2.091322470080945,2.043429589086725,2.059393882751465,1225600,0.0,0.0
2.0753578706221147,2.219036492434415,2.059393579309637,2.1950900554656982,271200,0.0,0.0
2.1631616468782777,2.203072378370497,2.139215207982946,2.155179500579834,156800,0.0,0.0
2.139215035872026,2.203072201121937,2.0833400162783535,2.1072864532470703,231200,0.0,0.0
2.1072866067119027,2.1072866067119027,2.0833401679992676,2.0833401679992676,512800,0.0,0.0
2.09775281669502,2.129779577255249,2.09775281669502,2.129779577255249,284000,0.0125,0.0
2.1137654781341553,2.145792227802855,2.097752103299806,2.1137654781341553,129600,0.0,0.0
2.1137654690342096,2.1297788437996203,2.0336985952071562,2.097752094268799,1119200,0.0,0.0
2.1057590861630633,2.129779151784695,1.93761862681164,1.969645380973816,606400,0.0,0.0
1.9696445862452188,2.0657248099644976,1.9696445862452188,2.0176846981048584,700800,0.0,0.0
2.0016727428282457,2.0016727428282457,1.98565936088562,1.9856593608856201,497600,0.0,0.0
1.9856591262817382,2.0016725063323975,1.969645746231079,2.0016725063323975,302400,0.0,0.0
2.0016720661750207,2.0817389488220215,2.0016720661750207,2.0817389488220215,118400,0.0,0.0
2.049711969972567,2.105758781651504,2.049711969972567,2.097752094268799,360000,0.0,0.0
2.113766914190248,2.145793685617373,2.049713371335998,2.0657267570495605,212800,0.0,0.0
2.089745016201683,2.217851990374966,2.089745016201683,2.2098453044891357,749600,0.0,0.0
2.177818560945815,2.2258586762607964,2.177818560945815,2.2098453044891357,273600,0.0,0.0
2.225858638904713,2.2418720104076244,2.1618051528930664,2.1618051528930664,374400,0.0,0.0
2.145792218565031,2.1537989059477365,2.097752094268799,2.097752094268799,798400,0.0,0.0
2.0817383303158525,2.2098453044891357,2.0817383303158525,2.2098453044891357,743200,0.0,0.0
2.209845583203813,2.289912452160473,2.1938322094124807,2.2738990783691406,688000,0.0,0.0
2.2738990579332623,2.2738990579332623,2.177818816048758,2.2418723106384277,376000,0.0,0.0
2.2418723106384277,2.257885684285845,2.1858255028724667,2.2418723106384277,583200,0.0,0.0
2.257886032765523,2.297919473062784,2.2178525924682617,2.2178525924682617,2243200,0.0,0.0
2.2178522501673017,2.2738990579332623,2.2178522501673017,2.2418723106384277,224800,0.0,0.0
2.2098461819678237,2.337953207009437,2.2098461819678237,2.329946517944336,560800,0.0,0.0
2.321939476548809,2.3539662279494817,2.305926100848472,2.3379528522491455,556800,0.0,0.0
2.402006139691244,2.402006139691244,2.3539660168974192,2.3859927654266357,572000,0.0,0.0
2.3699795139274467,2.4020062641156557,2.3699795139274467,2.3939995765686035,340800,0.0,0.0
2.39399945255894,2.4180195139558522,2.3219392683682027,2.3859927654266357,624800,0.0,0.0
2.369978904724121,2.369978904724121,2.3059254208126583,2.369978904724121,504800,0.0,0.0
2.369980321990119,2.3779870122671127,2.30592679977417,2.30592679977417,347200,0.0,0.0
2.3219391997431367,2.3539659473258006,2.2738990783691406,2.2738990783691406,524800,0.0,0.0
2.289912163347438,2.289912163347438,2.1938319327174756,2.2098453044891357,372800,0.0,0.0
2.2258589369910102,2.2418723106384277,2.1457920687539236,2.2418723106384277,534400,0.0,0.0
2.2418723599664094,2.3539659779647297,2.2418723599664094,2.32193922996521,190400,0.0,0.0
2.305926100848472,2.337952852249145,2.305926100848472,2.3379528522491455,344000,0.0,0.0
2.3539662676931217,2.4180197715759277,2.3059261397810173,2.4180197715759277,365600,0.0,0.0
2.4340332639573816,2.466060017430505,2.3859931337476965,2.410013198852539,904000,0.0,0.0
2.4500465314639244,2.4500465314639244,2.353966275328084,2.434033155441284,1212000,0.0,0.0
2.4180202289503447,2.4180202289503447,2.35396671295166,2.35396671295166,578400,0.0,0.0
2.36997996326984,2.36997996326984,2.3059264507490336,2.329946517944336,332000,0.0,0.0
2.345958960258355,2.3699790178719216,2.337952274387166,2.3619723320007324,396000,0.0,0.0
2.353966931079296,2.353966931079296,2.225859887211035,2.2578866481781006,490400,0.0,0.0
2.241873267694568,2.2578866481781006,2.225859887211035,2.2578866481781006,574400,0.0,0.0
2.2418723106384277,2.2658923711095533,2.2418723106384277,2.2418723106384277,578400,0.0,0.0
2.2578866481781006,2.2739000286616333,2.225859887211035,2.2578866481781006,210400,0.0,0.0
2.2578872455063683,2.2899140149461754,2.225860476066562,2.2338671684265137,426400,0.0,0.0
2.225860476066562,2.2338671684265137,2.193833706626755,2.2338671684265137,434400,0.0,0.0
2.2178519531532572,2.233865324656169,2.1618051528930664,2.1618051528930664,521600,0.0,0.0
2.1778189086914064,2.209845657348633,2.1778189086914064,2.201838970184326,276800,0.0,0.0
2.2098455633435927,2.257885684285845,2.1938321896961757,2.2418723106384277,508800,0.0,0.0
2.2658923711095533,2.281905744756971,2.2418723106384277,2.2418723106384277,450400,0.0,0.0
2.241873858267801,2.305927397075452,2.225860473565888,2.281907320022583,521600,0.0,0.0
2.2658926615976305,2.337952852249145,2.257885973747462,2.3379528522491455,234400,0.0,0.0
2.3219395157517186,2.4180197715759277,2.3059261397810173,2.4180197715759277,299200,0.0,0.0
2.4020071029663086,2.4020071029663086,2.369980341593424,2.4020071029663086,428000,0.0,0.0
2.3059267964396444,2.3219401769704753,2.2578866548471517,2.2899134159088135,482400,0.0,0.0
2.2418723106384277,2.257885684285845,2.1938321896961757,2.2418723106384277,720000,0.0,0.0
2.2258591388954834,2.241872513995451,2.177819013595581,2.177819013595581,411200,0.0,0.0
2.2098467367158516,2.289913647466426,2.2098467367158516,2.225860118865967,685600,0.0,0.0
2.201838970184326,2.2178523445129397,2.1778189086914064,2.201838970184326,1239200,0.0,0.0
2.185825824737549,2.273899392767267,2.185825824737549,2.185825824737549,380000,0.0,0.0
2.1938322094124807,2.3059258259518045,2.1858255225168146,2.2738990783691406,424800,0.0,0.0
2.257886658112208,2.321940180328157,2.249879967835214,2.30592679977417,242400,0.0,0.0
2.321939388645134,2.4020062641156557,2.305926013551029,2.3939995765686035,501600,0.0,0.0
2.3779870319366454,2.4020071029663086,2.3619736512502034,2.4020071029663086,275200,0.0,0.0
2.402006510484258,2.4180198872208196,2.3859931337476965,2.410013198852539,1035200,0.0,0.0
2.4084079344541034,2.424463987350464,2.384323855109562,2.424463987350464,416800,0.0125,0.0
2.4084081649780273,2.4084081649780273,2.3441839472452797,2.4084081649780273,589600,0.0,0.0
2.408407455266908,2.416435480117798,2.3923514055651287,2.416435480117798,606400,0.0,0.0
2.3923523177703223,2.3923523177703223,2.3120720386505127,2.3120720386505127,664000,0.0,0.0
2.279959460855768,2.344183671020719,2.26390340831453,2.3200995922088623,563200,0.0,0.0
2.3361558747458293,2.360239955928776,2.2960157394409184,2.296015739440918,276000,0.0,0.0
2.312071549265008,2.3281276016904595,2.2719314182013797,2.287987470626831,251200,0.0,0.0
2.3040435637457892,2.368267774581909,2.3040435637457892,2.368267774581909,732800,0.0,0.0
2.3522121782104177,2.3522121782104177,2.304044010738532,2.3120720386505127,313600,0.0,0.0
2.336155891418457,2.3441839185367335,2.3200998371819037,2.336155891418457,453600,0.0,0.0
2.3522105135329783,2.3602385357634663,2.336154469072002,2.3441824913024902,490400,0.0,0.0
2.3441824913024902,2.3602385357634663,2.3120704023805385,2.3441824913024902,556800,0.0,0.0
2.3682670463067272,2.376295070192513,2.3281269268778,2.3522109985351562,420000,0.0,0.0
2.3682679829897584,2.3682679829897584,2.2639036311969893,2.296015739440918,422400,0.0,0.0
2.279959698381095,2.328127861022949,2.279959698381095,2.328127861022949,370400,0.0,0.0
2.3281276184794812,2.3281276184794812,2.3120715659382434,2.3200995922088623,80000,0.0,0.0
2.304043779702022,2.328127861022949,2.2960157525950464,2.328127861022949,134400,0.0,0.0
2.312070879106229,2.3522109985351562,2.2960148313346576,2.3522109985351562,100800,0.0,0.0
2.368267749832576,2.384323802373814,2.3200995922088623,2.3200995922088623,192000,0.0,0.0
2.304043779702022,2.328127861022949,2.2960157525950464,2.328127861022949,300800,0.0,0.0
2.3281276016904595,2.3281276016904595,2.287987470626831,2.287987470626831,96000,0.0,0.0
2.3040423801500505,2.3441824913024902,2.2960143579195624,2.3441824913024902,524800,0.0,0.0
2.3441839829469338,2.504744529724121,2.3441839829469338,2.504744529724121,649600,0.0,0.0
2.488687703775805,2.4967157286266946,2.3762953558633493,2.416435480117798,399200,0.0,0.0
2.392350968192605,2.4646031786413753,2.392350968192605,2.4565751552581787,270400,0.0,0.0
2.440518200782037,2.488686323165893,2.4244621599874185,2.4886863231658936,166400,0.0,0.0
2.4726314293710807,2.4886874776137504,2.440519332885742,2.440519332885742,428800,0.0,0.0
2.4565763890743257,2.5689687728881836,2.4565763890743257,2.5689687728881836,484000,0.0,0.0
2.568968760816357,2.568968760816357,2.5368566513061523,2.5368566513061523,584800,0.0,0.0
2.552912706061255,2.568968760816357,2.5208005965510503,2.5368566513061523,367200,0.0,0.0
2.560940496553006,2.601080629727818,2.544884443283081,2.544884443283081,496800,0.0,0.0
2.5689687788116267,2.665305108017063,2.5689687788116267,2.585024833679199,600000,0.0,0.0
2.58502365483178,2.601079702377319,2.568967607286241,2.6010797023773193,736800,0.0,0.0
2.5368559254202876,2.5689680257420635,2.488687774937624,2.5207998752593994,1026400,0.0,0.0
2.5689685231879684,2.5689685231879684,2.536856416648119,2.544884443283081,675200,0.0,0.0
2.536855715569284,2.5609397888183594,2.536855715569284,2.5609397888183594,308800,0.0,0.0
2.55291295720038,2.6010811262041607,2.4886887318620055,2.5769970417022705,412800,0.0,0.0
2.5930528728508513,2.6813611750222424,2.5850248453807247,2.6171369552612305,551200,0.0,0.0
2.6171357499228582,2.6171357499228582,2.601079702377319,2.6010797023773193,242400,0.0,0.0
2.6010811350895806,2.6251652196737436,2.5850250787001388,2.6091091632843018,319200,0.0,0.0
2.609107726150089,2.6412198212411666,2.601079702377319,2.6010797023773193,423200,0.0,0.0
2.601080900320978,2.6331930102014836,2.5930528728508513,2.6171369552612305,364800,0.0,0.0
2.6171364914682496,2.6813606998478385,2.6171364914682496,2.6412205696105957,635200,0.0,0.0
2.657277151212225,2.809809676508395,2.657277151212225,2.7857255935668945,607200,0.0,0.0
2.7616399555671505,2.7616399555671505,2.6331915855407715,2.6331915855407715,616800,0.0,0.0
2.601081618240902,2.697417974472046,2.536857380753472,2.697417974472046,599200,0.0,0.0
2.681361669482607,2.6974177273837006,2.6171374378782333,2.64924955368042,527200,0.0,0.0
2.6331915855407715,2.649247631794069,2.625163562414123,2.6331915855407715,237600,0.0,0.0
2.625164964795113,2.625164964795113,2.5368566632270815,2.5689687728881836,211200,0.0,0.0
2.601080882549286,2.617136937379837,2.5689687728881836,2.5689687728881836,583200,0.0,0.0
2.585024576457893,2.585024576457893,2.5288283900131563,2.544884443283081,356800,0.0,0.0
2.5288288813370925,2.6171371914790225,2.5288288813370925,2.6091091632843018,260000,0.0,0.0
2.6091091632843018,2.6091091632843018,2.5850250787001388,2.6091091632843018,196000,0.0,0.0
2.6010808885467718,2.6091089159805585,2.552912723944054,2.585024833679199,363200,0.0,0.0
2.5689687728881836,2.5689687728881836,2.5288286358118057,2.5689687728881836,166400,0.0,0.0
2.568968760816357,2.568968760816357,2.4726324322857436,2.5368566513061523,196000,0.0,0.0
2.5207996667365666,2.5609397888183594,2.5207996667365666,2.5609397888183594,75200,0.0,0.0
2.560939226831709,2.560939226831709,2.4726309776306152,2.4726309776306152,571200,0.0,0.0
2.456575812125693,2.4646038376555155,2.3441834547081775,2.3602395057678223,1074400,0.0,0.0
2.3682668353572036,2.3923509048693106,2.344182765845096,2.3843228816986084,466400,0.0,0.0
2.3843231640363993,2.448547357007077,2.3762951399150647,2.440519332885742,599200,0.0,0.0
2.42446348811156,2.4324915129066316,2.3923513889312744,2.3923513889312744,130400,0.0,0.0
2.4084072364004037,2.440519332885742,2.3843231640363993,2.440519332885742,148000,0.0,0.0
2.4401977406098294,2.512678861618042,2.432144282720028,2.512678861618042,751200,0.015,0.0
2.5126787197740774,2.5609994643851173,2.480464890033384,2.5448925495147705,276800,0.0,0.0
2.5287848381769087,2.560998657771519,2.4965710185822987,2.5368382930755615,243200,0.0,0.0
2.5448925495147705,2.5609994643851173,2.5448925495147705,2.5448925495147705,228800,0.0,0.0
2.560998948927849,2.560998948927849,2.4804643907854635,2.4965713024139404,255200,0.0,0.0
2.472411477720583,2.4804649353027344,2.4643580201384307,2.4804649353027344,136000,0.0,0.0
2.496571850467038,2.5046253080491896,2.4804649353027344,2.4804649353027344,137600,0.0,0.0
2.480465472539266,2.480465472539266,2.3757705012957255,2.4160377979278564,436000,0.0,0.0
2.4160390098889666,2.4160390098889666,2.2710766692956286,2.319397449493408,643200,0.0,0.0
2.3032893534420302,2.3677170276641846,2.2871824348864913,2.3677170276641846,204800,0.0,0.0
2.3355043762260013,2.3355043762260013,2.287183596028222,2.319397449493408,499200,0.0,0.0
2.303289647658385,2.319396568271381,2.2791292667388916,2.2791292667388916,449600,0.0,0.0
2.287182801061397,2.287182801061397,2.222755116524456,2.2388620376586914,1172800,0.0,0.0
2.25496832187885,2.2710752384636987,2.222754488709152,2.246914863586426,417600,0.0,0.0
2.246913779307814,2.246913779307814,2.190539598464966,2.190539598464966,354400,0.0,0.0
2.190540327592329,2.214700698852539,2.1744334134188565,2.214700698852539,1136800,0.0,0.0
2.1985940608111294,2.1985940608111294,2.126112937927246,2.126112937927246,225600,0.0,0.0
2.0938994884490967,2.134166786303887,2.0858460288781386,2.0938994884490967,383200,0.0,0.0
2.093897955247972,2.1502721309661865,2.0858445015739413,2.1502721309661865,573600,0.0,0.0
2.1341671995873,2.222755272022999,2.118060277326264,2.206648349761963,435200,0.0,0.0
2.1905399405437964,2.2308072188626165,2.1905399405437964,2.2227537631988525,191200,0.0,0.0
2.206648349761963,2.222755272022999,2.1905414275009267,2.206648349761963,249600,0.0,0.0
2.206648349761963,2.2388621942840357,2.206648349761963,2.206648349761963,361600,0.0,0.0
2.222755272022999,2.2308087331535176,2.198594888631445,2.206648349761963,195200,0.0,0.0
2.190540932709316,2.190540932709316,2.0455786651035526,2.134166717529297,611200,0.0,0.0
2.1502734790170996,2.1583269377400103,2.0938992679567265,2.1422200202941895,1785600,0.0,0.0
2.1905403843632447,2.1905403843632447,2.1583265551814326,2.174433469772339,1011200,0.0,0.0
2.1583265551814326,2.182486927067792,2.150273097885979,2.174433469772339,582400,0.0,0.0
2.158327579498291,2.158327579498291,2.142220657263229,2.158327579498291,228000,0.0,0.0
2.15027411838076,2.174434501733353,2.110006812793105,2.158327579498291,592000,0.0,0.0
2.1583270954635907,2.1824874733978845,2.134166717529297,2.134166717529297,617600,0.0,0.0
2.126113735028167,2.158327579498291,2.126113735028167,2.158327579498291,555200,0.0,0.0
2.206648349761963,2.206648349761963,2.1583275829788544,2.206648349761963,817600,0.0,0.0
2.1905412742559855,2.2549689587929262,2.1905412742559855,2.2388620376586914,251200,0.0,0.0
2.2066483514833966,2.230808734893799,2.198594890346596,2.230808734893799,1019200,0.0,0.0
2.2388621942840357,2.2388621942840357,2.206648349761963,2.206648349761963,571200,0.0,0.0
2.2066468518713247,2.2469141301901443,2.2066468518713247,2.2227537631988525,530400,0.0,0.0
2.222755272022999,2.2308087331535176,2.1905414275009267,2.206648349761963,329600,0.0,0.0
2.222755272022999,2.2308087331535176,2.198594888631445,2.206648349761963,409600,0.0,0.0
2.198594734823103,2.2469154982258086,2.198594734823103,2.2388620376586914,660800,0.0,0.0
2.222754488709152,2.25496832187885,2.222754488709152,2.246914863586426,224000,0.0,0.0
2.2630226612091064,2.2630226612091064,2.2469157383535254,2.2630226612091064,456800,0.0,0.0
2.254967212677002,2.27912757566997,2.230806849684034,2.254967212677002,288000,0.0,0.0
2.254969199781316,2.2710761226368965,2.254969199781316,2.2630226612091064,783200,0.0,0.0
2.2710761226368965,2.2710761226368965,2.2469157383535254,2.2630226612091064,298400,0.0,0.0
2.263022201636742,2.335503339767456,2.2549687418444404,2.335503339767456,715200,0.0,0.0
2.319395755199676,2.319395755199676,2.2710750102996826,2.2710750102996826,293600,0.0,0.0
2.2791276842775483,2.2871811389923096,2.2388604107037398,2.2871811389923096,194400,0.0,0.0
2.2871811389923096,2.303288048421833,2.2710742295627866,2.2871811389923096,1096000,0.0,0.0
2.3032880253987766,2.3677156624728686,2.3032880253987766,2.3516087532043457,664800,0.0,0.0
2.351608126643575,2.3677150316205857,2.335501221666564,2.35966157913208,246400,0.0,0.0
2.351608126643575,2.3677150316205857,2.335501221666564,2.35966157913208,656800,0.0,0.0
2.34355702503122,2.34355702503122,2.222755116524456,2.2388620376586914,706400,0.0,0.0
2.230806955988978,2.2871811389923096,2.230806955988978,2.2871811389923096,400800,0.0,0.0
2.2871827270453893,2.303289647658385,2.2791292667388916,2.2791292667388916,568000,0.0,0.0
2.2791276842775483,2.303288048421833,2.2791276842775483,2.2871811389923096,281600,0.0,0.0
2.2791281751639336,2.3113420009613037,2.2791281751639336,2.3113420009613037,262400,0.0,0.0
2.3355023703093316,2.343555826758674,2.295235088062619,2.3113420009613037,949600,0.0,0.0
2.319396339073313,2.3274497985839844,2.303289420051971,2.3274497985839844,690400,0.0,0.0
2.3193964201828527,2.3435567995597575,2.3193964201828527,2.335503339767456,549600,0.0,0.0
2.3355032580946555,2.3435567176053267,2.3274497985839844,2.3274497985839844,329600,0.0,0.0
2.3274497985839844,2.3435567176053267,2.3274497985839844,2.3274497985839844,318400,0.0,0.0
2.327449879975154,2.335503339767456,2.3193964201828527,2.335503339767456,951200,0.0,0.0
2.3193960089432566,2.327449467307643,2.2710752587569387,2.2952356338500977,286400,0.0,0.0
2.294911873383334,2.3110732246043435,2.246427819720306,2.2545084953308105,398400,0.015,0.0
2.238347098981734,2.2625891253244963,2.2141050726389713,2.2464277744293213,568800,0.0,0.0
2.2141055624126955,2.238347594117944,2.2060248851776123,2.2060248851776123,477600,0.0,0.0
2.2060244985060256,2.222185850143432,2.173701795231212,2.2221858501434326,444800,0.0,0.0
2.2221862602589737,2.2221862602589737,2.165621519088745,2.165621519088745,656800,0.0,0.0
2.1817826953801243,2.1817826953801243,2.125217958833232,2.133298635482788,1163200,0.0,0.0
2.1090564727783203,2.1171371489192334,2.084814444355581,2.1090564727783203,944800,0.0,0.0
2.117138264262078,2.1252189446600247,2.084815542670291,2.0928962230682373,896800,0.0,0.0
2.0767336344534115,2.100975661314735,2.044410931971646,2.0848143100738525,1486400,0.0,0.0
2.068653106689453,2.076733782887459,2.0605724304914474,2.068653106689453,752000,0.0,0.0
2.0201693451593794,2.0363306999206543,2.012088667778742,2.0363306999206543,2221600,0.0,0.0
2.0524917542934418,2.0848144590854645,2.0363304018974304,2.068653106689453,1380000,0.0,0.0
2.076733768214668,2.1252178250601466,2.076733768214668,2.1090564727783203,951200,0.0,0.0
2.1171371489192334,2.1332985012010597,2.100975796637407,2.1090564727783203,844000,0.0,0.0
2.109056517368055,2.1252178699915647,2.109056517368055,2.1171371936798096,1127200,0.0,0.0
2.1171371936798096,2.1252178699915647,2.1171371936798096,2.1171371936798096,493600,0.0,0.0
2.133298635482788,2.133298635482788,2.092895252235008,2.133298635482788,1684000,0.0,0.0
2.1171371936798096,2.1252178699915647,2.1009758410562998,2.1171371936798096,180800,0.0,0.0
2.109056517368055,2.1171371936798096,2.1009758410562998,2.1171371936798096,764000,0.0,0.0
2.100975133101764,2.100975133101764,2.0686524387463523,2.076733112335205,724800,0.0,0.0
2.076734862272344,2.1090575838641312,2.068654181874397,2.0928962230682373,761600,0.0,0.0
2.10905660553412,2.157540665431456,2.10905660553412,2.133298635482788,608800,0.0,0.0
2.11713713452332,2.2141052475549228,2.11713713452332,2.1494598388671875,1559200,0.0,0.0
2.1494604433336226,2.1898638351256077,2.1332990866168284,2.1737024784088135,980000,0.0,0.0
2.1575408417787125,2.1817828737088103,2.1575408417787125,2.165621519088745,601600,0.0,0.0
2.1656218841946875,2.189863920211792,2.1656218841946875,2.189863920211792,1427200,0.0,0.0
2.1898638934328933,2.2302672863006587,2.1817832148593403,2.230267286300659,1074400,0.0,0.0
2.2221863903897874,2.2787511348724365,2.2221863903897874,2.2787511348724365,1424000,0.0,0.0
2.2949127582866793,2.2949127582866793,2.2383480072021484,2.2383480072021484,800000,0.0,0.0
2.2464259709630694,2.262587308883667,2.2383453020027706,2.262587308883667,424000,0.0,0.0
2.27066984655182,2.27066984655182,2.2545084953308105,2.2545084953308105,272800,0.0,0.0
2.2383480072021484,2.24642868592851,2.2383480072021484,2.2383480072021484,104000,0.0,0.0
2.2545084953308105,2.2625891709413155,2.2383471441098015,2.2545084953308105,167200,0.0,0.0
2.2545084953308105,2.2545084953308105,2.2383471441098015,2.2545084953308105,423200,0.0,0.0
2.262587308883667,2.270667977843966,2.254506639923368,2.262587308883667,985600,0.0,0.0
2.2545084953308105,2.2625891709413155,2.2302664684992966,2.2545084953308105,1156000,0.0,0.0
2.270669800772084,2.270669800772084,2.2302664235341463,2.2464277744293213,990400,0.0,0.0
2.246428643447765,2.254509322021318,2.2302672863006587,2.230267286300659,581600,0.0,0.0
2.2141059710230637,2.2383480072021484,2.2141059710230637,2.2383480072021484,720800,0.0,0.0
2.222183964082173,2.270667977843966,2.222183964082173,2.262587308883667,360000,0.0,0.0
2.278751400833956,2.278751400833956,2.230267328475787,2.2383480072021484,218400,0.0,0.0
2.2383480072021484,2.24642868592851,2.230267328475787,2.2383480072021484,391200,0.0,0.0
2.2464259709630694,2.270667977843966,2.2464259709630694,2.262587308883667,81600,0.0,0.0
2.2787504762196713,2.2868311516672586,2.2302664235341463,2.2464277744293213,264000,0.0,0.0
2.2302673135736333,2.2302673135736333,2.181783241539424,2.189863920211792,375200,0.0,0.0
2.2060252505799998,2.2625900005948716,2.1979445720064463,2.230267286300659,914400,0.0,0.0
2.246428423739494,2.2787511348724365,2.2383477459562586,2.2787511348724365,366400,0.0,0.0
2.294912403801462,2.3514771461486816,2.294912403801462,2.3514771461486816,576000,0.0,0.0
2.3433950397518135,2.3514757123026815,2.2787496593448666,2.31107234954834,512000,0.0,0.0
2.302992251231055,2.302992251231055,2.2464275292709943,2.2868309020996094,704800,0.0,0.0
2.302992343902588,2.3110730187934743,2.294911669011702,2.302992343902588,481600,0.0,0.0
2.302990653685161,2.31107132264546,2.262587308883667,2.262587308883667,484000,0.0,0.0
2.2787502275338865,2.2949115766653323,2.270669552968163,2.2868309020996094,408800,0.0,0.0
2.2868309020996094,2.2949115766653323,2.26258887840244,2.2868309020996094,532800,0.0,0.0
2.2706689834594727,2.286830328537476,2.2706689834594727,2.2706689834594727,149600,0.0,0.0
2.2625897793059653,2.3191545237886144,2.25450910152273,2.2787511348724365,572800,0.0,0.0
2.2868293157645634,2.2868293157645634,2.262587308883667,2.262587308883667,1285600,0.0,0.0
2.254508449876909,2.254508449876909,2.2302664235341463,2.2464277744293213,672000,0.0,0.0
2.2383473972334476,2.2383473972334476,2.214105367660522,2.2141053676605225,962400,0.0,0.0
2.2221864365479522,2.2221864365479522,2.197944402694702,2.197944402694702,1220800,0.0,0.0
2.2060248851776123,2.2141055624126955,2.1656214990021985,2.2060248851776123,881600,0.0,0.0
2.2141032951218738,2.262587308883667,2.197941957201276,2.262587308883667,581600,0.0,0.0
2.26258887840244,2.2868309020996094,2.2464275292709943,2.2868309020996094,1802400,0.0,0.0
2.2702909611139197,2.2946155071258545,2.2621827791099416,2.2946155071258545,1036000,0.015,0.0
2.3027233130311315,2.375696939148315,2.3027233130311315,2.367588758468628,1450400,0.0,0.0
2.3838057957411625,2.3919139787198738,2.351373063826317,2.375697612762451,1870400,0.0,0.0
2.3919122219085693,2.416236752978826,2.3919122219085693,2.3919122219085693,955200,0.0,0.0
2.3756975452105205,2.4486711899439495,2.3756975452105205,2.432454824447632,925600,0.0,0.0
2.4162369547663505,2.432453310167467,2.383804243964118,2.4000205993652344,656800,0.0,0.0
2.3838040448851503,2.4000203989319884,2.3675876908383127,2.3919122219085693,841600,0.0,0.0
2.40002187741857,2.416238241455182,2.383805513381958,2.383805513381958,920800,0.0,0.0
2.3838057957411625,2.400022161698585,2.3675894297837394,2.375697612762451,867200,0.0,0.0
2.3675891255837413,2.3675891255837413,2.335156397836019,2.343264579772949,452000,0.0,0.0
2.327048215899088,2.343264579772949,2.3108318520252267,2.343264579772949,198400,0.0,0.0
2.343264312811301,2.351372493824489,2.2946152267321738,2.3027234077453613,209600,0.0,0.0
2.310832410739274,2.3351569624312662,2.2946160429446123,2.3270487785339355,191200,0.0,0.0
2.335156330309416,2.335156330309416,2.2865072400946365,2.3108317852020264,460000,0.0,0.0
2.3108318944772086,2.3351564407348633,2.2946155303054385,2.3351564407348633,549600,0.0,0.0
2.3189398979377067,2.3189398979377067,2.270290809169783,2.2783989906311035,785600,0.0,0.0
2.2946154831124725,2.2946154831124725,2.24596639159772,2.2540745735168457,632800,0.0,0.0
2.262182842130246,2.262182842130246,2.237858295440674,2.237858295440674,580800,0.0,0.0
2.2378578291998967,2.2378578291998967,2.189208745956421,2.189208745956421,404000,0.0,0.0
2.2054265011720555,2.2054265011720555,2.164885572841687,2.1973183155059814,610400,0.0,0.0
2.1973165264964973,2.2216410636901855,2.1811001683673723,2.2216410636901855,297600,0.0,0.0
2.237858361027941,2.237858361027941,2.181101083755493,2.181101083755493,516000,0.0,0.0
2.189210129839908,2.221642872504203,2.181101944173834,2.1973183155059814,1776000,0.0,0.0
2.2054239585182884,2.237856663790616,2.1892076058821246,2.229748487472534,284800,0.0,0.0
2.229748487472534,2.245964840108698,2.2216403111544523,2.229748487472534,348800,0.0,0.0
2.2297495232396947,2.2297495232396947,2.1973168029016628,2.2135331630706787,504000,0.0,0.0
2.205425107037579,2.205425107037579,2.189208745956421,2.189208745956421,546400,0.0,0.0
2.20542470556106,2.2216410636901855,2.1729919893028096,2.2216410636901855,671200,0.0,0.0
2.221642872504203,2.221642872504203,2.1973183155059814,2.1973183155059814,460800,0.0,0.0
2.213534686838129,2.221642872504203,2.1973183155059814,2.1973183155059814,668000,0.0,0.0
2.1973181139748053,2.1973181139748053,2.1486690044403076,2.1486690044403076,376800,0.0,0.0
2.1486684400937084,2.172992988472128,2.140560257300902,2.1648848056793213,2192000,0.0,0.0
2.164884655371956,2.237858295440674,2.164884655371956,2.237858295440674,1222400,0.0,0.0
2.1729929012880005,2.2054256311579707,2.1648847188205083,2.181101083755493,2038400,0.0,0.0
2.197317536850547,2.197317536850547,2.156776622886515,2.1648848056793213,353600,0.0,0.0
2.172992988472128,2.189209354057741,2.156776622886515,2.1648848056793213,364800,0.0,0.0
2.1729937585077606,2.2054265011720555,2.1729937585077606,2.1973183155059814,844800,0.0,0.0
2.2054250240325928,2.229749564738835,2.197316843797179,2.2054250240325928,774400,0.0,0.0
2.2054250240325928,2.2054250240325928,2.181100483326351,2.2054250240325928,629600,0.0,0.0
2.189209202061529,2.237858295440674,2.189209202061529,2.237858295440674,551200,0.0,0.0
2.2216413431551865,2.2378577033242024,2.2135331630706787,2.2135331630706787,534400,0.0,0.0
2.2054249829861705,2.2135331630706787,2.1729922626481386,2.2135331630706787,1124000,0.0,0.0
2.2054265011720555,2.2054265011720555,2.189210129839908,2.1973183155059814,560000,0.0,0.0
2.181100483326351,2.221641384503421,2.172992303090937,2.2054250240325928,963200,0.0,0.0
2.2054239585182884,2.237856663790616,2.1973157822002065,2.229748487472534,560800,0.0,0.0
2.2378579314037035,2.2702906550472353,2.2378579314037035,2.2621824741363525,197600,0.0,0.0
2.245966672897339,2.2540748558319863,2.229750307028044,2.245966672897339,239200,0.0,0.0
2.2540737799484365,2.2540737799484365,2.213532884625623,2.2216410636901855,925600,0.0,0.0
2.221641384503421,2.221641384503421,2.2054250240325928,2.2054250240325928,848000,0.0,0.0
2.2135331630706787,2.2216413431551865,2.2135331630706787,2.2135331630706787,396800,0.0,0.0
2.2216410636901855,2.2297492427547483,2.213532884625623,2.2216410636901855,667200,0.0,0.0
2.2378577033242024,2.2378577033242024,2.2054249829861705,2.2135331630706787,514400,0.0,0.0
2.2216403111544523,2.237856663790616,2.2216403111544523,2.229748487472534,1395200,0.0,0.0
2.229749564738835,2.229749564738835,2.189208663561765,2.2054250240325928,199200,0.0,0.0
2.2540746599003887,2.2540746599003887,2.2297501132108164,2.237858295440674,954400,0.0,0.0
2.237856663790616,2.237856663790616,2.229748487472534,2.229748487472534,853600,0.0,0.0
2.2378584899626914,2.245966672897339,2.2378584899626914,2.245966672897339,1865600,0.0,0.0
2.254074597105963,2.302723689129833,2.254074597105963,2.2946155071258545,1598400,0.0,0.0
2.2946155071258545,2.2946155071258545,2.2865073251218764,2.2946155071258545,1310400,0.0,0.0
2.286507172092424,2.286507172092424,2.2783989906311035,2.2783989906311035,950400,0.0,0.0
2.2865059375762935,2.2946141146598977,2.2783977604926897,2.286505937576294,640800,0.0,0.0
2.2946155071258545,2.302723689129833,2.2865073251218764,2.2946155071258545,540000,0.0,0.0
2.294615353553745,2.294615353553745,2.270290809169783,2.2783989906311035,678400,0.0,0.0
2.2702908515930176,2.2702908515930176,2.2540744883673534,2.2702908515930176,319200,0.0,0.0
2.286237504098799,2.326917886734009,2.286237504098799,2.326917886734009,879200,0.015,0.0
2.3431899547576904,2.3431899547576904,2.3269178022940955,2.3431899547576904,727200,0.0,0.0
2.326917996456054,2.3513262271881104,2.3187819195453683,2.3513262271881104,405600,0.0,0.0
2.3513263787600596,2.408278920806151,2.3513263787600596,2.367598533630371,1311200,0.0,0.0
2.3675982527536887,2.3838704056935764,2.3594621762837447,2.375734329223633,485600,0.0,0.0
2.3920056014225404,2.3920056014225404,2.3269170136287296,2.3594613075256348,408800,0.0,0.0
2.3757334951627054,2.4082777896169887,2.3757334951627054,2.400141716003418,443200,0.0,0.0
2.4001409636961446,2.4082770347595215,2.4001409636961446,2.4082770347595215,580000,0.0,0.0
2.408278603302805,2.4815032905653904,2.408278603302805,2.473367214202881,1120000,0.0,0.0
2.4733676472648245,2.4815037250518794,2.465231569477769,2.48150372505188,401600,0.0,0.0
2.473367385864258,2.481503462791443,2.4408230781555176,2.4408230781555176,690400,0.0,0.0
2.4245513101287237,2.481503857682083,2.4001430754629984,2.4570956230163574,1081600,0.0,0.0
2.457095087539031,2.5140476226806645,2.457095087539031,2.514047622680664,763200,0.0,0.0
2.530320936536032,2.5628652572631836,2.505912695990668,2.5628652572631836,1155200,0.0,0.0
2.538455167393775,2.5709994644116443,2.538455167393775,2.55472731590271,586400,0.0,0.0
2.538456405235442,2.554728561679259,2.448959544794449,2.4570956230163574,332000,0.0,0.0
2.440822908752843,2.473367214202881,2.440822908752843,2.473367214202881,284000,0.0,0.0
2.448959544794449,2.4733677794601743,2.4408234665725406,2.4570956230163574,455200,0.0,0.0
2.4652311378403713,2.473367214202881,2.4489589851153526,2.473367214202881,203200,0.0,0.0
2.473367385864258,2.473367385864258,2.3757344627380372,2.4408230781555176,804000,0.0,0.0
2.4408213190130286,2.4652295322031588,2.392004892632768,2.4082770347595215,388800,0.0,0.0
2.4082786188829663,2.432686848128402,2.4082786188829663,2.424550771713257,1299200,0.0,0.0
2.4326872583295476,2.489639802838935,2.4326872583295476,2.48150372505188,1017600,0.0,0.0
2.481504539390663,2.5140488612187375,2.4733684589336447,2.5059127807617188,556000,0.0,0.0
2.5059108703759065,2.55472731590271,2.497774796121439,2.55472731590271,1102400,0.0,0.0
2.571001960681035,2.587274124989143,2.5384576320648193,2.5384576320648193,980800,0.0,0.0
2.522183699129469,2.5303197755782736,2.5059115462318595,2.514047622680664,394400,0.0,0.0
2.5059117409490774,2.5221838951110844,2.4977756638680737,2.522183895111084,256800,0.0,0.0
2.5059115196529187,2.522183672377938,2.4570950614778617,2.473367214202881,259200,0.0,0.0
2.473367214202881,2.4815032905653904,2.440822908752843,2.473367214202881,774400,0.0,0.0
2.4733677794601743,2.4733677794601743,2.4408234665725406,2.4570956230163574,859200,0.0,0.0
2.4408228543339945,2.448958930515108,2.3920063972473145,2.3920063972473145,264000,0.0,0.0
2.3431884662525073,2.4082770347595215,2.326916324125754,2.4082770347595215,1141600,0.0,0.0
2.39200699724109,2.4570956230163574,2.39200699724109,2.4570956230163574,520000,0.0,0.0
2.44082272654832,2.465230953813803,2.4082784235276757,2.416414499282837,1220000,0.0,0.0
2.4164146796653143,2.473367214202881,2.408278603302805,2.473367214202881,1598400,0.0,0.0
2.4733684589336447,2.5059127807617188,2.457096298019607,2.5059127807617188,1174400,0.0,0.0
2.5221843432776536,2.571000814437866,2.5221843432776536,2.571000814437866,729600,0.0,0.0
2.538455167393775,2.55472731590271,2.5303190931393083,2.55472731590271,548800,0.0,0.0
2.5384576320648193,2.546593714218873,2.5221854677567115,2.5384576320648193,1066400,0.0,0.0
2.5465925464443133,2.5465925464443133,2.4570956837897207,2.4896399974823,1214400,0.0,0.0
2.4733656032665357,2.4733656032665357,2.4082770347595215,2.4082770347595215,1294400,0.0,0.0
2.392005642389847,2.4082777896169887,2.310644906254138,2.400141716003418,1933600,0.0,0.0
2.4164131058228984,2.4164131058228984,2.392004892632768,2.4082770347595215,160800,0.0,0.0
2.3920064821635205,2.3920064821635205,2.3513260998138006,2.375734329223633,902400,0.0,0.0
2.392004892632768,2.4082770347595215,2.392004892632768,2.4082770347595215,1103200,0.0,0.0
2.4245513101287237,2.4570956230163574,2.39200699724109,2.4570956230163574,1164000,0.0,0.0
2.4896399974823,2.4896399974823,2.448959605366576,2.4896399974823,453600,0.0,0.0
2.4896406198476817,2.5140488612187375,2.4896406198476817,2.5059127807617188,407200,0.0,0.0
2.4896393669278996,2.4896393669278996,2.440822908752843,2.473367214202881,774400,0.0,0.0
2.4896393669278996,2.4896393669278996,2.4652311378403713,2.473367214202881,352800,0.0,0.0
2.473368974832388,2.5384576320648193,2.473368974832388,2.5384576320648193,1136000,0.0,0.0
2.5384557668802437,2.5628639954079384,2.5221836145284473,2.5303196907043457,269600,0.0,0.0
2.5059115196529187,2.5059115196529187,2.4570950614778617,2.473367214202881,742400,0.0,0.0
2.5384558520270786,2.5384558520270786,2.48963939333425,2.514047622680664,452000,0.0,0.0
2.5059127807617188,2.5303210221327745,2.5059127807617188,2.5059127807617188,303200,0.0,0.0
2.4896396935557408,2.5465922355651855,2.4896396935557408,2.5465922355651855,1200800,0.0,0.0
2.5465931830468116,2.5628653439608486,2.5059127807617188,2.5059127807617188,546400,0.0,0.0
2.5221840032754232,2.5628643904250272,2.5221840032754232,2.5465922355651855,432800,0.0,0.0
2.5465930968996076,2.5710013374449714,2.5384570167178198,2.5628652572631836,498400,0.0,0.0
2.562864560633898,2.6035449504852295,2.554728482663631,2.6035449504852295,780800,0.0,0.0
2.5872725148067293,2.6198168231690784,2.5872725148067293,2.611680746078491,995200,0.0,0.0
2.603544347426471,2.6279525756835938,2.595408271340763,2.6279525756835938,488000,0.0,0.0
2.637752327552209,2.654085159301758,2.6214194958026593,2.654085159301758,600000,0.01875,0.0
2.645920323162544,2.678586006164551,2.6377539024120424,2.678586006164551,539200,0.0,0.0
2.678584752259431,2.678584752259431,2.64591908454895,2.64591908454895,693600,0.0,0.0
2.6295870390805334,2.694918394088745,2.6132542003284804,2.694918394088745,1183200,0.0,0.0
2.7112497978432235,2.8255796085956484,2.7112497978432235,2.809246778488159,1458400,0.0,0.0
2.8337474399142795,2.8337474399142795,2.7929153442382812,2.7929153442382812,774400,0.0,0.0
2.809246708365048,2.8174131232149464,2.7602482192656574,2.776581048965454,643200,0.0,0.0
2.7602489727646558,2.7602489727646558,2.7030840532103584,2.7357497215270996,823200,0.0,0.0
2.7439155243009417,2.7929140158063155,2.7439155243009417,2.78474760055542,1835200,0.0,0.0
2.776581048965454,2.8255795380648445,2.776581048965454,2.776581048965454,637600,0.0,0.0
2.7765819282642954,2.825580432880724,2.7765819282642954,2.8010811805725098,531200,0.0,0.0
2.809248182508681,2.809248182508681,2.7847489251030817,2.7929153442382812,639200,0.0,0.0
2.7765811182731808,2.817413193541904,2.7765811182731808,2.809246778488159,863200,0.0,0.0
2.825578532900129,2.8745770045689176,2.817412120955331,2.8582441806793213,730400,0.0,0.0
2.858245337813481,2.858245337813481,2.78474760055542,2.78474760055542,516000,0.0,0.0
2.776581048965454,2.792913878665251,2.743915389565861,2.776581048965454,530400,0.0,0.0
2.784747533326925,2.841912438703138,2.784747533326925,2.809246778488159,488800,0.0,0.0
2.825581708219316,2.9399116039276123,2.825581708219316,2.9399116039276123,959200,0.0,0.0
2.923576066692101,2.923576066692101,2.841911930750981,2.8500783443450928,716000,0.0,0.0
2.841912077254608,2.931742631420702,2.841912077254608,2.915409803390503,271200,0.0,0.0
2.9235774428067436,2.956243112558774,2.9072446079307284,2.931743860244751,416800,0.0,0.0
2.9154101783336874,2.9399094235297687,2.8909109331376057,2.923576593399048,682400,0.0,0.0
2.9154101118156452,2.948075771331787,2.890910867178539,2.948075771331787,248800,0.0,0.0
2.9562445154873065,3.1032400991303217,2.9562445154873065,3.0787408351898193,1063200,0.0,0.0
3.0542405706308484,3.062406989268899,3.0379077333547477,3.046074151992798,530400,0.0,0.0
3.0460732035298164,3.0460732035298164,2.988908290863037,2.988908290863037,343200,0.0,0.0
2.972575458672529,3.0134075391487998,2.9644090425772744,2.988908290863037,780800,0.0,0.0
2.980740974458416,2.980740974458416,2.8909104245432307,2.907243251800537,1108800,0.0,0.0
2.915409064292908,2.915409064292908,2.8582441806793213,2.8582441806793213,400800,0.0,0.0
2.8745770045689176,2.8745770045689176,2.8582441806793213,2.8582441806793213,356800,0.0,0.0
2.8745775851274287,2.890910412315653,2.8500783443450928,2.8500783443450928,506400,0.0,0.0
2.850077966849009,2.850077966849009,2.809245904286702,2.841911554336548,336000,0.0,0.0
2.817412120955331,2.8582441806793213,2.809245709010533,2.8582441806793213,1312800,0.0,0.0
2.841911554336548,2.8582443793614702,2.825578729311625,2.841911554336548,240800,0.0,0.0
2.8337459211764124,2.8337459211764124,2.8174130916595455,2.817413091659546,152000,0.0,0.0
2.825579506417979,2.8337459211764124,2.8174130916595455,2.817413091659546,414400,0.0,0.0
2.817413193541904,2.8255796085956484,2.809246778488159,2.809246778488159,306400,0.0,0.0
2.825579506417979,2.8337459211764124,2.809246676901112,2.817413091659546,419200,0.0,0.0
2.809246778488159,2.833746023649393,2.809246778488159,2.809246778488159,881600,0.0,0.0
2.817413193541904,2.817413193541904,2.809246778488159,2.809246778488159,316000,0.0,0.0
2.825580358505249,2.833746775726363,2.8174139412841357,2.825580358505249,139200,0.0,0.0
2.841912438703138,2.841912438703138,2.809246778488159,2.809246778488159,240800,0.0,0.0
2.809246676901112,2.8337459211764124,2.801080262142679,2.817413091659546,469600,0.0,0.0
2.809245709010533,2.8582441806793213,2.809245709010533,2.8582441806793213,251200,0.0,0.0
2.850078356399965,2.907243251800537,2.850078356399965,2.907243251800537,288000,0.0,0.0
2.923576695578439,2.9725751876831055,2.915410280227661,2.9725751876831055,690400,0.0,0.0
2.988908290863037,2.988908290863037,2.9644090425772744,2.988908290863037,514400,0.0,0.0
2.99707528989609,2.99707528989609,2.9807424545288086,2.9807424545288086,192800,0.0,0.0
2.9725757682947416,2.980742185240606,2.9644093513488765,2.964409351348877,156000,0.0,0.0
2.972576036845168,2.9807424545288086,2.956243201477887,2.9807424545288086,216000,0.0,0.0
2.9644087723323276,3.054239341190883,2.9644087723323276,3.02974009513855,372800,0.0,0.0
3.0379093604359197,3.0379093604359197,2.9970772453762975,3.0134100914001465,324800,0.0,0.0
2.997074216345082,2.997074216345082,2.809246676901112,2.817413091659546,791200,0.0,0.0
2.809246354474279,2.809246354474279,2.686750147157087,2.7275822162628174,1560000,0.0,0.0
2.74391545598514,2.7765811161754397,2.719416210842416,2.752081871032715,850400,0.0,0.0
2.743916138606285,2.7765818069230264,2.7357497215270996,2.7357497215270996,900800,0.0,0.0
2.7520802464105385,2.7847458873174884,2.7357474259570633,2.7684130668640137,705600,0.0,0.0
2.768416086832682,2.7929153442382812,2.752083248562283,2.7929153442382812,552000,0.0,0.0
2.784748345700367,2.8174140154446525,2.784748345700367,2.8010811805725098,692800,0.0,0.0
2.7847458873174884,2.792912297544226,2.694915374823376,2.7684130668640137,625600,0.0,0.0
2.784747319767274,2.784747319767274,2.7112495899200435,2.711249589920044,564000,0.0,0.0
2.703085244798953,2.7112516654781036,2.6459203000448963,2.6622531414031982,492000,0.0,0.0
2.6540857745755106,2.6540857745755106,2.531589508056641,2.5315895080566406,1513600,0.0,0.0
2.564255029340334,2.596920698503905,2.547922194758548,2.580587863922119,609600,0.0,0.0
2.623215663580247,2.656005859375,2.6068205656828702,2.656005859375,709600,0.01875,0.0
2.647808555490482,2.647808555490482,2.6068208069534773,2.639611005783081,752000,0.0,0.0
2.631413952359613,2.672401708626897,2.606821298599243,2.606821298599243,464800,0.0,0.0
2.6150188498527,2.6232164011061565,2.606821298599243,2.606821298599243,404800,0.0,0.0
2.606819389741632,2.6150169349923917,2.5904242992401123,2.5904242992401123,999200,0.0,0.0
2.598623979054275,2.6150190830230713,2.582228875085478,2.6150190830230713,834400,0.0,0.0
2.623215906368279,2.639611005783081,2.6150183566608782,2.639611005783081,347200,0.0,0.0
2.6396117389762663,2.6396117389762663,2.6150190830230713,2.6150190830230713,1575200,0.0,0.0
2.6232151985168457,2.6314127460122108,2.6150176510214806,2.6232151985168457,417600,0.0,0.0
2.6232151985168457,2.6232151985168457,2.606820103526115,2.6232151985168457,768000,0.0,0.0
2.639610293507576,2.6560053884983064,2.6150176510214806,2.6232151985168457,133600,0.0,0.0
2.6232147216796875,2.754375457763672,2.6232147216796875,2.737980365753174,471200,0.0,0.0
2.754374512528951,2.787164685297153,2.7379794261448502,2.7789671421051025,272000,0.0,0.0
2.7707703099364327,2.7871654005277726,2.7543752193450928,2.7543752193450928,369600,0.0,0.0
2.754375214272357,2.754375214272357,2.688794852027777,2.6969923973083496,284800,0.0,0.0
2.7051901817321777,2.7051901817321777,2.6723999977111816,2.6805975437164307,597600,0.0,0.0
2.6887955784797666,2.6887955784797666,2.606820103526115,2.6232151985168457,1102400,0.0,0.0
2.6396107614776234,2.656005859375,2.631413212528935,2.656005859375,247200,0.0,0.0
2.672400957272376,2.672400957272376,2.656005859375,2.656005859375,352800,0.0,0.0
2.6724014282226562,2.6805989786159774,2.6560063274360144,2.6724014282226562,294400,0.0,0.0
2.6723999977111816,2.6969926357269287,2.6723999977111816,2.6887950897216797,929600,0.0,0.0
2.688794852027777,2.6969923973083496,2.656004670905487,2.6969923973083496,245600,0.0,0.0
2.6969926357269287,2.729782819747925,2.6805975437164307,2.7051901817321777,676000,0.0,0.0
2.7133877277374268,2.7133877277374268,2.6887950897216797,2.7051901817321777,724000,0.0,0.0
2.7051901817321777,2.729782819747925,2.6560049057006836,2.6805975437164307,351200,0.0,0.0
2.672399761466632,2.705189942588922,2.672399761466632,2.6969923973083496,568000,0.0,0.0
2.6969923973083496,2.705189942588922,2.6969923973083496,2.6969923973083496,204000,0.0,0.0
2.7051901817321777,2.721585273742676,2.7051901817321777,2.7133877277374268,186400,0.0,0.0
2.721585273742676,2.77077054977417,2.7133877277374268,2.737980365753174,179200,0.0,0.0
2.754376160471063,2.8035614490509033,2.754376160471063,2.8035614490509033,658400,0.0,0.0
2.787164211273193,2.8035592948689176,2.737978960486019,2.7871642112731934,594400,0.0,0.0
2.7707719677004996,2.7953646183013916,2.7707719677004996,2.7953646183013916,136000,0.0,0.0
2.7953646183013916,2.803562168501689,2.754376867299905,2.7953646183013916,864000,0.0,0.0
2.7871666039486667,2.811759250454096,2.746178859772951,2.7625739574432373,599200,0.0,0.0
2.729783767728663,2.7543764142847773,2.729783767728663,2.7461788654327393,648800,0.0,0.0
2.754375457763672,2.754375457763672,2.6887950897216797,2.7133877277374268,2066400,0.0,0.0
2.729782819747925,2.737980365753174,2.7133877277374268,2.737980365753174,984800,0.0,0.0
2.7543752193450928,2.7707703099364327,2.7461776740494233,2.7543752193450928,124000,0.0,0.0
2.7707695960998535,2.7707695960998535,2.762572052916126,2.7707695960998535,16800,0.0,0.0
2.762571618474763,2.8527445793151855,2.762571618474763,2.8527445793151855,247200,0.0,0.0
2.8527467070507404,2.9511172831559382,2.8527467070507404,2.9265246391296387,147200,0.0,0.0
2.918326850721099,2.9429194927215576,2.918326850721099,2.9429194927215576,174400,0.0,0.0
2.9265239238739014,3.082277297973633,2.9019312858581543,3.082277297973633,541600,0.0,0.0
3.0658814770649174,3.0740790211212405,2.9675109483890374,3.0084986686706543,493600,0.0,0.0
2.9921042919158936,2.9921042919158936,2.9019312858581543,2.9511165618896484,244800,0.0,0.0
2.9511177606422807,2.9511177606422807,2.926525112636928,2.934722661972046,203200,0.0,0.0
2.9183270911208723,2.9511172831559382,2.901931995103339,2.9265246391296387,304800,0.0,0.0
2.910129307361131,2.934721949395169,2.901931760016452,2.9183268547058105,551200,0.0,0.0
2.9183268547058105,2.92652440205049,2.8855366653270935,2.9183268547058105,324000,0.0,0.0
2.934721949395169,2.9593145914292065,2.910129307361131,2.9183268547058105,465600,0.0,0.0
2.8691396631043533,2.901929830682689,2.836349495526018,2.8527445793151855,341600,0.0,0.0
2.8363523693028783,2.8363523693028783,2.7871670681010943,2.7953646183013916,387200,0.0,0.0
2.7789666694753308,2.787164211273193,2.762571585879606,2.7871642112731934,508000,0.0,0.0
2.787164685297153,2.7953622284892035,2.754374512528951,2.7789671421051025,727200,0.0,0.0
2.770769612733708,2.8199548721313477,2.770769612733708,2.8199548721313477,307200,0.0,0.0
2.8363523693028783,2.8609450199037703,2.7953646183013916,2.7953646183013916,692000,0.0,0.0
2.803560733795166,2.811758279800415,2.7051901817321777,2.7133877277374268,356800,0.0,0.0
2.713387252336525,2.778967608888465,2.713387252336525,2.7215847969055176,428000,0.0,0.0
2.6887950897216797,2.737980365753174,2.6805975437164307,2.737980365753174,339200,0.0,0.0
2.77077054977417,2.778968095779419,2.7133877277374268,2.7133877277374268,259200,0.0,0.0
2.6887946186295473,2.7215847969055176,2.6887946186295473,2.7215847969055176,255200,0.0,0.0
2.7297825813293457,2.7297825813293457,2.65600467372585,2.7297825813293457,266400,0.0,0.0
2.7396554358121823,2.7396554358121823,2.665610694303745,2.698519468307495,441600,0.01875,0.0
2.682065372352486,2.7396557331085205,2.682065372352486,2.7396557331085205,328800,0.0,0.0
2.7314281463623047,2.747882532786174,2.7149737599384354,2.7314281463623047,314400,0.0,0.0
2.7149738073349,2.8137001276016234,2.7149738073349,2.797245740890503,331200,0.0,0.0
2.7972467394842617,2.8466099172398662,2.7890195431916607,2.8383827209472656,452000,0.0,0.0
2.830153069045277,2.871289014816284,2.8136986907368744,2.871289014816284,184800,0.0,0.0
2.8795174930406655,3.0276069641113286,2.8548359145288886,3.027606964111328,1123200,0.0,0.0
3.044059750819401,3.0687413163665855,3.0111509967564887,3.019378185272217,789600,0.0,0.0
3.019378185272217,3.027605373787945,2.978242242693576,3.019378185272217,679200,0.0,0.0
3.0029244449257195,3.0029244449257195,2.978242874145508,2.978242874145508,616000,0.0,0.0
2.978243817368599,3.027606974562554,2.9617894316372806,3.002925395965576,199200,0.0,0.0
3.0193797712740693,3.0440613497858466,3.0111525784368105,3.027606964111328,508800,0.0,0.0
3.027606974562554,3.0440613602938718,3.002925395965576,3.002925395965576,857600,0.0,0.0
3.011153509032052,3.068743876691135,3.011153509032052,3.0522894859313965,853600,0.0,0.0
3.044059589260914,3.0522867773399978,2.978242084628246,3.01115083694458,687200,0.0,0.0
2.978243598034787,2.978243598034787,2.9124260599566703,2.953562021255493,600000,0.0,0.0
2.953562176889843,3.0111525257428484,2.9453349841965566,2.96178936958313,271200,0.0,0.0
2.961789513682271,3.011152672243642,2.9206535482144615,2.9946982860565186,403200,0.0,0.0
3.0111525784368105,3.0276069641113286,2.9946981927622924,3.027606964111328,200800,0.0,0.0
3.019379606762448,3.0605155687074403,3.019379606762448,3.0440611839294434,779200,0.0,0.0
3.0276066064834595,3.183923251926899,3.0276066064834595,3.1592416763305664,1509600,0.0,0.0
3.1674701488982917,3.192151734474123,3.1263341729385736,3.1510157585144043,1880000,0.0,0.0
3.1756973440902354,3.1756973440902354,3.1345613681305173,3.1510157585144043,521600,0.0,0.0
3.1345622581243515,3.29910620868206,3.126335060596466,3.290879011154175,1745600,0.0,0.0
3.2908772818649874,3.2908772818649874,3.2086053498183627,3.249741315841675,1144800,0.0,0.0
3.2579682797801737,3.2661954724058813,3.216832316651636,3.2250595092773438,488000,0.0,0.0
3.2332879160854078,3.2332879160854078,3.1510159589331073,3.2003791332244873,764000,0.0,0.0
3.216832316651636,3.241513894528759,3.2086051240259286,3.2250595092773438,953600,0.0,0.0
3.1921517848968506,3.2003789802187494,3.1263342223216575,3.1921517848968506,796000,0.0,0.0
3.192150443792343,3.192150443792343,3.142787292599678,3.1592416763305664,392800,0.0,0.0
3.167470198931153,3.2086061755406488,3.167470198931153,3.1921517848968506,812800,0.0,0.0
3.208606004714966,3.208606004714966,3.192151614947197,3.208606004714966,790400,0.0,0.0
3.2579689025878906,3.299104873580162,3.241514514190982,3.2579689025878906,2000000,0.0,0.0
3.241513894528759,3.2661954724058813,3.2250595092773438,3.2250595092773438,392000,0.0,0.0
3.2332847007485324,3.2332847007485324,3.1839215755462646,3.1839215755462646,649600,0.0,0.0
3.2003789121005206,3.2003789121005206,3.1674701315133684,3.1756973266601562,614400,0.0,0.0
3.1839215755462646,3.2003759506136875,3.159240012945131,3.1839215755462646,412000,0.0,0.0
3.2003796740870953,3.241515659615207,3.183925279875851,3.21683406829834,523200,0.0,0.0
3.200377768066329,3.2579681135071112,3.200377768066329,3.241513729095459,276800,0.0,0.0
3.2415134840708237,3.2908766335744404,3.2332862924868877,3.266195058822632,302400,0.0,0.0
3.2826518136262894,3.290879011154175,3.2661974185705187,3.290879011154175,555200,0.0,0.0
3.282650043689062,3.348467588424682,3.282650043689062,3.3484675884246826,678400,0.0,0.0
3.323789596557617,3.323789596557617,3.282653586699231,3.323789596557617,383200,0.0,0.0
3.3073310167423124,3.3073310167423124,3.257967867238696,3.266195058822632,270400,0.0,0.0
3.2497410583971744,3.307331406267504,3.2497410583971744,3.2991042137145996,307200,0.0,0.0
3.28265108127452,3.3237870597366066,3.28265108127452,3.3155598640441895,1170400,0.0,0.0
3.315559039464811,3.389603782281643,3.315559039464811,3.3731493949890137,827200,0.0,0.0
3.3813765759040892,3.397830963134766,3.3649221886734124,3.3978309631347656,669600,0.0,0.0
3.3978313709407533,3.3978313709407533,3.364922592529705,3.3813769817352295,596800,0.0,0.0
3.364921754137834,3.364921754137834,3.2991042137146,3.2991042137145996,451200,0.0,0.0
3.290879011154175,3.3073334062099455,3.274424616098404,3.290879011154175,1131200,0.0,0.0
3.274423885582103,3.3155598640441895,3.274423885582103,3.3155598640441895,753600,0.0,0.0
3.307331406267504,3.3237857913733126,3.2991042137146,3.2991042137145996,132800,0.0,0.0
3.2908775099557848,3.2908775099557848,3.2661959286311166,3.274423122406006,171200,0.0,0.0
3.2908774514234707,3.3073318386805877,3.2332870960235596,3.2332870960235596,491200,0.0,0.0
3.192150443792343,3.2168320193886757,3.1592416763305664,3.1592416763305664,1178400,0.0,0.0
3.175696455967891,3.1921508417501077,3.1592420701856736,3.1674692630767822,1656800,0.0,0.0
3.1592436885589836,3.2250612654039625,3.1592436885589836,3.21683406829834,514400,0.0,0.0
3.2250599023950013,3.2415142896521183,3.2168327087664426,3.2332870960235596,246400,0.0,0.0
3.2168319093190156,3.2908766335744404,3.2168319093190156,3.266195058822632,980000,0.0,0.0
3.274422071728052,3.356693983078003,3.274422071728052,3.356693983078003,672000,0.0,0.0
3.3402396114311412,3.373148376075783,3.3073308467864995,3.307330846786499,798400,0.0,0.0
3.3073334446659794,3.332015037536621,3.3073334446659794,3.332015037536621,269600,0.0,0.0
3.323786009148825,3.356694781516635,3.323786009148825,3.3484675884246826,529600,0.0,0.0
3.3320123338934238,3.348466715789194,3.3237851429455385,3.3402395248413086,123200,0.0,0.0
3.350142087631788,3.383148413618308,3.3418905061351576,3.358393669128418,468000,0.01875,0.0
3.3501417636871342,3.358393344385871,3.3336386022896605,3.350141763687134,287200,0.0,0.0
3.3501437696126795,3.43265962600708,3.3336405983337993,3.43265962600708,932000,0.0,0.0
3.4409093570709226,3.5234251689910887,3.4409093570709226,3.5069220066070557,612000,0.0,0.0
3.506923187965466,3.506923187965466,3.4656652681070486,3.482168436050415,420800,0.0,0.0
3.482169139843721,3.482169139843721,3.43265962600708,3.43265962600708,346400,0.0,0.0
3.4491621001636816,3.4821684360504155,3.4079041803052643,3.482168436050415,504800,0.0,0.0
3.4656633879687337,3.663701295852661,3.4656633879687337,3.663701295852661,709600,0.0,0.0
3.6637018177666807,3.6637018177666807,3.605940753072161,3.622443914413452,696800,0.0,0.0
3.605940753072161,3.630695495084098,3.597689172401515,3.622443914413452,320800,0.0,0.0
3.6224459785304655,3.6306975639029724,3.6141943931579585,3.614194393157959,167200,0.0,0.0
3.6141923541936403,3.6471986770629887,3.6059407734763034,3.6471986770629883,548800,0.0,0.0
3.6471979501512317,3.7132105827331547,3.6471979501512317,3.7132105827331543,516000,0.0,0.0
3.704958616497776,3.754468085760552,3.663700725445462,3.721461772918701,442400,0.0,0.0
3.729715558980078,3.7379671420751666,3.680206060409546,3.680206060409546,263200,0.0,0.0
3.6637038366520107,3.6719554218696957,3.605942740128218,3.655452251434326,1128000,0.0,0.0
3.663703191848028,3.663703191848028,3.6389484405517574,3.638948440551758,365600,0.0,0.0
3.638947162303057,3.638947162303057,3.614192419702356,3.6306955814361572,163200,0.0,0.0
3.630695581436157,3.6637019049037582,3.630695581436157,3.6306955814361572,338400,0.0,0.0
3.630695495084098,3.6471986564253895,3.6224439144134526,3.622443914413452,470400,0.0,0.0
3.6389484405517574,3.647200024317181,3.614193689255487,3.638948440551758,624800,0.0,0.0
3.6224459105635876,3.6637038366520107,3.605942740128218,3.655452251434326,384000,0.0,0.0
3.6637018177666807,3.6637018177666807,3.614192333742807,3.622443914413452,851200,0.0,0.0
3.6059416882488704,3.622444853870147,3.5976901054382324,3.5976901054382324,254400,0.0,0.0
3.5811870670540906,3.5811870670540906,3.506922819119789,3.539929151535034,643200,0.0,0.0
3.5481795837294383,3.5481795837294383,3.4986701011657715,3.4986701011657715,521600,0.0,0.0
3.498670425415039,3.5069220066070557,3.4904188442230226,3.5069220066070557,270400,0.0,0.0
3.5316765470202696,3.6471986770629887,3.5316765470202696,3.6471986770629883,497600,0.0,0.0
3.6471986770629887,3.671953419215,3.6306955156283145,3.6471986770629883,828800,0.0,0.0
3.647199602302061,3.647199602302061,3.589438522627594,3.5976901054382324,138400,0.0,0.0
3.5646814403843714,3.5646814403843714,3.5316751307511827,3.556429862976074,695200,0.0,0.0
3.5399280033021605,3.5399280033021605,3.4986701011657715,3.4986701011657715,196000,0.0,0.0
3.482167263031006,3.5069220066070557,3.473915681838989,3.5069220066070557,332000,0.0,0.0
3.5069240758793137,3.5234272480010986,3.4986724898184214,3.5234272480010986,181600,0.0,0.0
3.515173262020327,3.5481795837294383,3.4986701011657715,3.4986701011657715,653600,0.0,0.0
3.482167071387881,3.556431298028855,3.4656639099121094,3.4656639099121094,350400,0.0,0.0
3.482166919475649,3.482166919475649,3.3666447941849875,3.383147954940796,836000,0.0,0.0
3.432660341831835,3.490421453353044,3.432660341831835,3.4574151039123535,292800,0.0,0.0
3.465665660957826,3.4821688307719105,3.4491624911437406,3.473917245864868,552000,0.0,0.0
3.4904188442230226,3.5069220066070557,3.4656641006469724,3.5069220066070557,296000,0.0,0.0
3.5234235533428855,3.556429862976074,3.506920398526291,3.556429862976074,384000,0.0,0.0
3.5646814403843714,3.5646814403843714,3.5316751307511827,3.556429862976074,366400,0.0,0.0
3.5316770417349677,3.581186532974243,3.5316770417349677,3.581186532974243,399200,0.0,0.0
3.5646814403843714,3.5646814403843714,3.5316751307511827,3.556429862976074,604000,0.0,0.0
3.5646827434671335,3.589437484741211,3.5564311630424412,3.589437484741211,241600,0.0,0.0
3.5894381148474555,3.5894381148474555,3.5646833692278177,3.581186532974243,1056800,0.0,0.0
3.5894397764562442,3.5976913621492472,3.5151755052192186,3.5316786766052246,432800,0.0,0.0
3.539928640326319,3.6059412956237793,3.539928640326319,3.6059412956237793,441600,0.0,0.0
3.622445627981345,3.746219396591186,3.6059424588333666,3.7462193965911865,506400,0.0,0.0
3.737967812017197,3.779225734887144,3.7297162274432076,3.7462193965911865,495200,0.0,0.0
3.7462190860196163,3.7627222537994385,3.729715918239794,3.7627222537994385,285600,0.0,0.0
3.7874766942194977,3.7874766942194977,3.7462187781604617,3.7792251110076904,9865600,0.0,0.0
3.7792232153150773,3.7792232153150773,3.7132105827331547,3.7132105827331543,243200,0.0,0.0
3.696707424587674,3.7132105827331547,3.6471979501512317,3.7132105827331543,546400,0.0,0.0
3.696709526909722,3.696709526909722,3.6389484405517574,3.638948440551758,1200000,0.0,0.0
3.6554524620002673,3.6554524620002673,3.5151755052192186,3.5316786766052246,690400,0.0,0.0
3.531678485409649,3.531678485409649,3.3666467804839644,3.41615629196167,952000,0.0,0.0
3.4161558254159607,3.498671666609583,3.3996526571772363,3.440910577774048,1516000,0.0,0.0
3.4491635165521806,3.465666691272526,3.41615716711149,3.4574151039123535,713600,0.0,0.0
3.4409110477005225,3.4821689739319432,3.3996531214691013,3.41615629196167,466400,0.0,0.0
3.4326574588803345,3.4326574588803345,3.350141654580326,3.407902717590332,238400,0.0,0.0
3.432657871476139,3.432657871476139,3.391399964367051,3.4244062900543213,520800,0.0,0.0
3.42440804036764,3.43265962600708,3.39965328344932,3.43265962600708,278400,0.0,0.0
3.407905579751317,3.4574151039123535,3.383150817670799,3.4574151039123535,514400,0.0,0.0
3.43621537756564,3.43621537756564,3.2788946735325144,3.3285748958587646,1109600,0.0225,0.0
3.2623350558181605,3.2623350558181605,3.129854444414377,3.179534673690796,1072800,0.0,0.0
3.1960949897766113,3.2126550674438477,3.0636143684387207,3.0636143684387207,810400,0.0,0.0
3.0801749242283902,3.0967350044661774,3.0056545631583487,3.071894884109497,912800,0.0,0.0
3.0718917488400406,3.080171780508073,3.0222115588318457,3.030491590499878,756000,0.0,0.0
3.0139343732023893,3.022214412689209,2.98909425474193,3.022214412689209,1305600,0.0,0.0
3.0056562542585126,3.0056562542585126,2.9808161199257976,2.989096164703369,452000,0.0,0.0
3.005653140294618,3.005653140294618,2.914572742103872,2.997373104095459,588800,0.0,0.0
3.0139331764937767,3.0139331764937767,2.997373104095459,2.997373104095459,192000,0.0,0.0
2.997373315871274,3.013933389439624,2.889732837677002,2.889732837677002,524000,0.0,0.0
2.881452800892827,2.898012874461177,2.831772580187778,2.889732837677002,404800,0.0,0.0
2.889732146598923,2.947692390226982,2.864892042186898,2.9394123554229736,308800,0.0,0.0
2.8814532743024,2.8814532743024,2.831773045435117,2.8648931980133057,716000,0.0,0.0
2.856612427044759,2.8648924630651784,2.806932210922241,2.806932210922241,377600,0.0,0.0
2.7324123495429227,2.806932686348639,2.7324123495429227,2.7986526489257812,1391200,0.0,0.0
2.8069331645965576,2.8400533199310303,2.7986531257629395,2.8400533199310303,434400,0.0,0.0
2.906293395529972,2.9476935863494873,2.906293395529972,2.9476935863494873,638400,0.0,0.0
2.95597242503099,2.95597242503099,2.9394123554229736,2.9394123554229736,679200,0.0,0.0
2.9476959408155112,2.989096164703369,2.931135851260368,2.989096164703369,964800,0.0,0.0
3.005653854854946,3.0139338930225907,2.9642536640167236,2.9642536640167236,563200,0.0,0.0
2.9725348518249834,3.113295555114746,2.9642548104549973,3.113295555114746,680000,0.0,0.0
3.0967347615559895,3.1050148010253906,3.0801746826171876,3.1050148010253906,1010400,0.0,0.0
3.105014081924192,3.11329411947599,3.0718939317170006,3.080173969268799,592000,0.0,0.0
3.047053813934326,3.0718939265479213,3.047053813934326,3.047053813934326,668000,0.0,0.0
3.0304939727152673,3.0387740108920847,3.005653858184814,3.0056538581848145,878400,0.0,0.0
3.022213931190235,3.0304939693578796,2.9642536640167236,2.9642536640167236,1038400,0.0,0.0
2.9725332220061484,2.9725332220061484,2.9476931115158465,2.9559731483459473,133600,0.0,0.0
2.9476940605375503,2.980814218521118,2.9476940605375503,2.980814218521118,768800,0.0,0.0
2.997373816687302,2.997373816687302,2.9642536640167236,2.9642536640167236,626400,0.0,0.0
2.9559736245133905,2.9642536626772933,2.939413548185584,2.9476935863494873,476800,0.0,0.0
2.9311351857402106,2.939415228637782,2.9145750999450684,2.9145750999450684,110400,0.0,0.0
2.9145734336938753,2.9642536626772933,2.898013357366069,2.9476935863494873,635200,0.0,0.0
2.964254384660452,2.964254384660452,2.8980140632155256,2.9311342239379883,392800,0.0,0.0
2.898013106612272,2.898013106612272,2.831772807032563,2.8483328819274902,433600,0.0,0.0
2.8483328819274902,2.8648929568224175,2.8400528444800264,2.8483328819274902,736800,0.0,0.0
2.840052602583902,2.848332639326129,2.831772565841675,2.831772565841675,158400,0.0,0.0
2.831772807032563,2.873172994269881,2.8234927695850995,2.8483328819274902,211200,0.0,0.0
2.8648929568224175,2.8648929568224175,2.8234927695850995,2.8483328819274902,238400,0.0,0.0
2.8648949227891527,2.8814550090480493,2.740694275847426,2.7572543621063232,368000,0.0,0.0
2.7241325571550337,2.9642536640167236,2.7241325571550337,2.9642536640167236,488800,0.0,0.0
2.9559741000334423,3.07189465297593,2.9476940605375503,2.980814218521118,787200,0.0,0.0
2.980813980102539,3.080174446105957,2.980813980102539,3.0636143684387207,932000,0.0,0.0
3.071894407272339,3.1050145626068115,3.0636143684387207,3.0636143684387207,232000,0.0,0.0
3.0718939265479213,3.080173964085786,3.047053813934326,3.047053813934326,290400,0.0,0.0
3.0139327166190917,3.0470528563621584,3.0139327166190917,3.0387728214263916,1481600,0.0,0.0
3.05533480387171,3.0718948841094966,3.0470547637528163,3.071894884109497,76000,0.0,0.0
3.055334574664868,3.055334574664868,2.9725341796875004,2.9725341796875,1248800,0.0,0.0
2.955975314432924,2.955975314432924,2.9145750999450684,2.9145750999450684,1283200,0.0,0.0
2.898012874461177,2.9062929112453513,2.881452800892827,2.889732837677002,1306400,0.0,0.0
2.889734971252355,2.9228551428426393,2.889734971252355,2.9145750999450684,351200,0.0,0.0
2.931132300240653,2.931132300240653,2.881452091761998,2.898012161254883,434400,0.0,0.0
2.8980138322461926,2.906293871766896,2.864893674163379,2.873173713684082,437600,0.0,0.0
2.856613639523001,2.8980138371972477,2.815213441848755,2.815213441848755,1281600,0.0,0.0
2.815213437039158,2.873173713684082,2.815213437039158,2.873173713684082,836800,0.0,0.0
2.9062933887360414,2.9062933887360414,2.8483331217242114,2.8648931980133057,466400,0.0,0.0
2.8483333587646484,2.881453514099121,2.8483333587646484,2.881453514099121,825600,0.0,0.0
2.8648936790578503,2.8648936790578503,2.815213441848755,2.815213441848755,339200,0.0,0.0
2.7820932872259796,2.7820932872259796,2.773813247680664,2.773813247680664,720000,0.0,0.0
2.773813722389085,2.790373804313796,2.773813722389085,2.7820937633514404,829600,0.0,0.0
2.7903723821305393,2.831772565841675,2.7903723821305393,2.831772565841675,429600,0.0,0.0
2.8317735209184534,2.8897337976623985,2.7986533627790564,2.815213441848755,168000,0.0,0.0
2.8317735230533585,2.8400535625944503,2.7903733253479,2.7903733253479004,312800,0.0,0.0
2.782091848864527,2.7903718841290046,2.7572517430710937,2.7655317783355713,1173600,0.0,0.0
2.7608754453779776,2.7608754453779776,2.611189427255075,2.627821207046509,4266400,0.0225,0.0
2.627822253762222,2.73592886546763,2.627822253762222,2.7276129722595215,1751200,0.0,0.0
2.7525605243372633,2.777508202805577,2.744244631514492,2.760876417160034,860800,0.0,0.0
2.7525605243372633,2.794139988451119,2.7525605243372633,2.760876417160034,1004000,0.0,0.0
2.7608764171600346,2.7691923099828055,2.744244631514492,2.760876417160034,472800,0.0,0.0
2.769191177305347,2.7858229561480217,2.7608752878840095,2.7775070667266846,417600,0.0,0.0
2.7941399607165107,2.893930673599243,2.785824067976283,2.893930673599243,356000,0.0,0.0
2.885615270468736,2.943826529527183,2.885615270468736,2.9355106353759766,200800,0.0,0.0
2.9438261229985043,2.9438261229985043,2.8856148719787598,2.8856148719787598,172000,0.0,0.0
2.877298978975939,2.8939307649815804,2.8523512999674776,2.8856148719787598,136000,0.0,0.0
2.8689824639028205,2.902246028701694,2.852350681503384,2.877298355102539,239200,0.0,0.0
2.9022452831268306,2.9022452831268306,2.8939293940634303,2.902245283126831,184000,0.0,0.0
2.9022453364746346,3.0103518962860107,2.9022453364746346,3.0103518962860107,264800,0.0,0.0
3.010353588115024,3.026985375894665,2.94382643699646,2.94382643699646,281600,0.0,0.0
2.9604569094141104,2.977088689804077,2.9438251290241433,2.977088689804077,254400,0.0,0.0
2.9604559804352233,2.9854036431917,2.943824205264239,2.9521400928497314,92000,0.0,0.0
2.9271950721740723,2.9355109672654756,2.910563281991265,2.9271950721740723,187200,0.0,0.0
2.9271924300932546,2.9604559804352233,2.9271924300932546,2.9521400928497314,547200,0.0,0.0
2.985405592123667,2.9937214851379395,2.9604579130808513,2.9937214851379395,558400,0.0,0.0
2.9937214851379395,3.0269850571950276,2.985405592123667,2.9937214851379395,693600,0.0,0.0
2.993719304194216,3.0436146259307866,2.968771643325931,3.043614625930786,795200,0.0,0.0
3.0602476596832275,3.0935112212015237,3.0602476596832275,3.0602476596832275,592000,0.0,0.0
3.060248814503138,3.0851964950561523,3.0436170274677945,3.0851964950561523,786400,0.0,0.0
3.0768794404423754,3.0768794404423754,3.0020364270262094,3.0602476596832275,481600,0.0,0.0
3.110144534863924,3.1600399017333984,3.0851968514291865,3.1600399017333984,539200,0.0,0.0
3.126775174937767,3.1434069577831805,3.1018275006696463,3.1350910663604736,336800,0.0,0.0
3.126775559924898,3.1434073448181152,3.0768802052452453,3.1434073448181152,351200,0.0,0.0
3.160039861893218,3.1933034393868307,3.126776284399605,3.1849875450134277,361600,0.0,0.0
3.193303216363966,3.226566791534424,3.1766714287787368,3.226566791534424,535200,0.0,0.0
3.218249737751948,3.234881519342397,3.1933020653662743,3.201617956161499,747200,0.0,0.0
3.1766706674210146,3.2099342346191406,3.143407100222889,3.2099342346191406,266400,0.0,0.0
3.1933028136248365,3.2265663846000954,3.1600392426495776,3.176671028137207,592800,0.0,0.0
3.17667169068989,3.17667169068989,3.1267763238204154,3.1600399017333984,805600,0.0,0.0
3.1434073448181152,3.1517232372647244,3.1018278825850714,3.1434073448181152,664800,0.0,0.0
3.110142509037712,3.1517219543457027,3.110142509037712,3.151721954345703,377600,0.0,0.0
3.2515111936771284,3.2515111936771284,3.1766682250247134,3.218247652053833,1605600,0.0,0.0
3.226565628547173,3.226565628547173,3.1933020653662743,3.201617956161499,157600,0.0,0.0
3.218250806043571,3.251514380266243,3.218250806043571,3.2348825931549072,499200,0.0,0.0
3.226566791534424,3.2348826853270385,3.226566791534424,3.226566791534424,183200,0.0,0.0
3.218250897741809,3.2348826853270385,3.209935003949195,3.226566791534424,103200,0.0,0.0
3.2265660182182034,3.2265660182182034,3.1933024510200774,3.2099342346191406,283200,0.0,0.0
3.2099342346191406,3.2265660182182034,3.1933024510200774,3.2099342346191406,632800,0.0,0.0
3.201618706368651,3.209934599112466,3.176671028137207,3.176671028137207,721600,0.0,0.0
3.1517232372647244,3.1683550221579417,3.1434073448181152,3.1434073448181152,634400,0.0,0.0
3.12677596264451,3.1434077496798536,3.0851964950561523,3.0851964950561523,775200,0.0,0.0
3.085194060711262,3.085194060711262,3.0436146259307866,3.043614625930786,868000,0.0,0.0
3.0602465533430636,3.1267736523287826,3.051930665969849,3.0519306659698486,1192000,0.0,0.0
3.0519320661957203,3.0768797397613525,3.0353002838186316,3.0768797397613525,736800,0.0,0.0
3.0602479573842643,3.0768797397613525,3.0602479573842643,3.0768797397613525,552000,0.0,0.0
3.0519317693036534,3.0602476596832275,3.0436158789240797,3.0602476596832275,317600,0.0,0.0
3.0602475711646764,3.068563461303711,3.051931681025642,3.068563461303711,480800,0.0,0.0
3.0685647080208094,3.0935123885738243,3.060248814503138,3.0851964950561523,592800,0.0,0.0
3.101825256372299,3.2431953082713045,3.101825256372299,3.218247652053833,1499200,0.0,0.0
3.226569496759094,3.359623908996582,3.226569496759094,3.359623908996582,1178400,0.0,0.0
3.342987864392059,3.35130375460199,3.318040193762268,3.334671974182129,468000,0.0,0.0
3.318041894304093,3.3762531556076736,3.293094210888273,3.3097259998321533,226400,0.0,0.0
3.3097259998321533,3.326357788776033,3.301410105360213,3.3097259998321533,524800,0.0,0.0
3.30972601225595,3.359621379274884,3.2930942232496387,3.3513054847717285,684000,0.0,0.0
3.342992107466896,3.3845716112911113,3.32636030593721,3.359623908996582,951200,0.0,0.0
3.3762518463322215,3.392883628826469,3.342988281343727,3.3845677375793457,1117600,0.0,0.0
3.3965842590748685,3.4383113384246826,3.3882388432049058,3.4383113384246826,347200,0.0225,0.0
3.455002034460748,3.6386011763886135,3.455002034460748,3.580183267593384,888800,0.0,0.0
3.5718401753625204,3.588531017303467,3.5718401753625204,3.588531017303467,553600,0.0,0.0
3.621910637784227,3.638601470216412,3.5718381404876705,3.571838140487671,1228800,0.0,0.0
3.546801605424681,3.580183267593384,3.546801605424681,3.580183267593384,552800,0.0,0.0
3.5885292102848245,3.7220558785744924,3.5801837935167202,3.688674211502075,1074400,0.0,0.0
3.6719844577548737,3.7053661346435542,3.6636390385327036,3.7053661346435547,349600,0.0,0.0
3.7220578750867523,3.755439560065109,3.6886761901083958,3.713712453842163,1443200,0.0,0.0
3.713710617638937,3.722056034757227,3.63860186357433,3.663638114929199,551200,0.0,0.0
3.663638932822531,3.7220568656921387,3.6386026758784134,3.7220568656921387,2244800,0.0,0.0
3.738746643066406,3.755437476294381,3.705364976610456,3.7387466430664062,1143200,0.0,0.0
3.755438380889213,3.755438380889213,3.72205670639242,3.7470929622650146,442400,0.0,0.0
3.738749039911591,3.805512415624298,3.738749039911591,3.7721307277679443,335200,0.0,0.0
3.7804752485186452,3.7888206684933,3.7470935686200257,3.763784408569336,669600,0.0,0.0
3.7637849813096977,3.7637849813096977,3.713712453842163,3.713712453842163,538400,0.0,0.0
3.6469478079173117,3.6636386445668188,3.638602389592558,3.6552932262420654,970400,0.0,0.0
3.6552920970651837,3.6552920970651837,3.5885287710913905,3.605219602584839,392000,0.0,0.0
3.6052216384817375,3.663639581697877,3.6052216384817375,3.6219124794006348,536800,0.0,0.0
3.63860186357433,3.6636381149291988,3.6219110293377503,3.663638114929199,569600,0.0,0.0
3.6552926978109093,3.6719835320474887,3.6552926978109093,3.663638114929199,488800,0.0,0.0
3.6803287437215078,3.7387466602885158,3.6803287437215078,3.697019577026367,242400,0.0,0.0
3.7137093106094676,3.730400138971757,3.680327653884888,3.6803276538848877,234400,0.0,0.0
3.6970195599964684,3.738746643066406,3.680328726768493,3.7387466430664062,455200,0.0,0.0
3.7220558785744924,3.7721283791831177,3.688674211502075,3.688674211502075,769600,0.0,0.0
3.7137103932244435,3.7470920596803934,3.688674143382481,3.7387466430664062,366400,0.0,0.0
3.7721288433544324,3.7888196789444963,3.713710918789209,3.7304017543792725,506400,0.0,0.0
3.7554386499765755,3.7554386499765755,3.7053661346435542,3.7053661346435547,507200,0.0,0.0
3.7053661346435542,3.7387478115322352,3.7053661346435542,3.7053661346435547,925600,0.0,0.0
3.6886751897666485,3.7220568656921387,3.6886751897666485,3.7220568656921387,293600,0.0,0.0
3.7220578750867523,3.755439560065109,3.713712453842163,3.713712453842163,669600,0.0,0.0
3.730402545928955,3.763784224192302,3.7220571263631186,3.755438804626465,248800,0.0,0.0
3.788820743560791,3.8388932644008014,3.7804753234207893,3.788820743560791,969600,0.0,0.0
3.7721280406135658,3.8222005367279053,3.7554372085754526,3.8222005367279053,993600,0.0,0.0
3.7888196333753723,3.8555829749326476,3.7721287979860536,3.8138558864593506,685600,0.0,0.0
3.79716510312599,3.805510520935058,3.772128849698786,3.8055105209350586,394400,0.0,0.0
3.772128309522356,3.7804737261363437,3.738746643066406,3.7387466430664062,292800,0.0,0.0
3.755439093353551,3.772129933768456,3.6386032104492183,3.6386032104492188,158400,0.0,0.0
3.621912186721276,3.630257606506348,3.613566766936204,3.6302576065063477,210400,0.0,0.0
3.646947127661554,3.688674211502075,3.646947127661554,3.688674211502075,181600,0.0,0.0
3.7053661346435542,3.7387478115322352,3.7053661346435542,3.7053661346435547,146400,0.0,0.0
3.7220558785744924,3.7304012953425967,3.688674211502075,3.688674211502075,429600,0.0,0.0
3.671982239703743,3.7053638964283224,3.6552914113414534,3.6803276538848877,412000,0.0,0.0
3.6636381149291988,3.6719835320474887,3.63860186357433,3.663638114929199,439200,0.0,0.0
3.6636378935405185,3.7637828929083685,3.6636378935405185,3.7387466430664062,556000,0.0,0.0
3.7220571263631186,3.7888204828898115,3.7220571263631186,3.755438804626465,452800,0.0,0.0
3.772128309522356,3.7804737261363437,3.722055809838431,3.7387466430664062,157600,0.0,0.0
3.7387477936711497,3.7387477936711497,3.5885302483897195,3.5968756675720215,352800,0.0,0.0
3.5885292640614566,3.5885292640614566,3.521765928916127,3.563493013381958,328000,0.0,0.0
3.571838659532903,3.571838659532903,3.480039067815936,3.488384485244751,814400,0.0,0.0
3.471694891401332,3.496731152637399,3.455004050577287,3.4800403118133545,1755200,0.0,0.0
3.4967299632623163,3.588529556569919,3.4967299632623163,3.555147886276245,1561600,0.0,0.0
3.5885307975628407,3.638603320319531,3.5551491157250465,3.6219124794006348,523200,0.0,0.0
3.6386020620104293,3.6386020620104293,3.546802468702827,3.555147886276245,469600,0.0,0.0
3.555147374410765,3.555147374410765,3.496729459807771,3.52176570892334,591200,0.0,0.0
3.538457394747481,3.6302569969697034,3.488384884444451,3.6135661602020264,835200,0.0,0.0
3.6219118066456004,3.8388926982879634,3.6219118066456004,3.838892698287964,756800,0.0,0.0
3.8388927314313537,3.8555835693940987,3.7220568656921387,3.7220568656921387,656000,0.0,0.0
3.7387478115322352,3.7637840691987456,3.7053661346435542,3.7053661346435547,424800,0.0,0.0
3.6886765081270605,3.7721307277679443,3.6886765081270605,3.7721307277679443,302400,0.0,0.0
3.7721292181376094,3.797165474010204,3.7387475436408164,3.7470929622650146,624800,0.0,0.0
3.755437476294381,3.755437476294381,3.722055809838431,3.7387466430664062,406400,0.0,0.0
3.7304032963313416,3.7304032963313416,3.705367032597574,3.713712453842163,286400,0.0,0.0
3.697020317865833,3.730401991164847,3.655293226242065,3.6552932262420654,708000,0.0,0.0
3.688675296199214,3.7304023923100647,3.688675296199214,3.7053661346435547,574400,0.0,0.0
3.7053658691440234,3.755438380889213,3.655293357398834,3.7470929622650146,469600,0.0,0.0
3.7424041739607277,3.784265518188476,3.7424041739607277,3.7842655181884766,383200,0.0225,0.0
3.809382526943266,3.809382526943266,3.7340321033333996,3.775893449783325,224800,0.0,0.0
3.7675216197967525,3.7842661603291825,3.7507770792643225,3.767521619796753,130400,0.0,0.0
3.7675198699746812,3.7758921363524025,3.7507753372192383,3.7507753372192383,361600,0.0,0.0
3.750777579642631,3.759149851025762,3.717288494110108,3.7172884941101074,513600,0.0,0.0
3.700542565677943,3.7256593704223633,3.6837980291816628,3.7256593704223633,269600,0.0,0.0
3.73403172374042,3.73403172374042,3.683798113107141,3.6921703815460205,364000,0.0,0.0
3.6921697459425395,3.708914279937744,3.6837974789449377,3.708914279937744,204000,0.0,0.0
3.700542012940142,3.717286546935346,3.6921697459425395,3.708914279937744,296800,0.0,0.0
3.692170643306279,3.7005429123387192,3.583331145884552,3.591703414916992,343200,0.0,0.0
3.608449324484794,3.6335661411285396,3.5749602356264667,3.63356614112854,217600,0.0,0.0
3.6335645024738614,3.7005426499849006,3.6168199655961017,3.6921703815460205,326400,0.0,0.0
3.7340330368763692,3.7340330368763692,3.675427137194453,3.7172884941101074,212000,0.0,0.0
3.700543113469544,3.7424044609069824,3.6837985744945687,3.7424044609069824,352000,0.0,0.0
3.7089157279332476,3.7842661603291825,3.7089157279332476,3.767521619796753,477600,0.0,0.0
3.7758917489595576,3.8177530765533443,3.7758917489595576,3.8177530765533447,1005600,0.0,0.0
3.8345009258815224,3.9265959262847905,3.8345009258815224,3.92659592628479,400800,0.0,0.0
3.901477676923158,4.085667610168457,3.8847331375372214,4.085667610168457,625600,0.0,0.0
4.068922996520996,4.0856675356013294,4.035433918360329,4.068922996520996,553600,0.0,0.0
4.052179101913695,4.2196245193481445,4.0019454766833595,4.2196245193481445,3692000,0.0,0.0
4.211250974437383,4.269856852809275,4.2028787060985415,4.253112316131592,687200,0.0,0.0
4.236367855820001,4.286601466758579,4.211251050350713,4.269856929779053,524000,0.0,0.0
4.236369688392142,4.395442858509633,4.2279974162806955,4.370326042175293,653600,0.0,0.0
4.387067633408767,4.437301232264592,4.353578567504883,4.353578567504883,848800,0.0,0.0
4.3870697746711995,4.487537021419395,4.3870697746711995,4.403814315795898,1942400,0.0,0.0
4.4205592284922846,4.437303771024452,4.3619533296296975,4.378697872161865,1001600,0.0,0.0
4.370323736249036,4.395440539330927,4.370323736249036,4.387068271636963,820000,0.0,0.0
4.395443166478229,4.395443166478229,4.328464984893799,4.328464984893799,854400,0.0,0.0
4.311718272227867,4.311718272227867,4.219623318840476,4.269856929779053,1339200,0.0,0.0
4.269855621962519,4.32008921751502,4.261483356037103,4.2949724197387695,1168800,0.0,0.0
4.303344291390725,4.311716556549072,4.286599761074029,4.311716556549072,352000,0.0,0.0
4.311717830292166,4.311717830292166,4.278228759765625,4.278228759765625,399200,0.0,0.0
4.278230595916568,4.278230595916568,4.2447415110170255,4.261486053466797,374400,0.0,0.0
4.26148466128929,4.278229198268816,4.244740124309764,4.269856929779053,197600,0.0,0.0
4.278229121148117,4.278229121148117,4.236367779453908,4.253112316131592,292800,0.0,0.0
4.253113782241911,4.261486053466797,4.253113782241911,4.261486053466797,1026400,0.0,0.0
4.219624711621193,4.219624711621193,4.135901999089025,4.152646541595459,345600,0.0,0.0
4.169387426376343,4.202876482009888,4.169387426376343,4.186131954193115,174400,0.0,0.0
4.2196245193481445,4.30334722806537,4.2028799776047,4.2196245193481445,616800,0.0,0.0
4.202880382537842,4.219624925894567,4.1526467524676685,4.202880382537842,1643200,0.0,0.0
4.219624483324661,4.236369024925156,4.2028799417241665,4.211252212524414,328000,0.0,0.0
4.236366758015166,4.336833953857422,4.236366758015166,4.336833953857422,319200,0.0,0.0
4.336836494490768,4.336836494490768,4.253113782241911,4.261486053466797,1041600,0.0,0.0
4.227993316993028,4.227993316993028,4.1861319970228,4.194504261016846,216000,0.0,0.0
4.202880382537842,4.211252654216204,4.186135839181118,4.202880382537842,76000,0.0,0.0
4.186135839181118,4.202880382537842,4.1526467524676685,4.202880382537842,249600,0.0,0.0
4.202879050882851,4.211251319908514,4.1024118225748945,4.119156360626221,665600,0.0,0.0
4.13590145111084,4.1945073421184835,4.13590145111084,4.13590145111084,352000,0.0,0.0
4.102412370535044,4.144273721254789,4.102412370535044,4.13590145111084,377600,0.0,0.0
4.152645699724644,4.18613477794823,4.1359011606128515,4.177762508392334,710400,0.0,0.0
4.1945042181015015,4.202876482009888,4.186131954193115,4.186131954193115,229600,0.0,0.0
4.18613477794823,4.194507047504127,4.177762508392334,4.177762508392334,374400,0.0,0.0
4.1777618774259935,4.1777618774259935,4.144272804260254,4.144272804260254,285600,0.0,0.0
4.1359025426657805,4.202880721494376,4.1359025426657805,4.169391632080078,455200,0.0,0.0
4.169390531686636,4.169390531686636,4.13590145111084,4.13590145111084,1932000,0.0,0.0
4.144273422382495,4.152645691922662,4.060550726980829,4.068922996520996,704000,0.0,0.0
4.068923735618591,4.085668277740479,4.01869010925293,4.01869010925293,952800,0.0,0.0
4.03543160943424,4.03543160943424,3.9768257561851947,3.9851980209350586,282400,0.0,0.0
3.9935726911463636,3.9935726911463636,3.9182222630115264,3.934966802597046,479200,0.0,0.0
3.901477999041695,3.9098502694259047,3.834499835968018,3.8344998359680176,817600,0.0,0.0
3.834499671148217,3.8512442111968994,3.834499671148217,3.8512442111968994,363200,0.0,0.0
3.8512421386283737,3.8512421386283737,3.8177530765533443,3.8177530765533447,833600,0.0,0.0
3.8177554245833516,3.8261276952512975,3.7926386125795135,3.8093831539154053,1404000,0.0,0.0
3.809382861075194,3.884733291294264,3.809382861075194,3.8512442111968994,1665600,0.0,0.0
3.8931060433387756,4.01869010925293,3.859616959095001,4.01869010925293,385600,0.0,0.0
4.018689129367692,4.018689129367692,3.9517109772115635,3.960083246231079,621600,0.0,0.0
3.9600833461492386,4.043806038456833,3.9600833461492386,4.035433769226074,521600,0.0,0.0
4.052178457440663,4.094039805141495,4.052178457440663,4.068922996520996,272000,0.0,0.0
4.07729822677581,4.094042778015137,4.060553675536485,4.094042778015137,342400,0.0,0.0
4.0856675356013294,4.094039805141495,4.060550726980829,4.068922996520996,412800,0.0,0.0
4.066906200899623,4.066906200899623,4.050100803375244,4.050100803375244,153600,0.0275,0.0
4.058502897155508,4.058502897155508,4.033294804626592,4.0416975021362305,263200,0.0,0.0
4.050102088325902,4.050102088325902,3.9828804769014057,3.9912831783294678,222400,0.0,0.0
3.9996853073438006,4.03329610824585,3.9996853073438006,4.03329610824585,1036800,0.0,0.0
4.0248918859114555,4.0669053711506145,4.016489188863623,4.058502674102783,668800,0.0,0.0
4.016491399032658,4.0585049073907395,3.982880592346192,3.9828805923461914,756800,0.0,0.0
3.99968587975753,4.016491282613654,3.9912831783294678,3.9912831783294678,584000,0.0,0.0
4.016492140194601,4.066908359527588,4.008089436972437,4.066908359527588,552800,0.0,0.0
4.083712100982666,4.117322900167709,4.075309401186406,4.083712100982666,148800,0.0,0.0
4.092116507272872,4.234962463378906,4.092116507272872,4.234962463378906,897600,0.0,0.0
4.218153512524993,4.251764297485352,4.218153512524993,4.251764297485352,181600,0.0,0.0
4.243362397252919,4.251765095069261,4.192946210354864,4.209751605987549,284800,0.0,0.0
4.2013502679765224,4.302182674407959,4.192947567440569,4.302182674407959,822400,0.0,0.0
4.302182446194066,4.318987846374512,4.302182446194066,4.318987846374512,396000,0.0,0.0
4.30217946667885,4.310582160949707,4.293776772407993,4.310582160949707,412000,0.0,0.0
4.302184089781746,4.386211122785296,4.218157056778196,4.234962463378906,1000800,0.0,0.0
4.226558701291357,4.2685722072684085,4.226558701291357,4.260169506072998,391200,0.0,0.0
4.260169190029766,4.335793495178223,4.243363788885664,4.335793495178223,654400,0.0,0.0
4.352597865730125,4.403014057225069,4.318987071400163,4.394611358642578,979200,0.0,0.0
4.403014308384487,4.4198197065080915,4.386208910260882,4.411417007446289,305600,0.0,0.0
4.394609760593724,4.394609760593724,4.335790891905089,4.352596282958984,136000,0.0,0.0
4.3525986467354025,4.3525986467354025,4.302182446194066,4.318987846374512,170400,0.0,0.0
4.285378683181036,4.285378683181036,4.184546243576777,4.234962463378906,381600,0.0,0.0
4.251766664573395,4.251766664573395,4.218155860900879,4.218155860900879,488000,0.0,0.0
4.234959719731258,4.369402885437012,4.234959719731258,4.369402885437012,292000,0.0,0.0
4.335793495178223,4.361001596894375,4.318988094034121,4.335793495178223,190400,0.0,0.0
4.3189860323403915,4.3189860323403915,4.293777942657471,4.293777942657471,244000,0.0,0.0
4.293779992317969,4.335793495178223,4.268571890601816,4.335793495178223,248000,0.0,0.0
4.403012456120671,4.403012456120671,4.285374718743402,4.352596282958984,987200,0.0,0.0
4.369403487661292,4.377806186676025,4.369403487661292,4.377806186676025,87200,0.0,0.0
4.377804573392053,4.436623444819586,4.3609991815556155,4.428220748901367,164000,0.0,0.0
4.445026747205041,4.47023483839902,4.403013261881742,4.436624050140381,178400,0.0,0.0
4.419819506772718,4.470235698865183,4.419819506772718,4.4618330001831055,97600,0.0,0.0
4.4618338687712376,4.520652770996094,4.4618338687712376,4.520652770996094,225600,0.0,0.0
4.520652339571998,4.587873935699463,4.503846940540132,4.587873935699463,192000,0.0,0.0
4.587873993632949,4.587873993632949,4.487041598168489,4.495444297790527,266400,0.0,0.0
4.487041171270472,4.4954438700930766,4.403014183044434,4.403014183044434,261600,0.0,0.0
4.386208281150231,4.386208281150231,4.3525974897237925,4.369402885437012,448000,0.0,0.0
4.352598896322324,4.369404297466426,4.335793495178223,4.335793495178223,428800,0.0,0.0
4.318984855220564,4.318984855220564,4.30217946667885,4.310582160949707,204000,0.0,0.0
4.327388196378141,4.36940167401288,4.318985500851193,4.352596282958984,816800,0.0,0.0
4.344193587432037,4.352596282958984,4.318985500851193,4.352596282958984,500800,0.0,0.0
4.3694033146802544,4.478638397547261,4.3694033146802544,4.4618330001831055,678400,0.0,0.0
4.445027677157453,4.445027677157453,4.35259799010881,4.403014183044434,448800,0.0,0.0
4.41981967996668,4.537457466125488,4.411416980955336,4.537457466125488,183200,0.0,0.0
4.529054346745902,4.604678630828857,4.495443553820143,4.604678630828857,493600,0.0,0.0
4.6046789079796975,4.663497799140021,4.5710681130309405,4.655095100402832,466400,0.0,0.0
4.655095531826928,4.655095531826928,4.554263137635731,4.587873935699463,768800,0.0,0.0
4.587876435801469,4.604681843991218,4.5542656194219715,4.562668323516846,439200,0.0,0.0
4.545860871949603,4.562666272585276,4.520652770996094,4.520652770996094,312000,0.0,0.0
4.503847967936952,4.545861475100543,4.47023716220608,4.529056072235107,728800,0.0,0.0
4.545862674713134,4.545862674713134,4.495446452812434,4.545862674713135,319200,0.0,0.0
4.545860871949603,4.545860871949603,4.512250070678257,4.520652770996094,145600,0.0,0.0
4.5038464935934925,4.51224919227557,4.453430301501029,4.4618330001831055,513600,0.0,0.0
4.478637600122993,4.537456480424796,4.470234902937022,4.503845691680908,297600,0.0,0.0
4.512249697034604,4.512249697034604,4.42822270081422,4.495444297790527,320000,0.0,0.0
4.495444400866229,4.503847100680932,4.4030147029044935,4.470236301422119,281600,0.0,0.0
4.436624978334849,4.436624978334849,4.318987194818395,4.403014183044434,1392800,0.0,0.0
4.400991445385529,4.400991445385529,4.299819228250229,4.333543300628662,533600,0.0275,0.0
4.316679113051471,4.316679113051471,4.274524043588078,4.299817085266113,218400,0.0,0.0
4.308248982514823,4.308248982514823,4.232369841922586,4.240800857543945,576000,0.0,0.0
4.215511583512829,4.215511583512829,4.131201351842573,4.181787490844727,1031200,0.0,0.0
4.181784512968402,4.26609468460083,4.148060444315432,4.26609468460083,973600,0.0,0.0
4.291386071373435,4.400989251978258,4.291386071373435,4.299817085266113,550400,0.0,0.0
4.3251099274890255,4.350402968000657,4.249230805954131,4.257661819458008,980800,0.0,0.0
4.274524155564196,4.31667922613189,4.24080009911004,4.282955169677734,431200,0.0,0.0
4.266095746308565,4.316681861877441,4.249233707785606,4.316681861877441,541600,0.0,0.0
4.308250842615962,4.316681861877441,4.291388804093003,4.316681861877441,219200,0.0,0.0
4.31667922613189,4.31667922613189,4.266093141450657,4.282955169677734,278400,0.0,0.0
4.282957614996495,4.282957614996495,4.2408025203607025,4.274526596069336,484800,0.0,0.0
4.21550845712181,4.21550845712181,4.0974742203224,4.148060321807861,850400,0.0,0.0
4.14805990324001,4.14805990324001,4.10590482292253,4.139628887176514,513600,0.0,0.0
4.122768046674787,4.1396300836755024,4.080612954173,4.105906009674072,588000,0.0,0.0
4.089043258880237,4.097474275908855,4.004733088594046,4.072181224822998,453600,0.0,0.0
4.055318726541554,4.139628887176514,4.0468877104780585,4.139628887176514,260000,0.0,0.0
4.156489849090576,4.299817085266113,4.105903765734505,4.299817085266113,936800,0.0,0.0
4.299819652850812,4.30825067177797,4.266095577142178,4.274526596069336,1066400,0.0,0.0
4.249232890634885,4.249232890634885,4.164922714233398,4.164922714233398,103200,0.0,0.0
4.131201351842573,4.181787490844727,4.046891120172316,4.181787490844727,578400,0.0,0.0
4.190214763815788,4.240800857543945,4.190214763815788,4.240800857543945,162400,0.0,0.0
4.25766469487242,4.266095714070187,4.173354502894749,4.190216541290283,304000,0.0,0.0
4.173351361579502,4.181782374431178,4.046886168804365,4.089041233062744,288000,0.0,0.0
4.072181815750028,4.139629961766592,4.072181815750028,4.122767925262451,315200,0.0,0.0
4.114337881488761,4.122768901737714,4.055320739746094,4.055320739746094,253600,0.0,0.0
4.046889533681318,4.097475652852335,4.046889533681318,4.080613613128662,208800,0.0,0.0
4.097472893251918,4.11433492161921,4.063748836517334,4.063748836517334,198400,0.0,0.0
4.072181403636932,4.072181403636932,4.04688835144043,4.04688835144043,414400,0.0,0.0
4.046888591862526,4.046888591862526,3.979440448664817,4.013164520263672,453600,0.0,0.0
3.9963033383496325,3.9963033383496325,3.911993141338037,3.9288551807403564,896800,0.0,0.0
3.878266223065265,3.9204212907072784,3.810818114838043,3.8951282501220703,873600,0.0,0.0
3.9119924385642166,3.937285493123899,3.827682256698609,3.8276822566986084,1161600,0.0,0.0
3.8361119478940964,3.8361119478940964,3.7433707799230302,3.777094841003418,1522400,0.0,0.0
3.7939599202842116,3.7939599202842116,3.6759256116531476,3.7855288982391357,3000000,0.0,0.0
3.8023892021389263,3.827682256698609,3.7770961475792437,3.8276822566986084,1305600,0.0,0.0
3.8445434652525803,3.911991596221924,3.8445434652525803,3.911991596221924,607200,0.0,0.0
3.945716142654419,3.9963022470474243,3.945716142654419,3.979440212249756,532800,0.0,0.0
3.9794384165013095,3.9794384165013095,3.928852334935615,3.962576389312744,288000,0.0,0.0
3.962577949694502,4.148060321807861,3.9541469327802585,4.148060321807861,1070400,0.0,0.0
4.1311968074125405,4.299817085266113,4.1311968074125405,4.299817085266113,1248000,0.0,0.0
4.291386455755967,4.384127616882324,4.249231382516713,4.384127616882324,1004800,0.0,0.0
4.367268477264346,4.4515786795281365,4.367268477264346,4.443147659301758,677600,0.0,0.0
4.434714272757557,4.51059341430664,4.400990209846853,4.510593414306641,876800,0.0,0.0
4.510594068613267,4.519025085563946,4.417852882155798,4.4853010177612305,352000,0.0,0.0
4.485301138299992,4.535887241363525,4.45157706959097,4.535887241363525,476000,0.0,0.0
4.535886881956413,4.552748914974839,4.485300782901137,4.519024848937988,430400,0.0,0.0
4.50216377323324,4.519025809837109,4.451577663421631,4.451577663421631,344800,0.0,0.0
4.47687035732055,4.535887480675059,4.47687035732055,4.502163410186768,260800,0.0,0.0
4.502162757532557,4.527455806732178,4.468438691933062,4.527455806732178,358400,0.0,0.0
4.519025443664775,4.586473584614996,4.46843933795211,4.569611549377441,532800,0.0,0.0
4.5611790307930535,4.721368312835693,4.552748015948704,4.721368312835693,1320800,0.0,0.0
4.755092372213091,4.7635233870574405,4.704506283146994,4.721368312835693,676800,0.0,0.0
4.7213702342089485,4.7213702342089485,4.5864739418029785,4.5864739418029785,456000,0.0,0.0
4.569610750697995,4.569610750697995,4.409421443939209,4.409421443939209,300800,0.0,0.0
4.409421983704691,4.535887241363525,4.409421983704691,4.535887241363525,488800,0.0,0.0
4.53588820763354,4.53588820763354,4.468440055847168,4.468440055847168,241600,0.0,0.0
4.485302760433653,4.519026841339169,4.434716639075378,4.443147659301758,182400,0.0,0.0
4.460009036873871,4.468440055847168,4.451578017900575,4.468440055847168,288000,0.0,0.0
4.451575088500976,4.603333330154419,4.451575088500976,4.5527472496032715,550400,0.0,0.0
4.519025445430913,4.603335621651639,4.4853013749426225,4.502163410186768,455200,0.0,0.0
4.48530173662937,4.48530173662937,4.434715626817761,4.451577663421631,168800,0.0,0.0
4.451577553953178,4.468439590142395,4.333543300628662,4.333543300628662,824000,0.0,0.0
4.331512928009033,4.356892886571586,4.30613296944648,4.331512928009033,528000,0.0275,0.0
4.339973031314894,4.348433017730713,4.323053058483257,4.348433017730713,425600,0.0,0.0
4.323051684942,4.323051684942,4.238451847663292,4.289211750030518,587200,0.0,0.0
4.297669887542725,4.3484297681042525,4.289209907449137,4.297669887542725,214400,0.0,0.0
4.272291081758861,4.331510958139677,4.213071205378045,4.3230509757995605,657600,0.0,0.0
4.323052934499888,4.399192810058594,4.323052934499888,4.399192810058594,264000,0.0,0.0
4.382271473787568,4.416111407948089,4.365351506707307,4.407651424407959,432000,0.0,0.0
4.39919286053663,4.500712695779782,4.39919286053663,4.475332736968994,385600,0.0,0.0
4.466871685848058,4.534551559876059,4.458411701594558,4.526091575622559,401600,0.0,0.0
4.500711391498516,4.55993127822876,4.500711391498516,4.55993127822876,274400,0.0,0.0
4.543012863252221,4.576852810092088,4.500712929702386,4.5091729164123535,211200,0.0,0.0
4.517634055831215,4.517634055831215,4.466874122619629,4.466874122619629,141600,0.0,0.0
4.466874454798323,4.568394328771013,4.466874454798323,4.517634391784668,318400,0.0,0.0
4.500712695779782,4.500712695779782,4.466872750698731,4.475332736968994,454400,0.0,0.0
4.492254089225423,4.5007140780940205,4.466874122619629,4.466874122619629,421600,0.0,0.0
4.4330354760647745,4.4330354760647745,4.365355545132488,4.373815536499023,233600,0.0,0.0
4.390732228525817,4.390732228525817,4.356892288421571,4.382272243499756,192000,0.0,0.0
4.382272845134139,4.390732831321657,4.289212997071445,4.331512928009033,418400,0.0,0.0
4.29767102877921,4.382270852180376,4.29767102877921,4.3230509757995605,222400,0.0,0.0
4.3399729813679615,4.3399729813679615,4.221533172909576,4.2722930908203125,1003200,0.0,0.0
4.2638324494380875,4.2638324494380875,4.213072539325729,4.246912479400635,368800,0.0,0.0
4.229992509363182,4.255372464419361,4.213072539325729,4.246912479400635,553600,0.0,0.0
4.246912479400635,4.2638324494380875,4.213072539325729,4.246912479400635,415200,0.0,0.0
4.263831615447998,4.314591515631903,4.24691164872003,4.263831615447998,217600,0.0,0.0
4.280751691764617,4.280751691764617,4.204611839539555,4.213071823120117,249600,0.0,0.0
4.22153188020755,4.297671733758388,4.22153188020755,4.289211750030518,684800,0.0,0.0
4.314590930938721,4.348430859808829,4.3061309487211945,4.314590930938721,500800,0.0,0.0
4.331512928009033,4.3484329003840685,4.314592955633998,4.331512928009033,223200,0.0,0.0
4.339973031314894,4.382272963393987,4.339973031314894,4.348433017730713,179200,0.0,0.0
4.339971189591491,4.365351138068634,4.331511206765777,4.35689115524292,132000,0.0,0.0
4.382272954188088,4.433032872576367,4.382272954188088,4.416112899780273,192000,0.0,0.0
4.399194626925793,4.458414554595947,4.390734637258627,4.458414554595947,281600,0.0,0.0
4.4330319801517355,4.492251873016357,4.4330319801517355,4.492251873016357,349600,0.0,0.0
4.509171902685237,4.517631887493277,4.449952009028958,4.500711917877197,503200,0.0,0.0
4.500712763760738,4.500712763760738,4.39919292698418,4.416112899780273,209600,0.0,0.0
4.416112066225241,4.526091868640813,4.416112066225241,4.433032035827637,301600,0.0,0.0
4.433032762259245,4.458412720821798,4.331512928009033,4.331512928009033,313600,0.0,0.0
4.356892172616857,4.433032035827637,4.348432187815659,4.433032035827637,544800,0.0,0.0
4.433032754751353,4.433032754751353,4.390732823885404,4.399192810058594,172000,0.0,0.0
4.399192573488221,4.416112544924714,4.365352630615234,4.365352630615234,73600,0.0,0.0
4.365354229260042,4.399194184525624,4.365354229260042,4.3907341957092285,217600,0.0,0.0
4.382272963393987,4.382272963393987,4.314593072067439,4.348433017730713,534400,0.0,0.0
4.348430859808829,4.348430859808829,4.314590930938721,4.314590930938721,290400,0.0,0.0
4.306131532267918,4.306131532267918,4.263831615447998,4.263831615447998,845600,0.0,0.0
4.2638326917375835,4.272292677237063,4.128472923745914,4.145392894744873,1415200,0.0,0.0
4.111552524362438,4.111552524362438,3.8915929242936653,3.950812816619873,1265600,0.0,0.0
3.8577544483645214,3.95081431444349,3.8577544483645214,3.9254343509674072,2352800,0.0,0.0
3.9254343509674077,3.9423543266181293,3.908514375316686,3.9254343509674072,1933600,0.0,0.0
4.026954344269628,4.060794296742482,4.026954344269628,4.052334308624268,2027200,0.0,0.0
4.060792152926048,4.128472022141482,4.060792152926048,4.086172103881836,876000,0.0,0.0
4.094631812833098,4.179231643676758,4.094631812833098,4.179231643676758,1262400,0.0,0.0
4.22999004679402,4.323049827823489,4.22999004679402,4.297669887542725,746400,0.0,0.0
4.28075242318702,4.382272243499755,4.2638324531348974,4.382272243499756,212800,0.0,0.0
4.3484328930194565,4.399192810058594,4.339972906846267,4.399192810058594,377600,0.0,0.0
4.399192150543152,4.449952059972497,4.3061323165893555,4.3061323165893555,876000,0.0,0.0
4.272291287630498,4.272291287630498,4.213071408396016,4.221531391143799,557600,0.0,0.0
4.20461290196855,4.365352630615234,4.20461290196855,4.365352630615234,996000,0.0,0.0
4.382270852180376,4.433030746221076,4.272291081758861,4.3230509757995605,320000,0.0,0.0
4.3061323165893555,4.331512271304027,4.2722923769697925,4.3061323165893555,213600,0.0,0.0
4.323053058483257,4.390732949809805,4.323053058483257,4.348433017730713,343200,0.0,0.0
4.339972673460495,4.365352630615234,4.339972673460495,4.365352630615234,306400,0.0,0.0
4.365352872759104,4.365352872759104,4.314592955633998,4.331512928009033,494400,0.0,0.0
4.323051684942,4.323051684942,4.272291782574776,4.289211750030518,195200,0.0,0.0
4.304153414497599,4.355090141296387,4.304153414497599,4.355090141296387,507200,0.0275,0.0
4.33810965064913,4.372067456133664,4.329620199277997,4.346599102020264,419200,0.0,0.0
4.363580379671263,4.372069835662842,4.312643643721794,4.372069835662842,282400,0.0,0.0
4.355090923679685,4.406027659629155,4.355090923679685,4.372069835662842,348800,0.0,0.0
4.380559637588531,4.380559637588531,4.321133440954578,4.3381123542785645,263200,0.0,0.0
4.3720690502293165,4.380558504695781,4.3296217778969925,4.355090141296387,330400,0.0,0.0
4.372066656748454,4.372066656748454,4.295661608378093,4.3041510581970215,451200,0.0,0.0
4.321133810376364,4.321133810376364,4.227749779110863,4.2786865234375,418400,0.0,0.0
4.295661608378093,4.32112995783488,4.278682708740234,4.3041510581970215,542400,0.0,0.0
4.287176132202148,4.304155047577206,4.27868667451462,4.287176132202148,214400,0.0,0.0
4.304155047577206,4.3126445052647355,4.27868667451462,4.287176132202148,200800,0.0,0.0
4.304154527630591,4.3381123542785645,4.287175614306605,4.3381123542785645,257600,0.0,0.0
4.338110290789136,4.363578648660697,4.329620838165283,4.329620838165283,404800,0.0,0.0
4.312644352988592,4.321133810376364,4.2786865234375,4.2786865234375,132800,0.0,0.0
4.287174366312083,4.338111091456385,4.287174366312083,4.321132183074951,128000,0.0,0.0
4.338112067799323,4.338112067799323,4.287175331191111,4.2956647872924805,149600,0.0,0.0
4.295665070968599,4.346601810940558,4.295665070968599,4.3381123542785645,402400,0.0,0.0
4.33810965064913,4.346599102020264,4.31264129653573,4.346599102020264,670400,0.0,0.0
4.346600389856053,4.346600389856053,4.312642574310303,4.312642574310303,203200,0.0,0.0
4.2956662452955605,4.2956662452955605,4.270197868347168,4.270197868347168,238400,0.0,0.0
4.244725542714397,4.278683347056112,4.244725542714397,4.261704444885254,358400,0.0,0.0
4.261706962887006,4.304154243393849,4.261706962887006,4.2956647872924805,156800,0.0,0.0
4.287175331191111,4.321133155596586,4.278685875089743,4.2956647872924805,403200,0.0,0.0
4.2956638205028,4.321132183074951,4.2956638205028,4.321132183074951,155200,0.0,0.0
4.312642574310303,4.32113202819674,4.312642574310303,4.312642574310303,146400,0.0,0.0
4.295665438213046,4.295665438213046,4.227749779110863,4.2786865234375,304000,0.0,0.0
4.329621637265668,4.363579454028536,4.312642728884234,4.321132183074951,852800,0.0,0.0
4.312642574310303,4.329621482083177,4.312642574310303,4.312642574310303,409600,0.0,0.0
4.329621637265668,4.355089999837819,4.321132183074951,4.321132183074951,115200,0.0,0.0
4.3041510581970215,4.32112995783488,4.3041510581970215,4.3041510581970215,184800,0.0,0.0
4.321131907313704,4.321131907313704,4.227747917175293,4.227747917175293,233600,0.0,0.0
4.227750150730432,4.253218525132422,4.2192606925964355,4.2192606925964355,412800,0.0,0.0
4.219258486739989,4.219258486739989,4.159832310870411,4.176811218261719,176800,0.0,0.0
4.176812951864019,4.261707524056377,4.176812951864019,4.19379186630249,576000,0.0,0.0
4.1768109068578605,4.1768109068578605,4.091916376230668,4.159832000732422,273600,0.0,0.0
4.142854537807207,4.1598334498474,4.125875625767013,4.134365081787109,236800,0.0,0.0
4.134364636673006,4.134364636673006,4.074938450930272,4.083427906036377,260800,0.0,0.0
4.083428555092383,4.100407468003371,4.057960185725903,4.0664496421813965,191200,0.0,0.0
4.0324907434188715,4.066448560205557,3.9900434724355147,4.007022380828857,532800,0.0,0.0
4.007022059241007,4.03249041978703,3.9985326057256656,4.015511512756348,556800,0.0,0.0
4.007023241485658,4.142854537807207,4.007023241485658,4.134365081787109,508800,0.0,0.0
4.117387269364029,4.142855644226074,4.074939977927286,4.142855644226074,482400,0.0,0.0
4.142853315486465,4.176811129547829,3.9985326057256656,4.015511512756348,480800,0.0,0.0
4.015513355818017,4.015513355818017,3.990044983582385,3.9985344409942627,429600,0.0,0.0
3.998532639495258,3.998532639495258,3.9391064643859863,3.9391064643859863,711200,0.0,0.0
3.9391083077434854,3.9391083077434854,3.9221293926239014,3.9221293926239014,489600,0.0,0.0
3.9306169995914435,3.9645748138427734,3.9221275460286114,3.9645748138427734,1199200,0.0,0.0
3.9645761647154742,4.0664496421813965,3.9645761647154742,4.0664496421813965,379200,0.0,0.0
4.049470101440302,4.05795955657959,4.032491191161727,4.05795955657959,275200,0.0,0.0
4.040979862213135,4.066448222689268,4.0070220482449574,4.040979862213135,408000,0.0,0.0
4.040979862213135,4.057958769197223,4.024000955229046,4.040979862213135,771200,0.0,0.0
4.024000955229046,4.091916583165402,4.0070220482449574,4.040979862213135,506400,0.0,0.0
4.024000966271689,4.024000966271689,3.9985326057256656,4.015511512756348,356000,0.0,0.0
3.9560856556488297,4.007022380828857,3.9560856556488297,4.007022380828857,452800,0.0,0.0
4.032492438952128,4.125876474380493,4.032492438952128,4.074939727783203,356800,0.0,0.0
4.040980197615543,4.040980197615543,4.007022380828857,4.007022380828857,339200,0.0,0.0
4.02400016784668,4.04097907150848,4.02400016784668,4.02400016784668,542400,0.0,0.0
4.007021264184879,4.057957975170281,3.9985318123539795,4.02400016784668,501600,0.0,0.0
4.024001736022439,4.05795955657959,4.024001736022439,4.05795955657959,766400,0.0,0.0
4.049469918197727,4.117385556238779,4.049469918197727,4.100406646728516,706400,0.0,0.0
4.091916808623351,4.278684795738939,4.091916808623351,4.236237525939941,622400,0.0,0.0
4.210768222808838,4.253215483119411,4.193789318684609,4.210768222808838,552000,0.0,0.0
4.159834257369179,4.159834257369179,4.074939680688176,4.125876426696777,390400,0.0,0.0
4.123830822591645,4.20051362714397,4.123830822591645,4.1664323806762695,328000,0.0275,0.0
4.1664306095668255,4.191991533551898,4.11530876159668,4.11530876159668,700000,0.0,0.0
4.115311911283445,4.14087285483179,4.115311911283445,4.1238322257995605,900000,0.0,0.0
4.1323487060826,4.191990852355957,4.12382839947212,4.191990852355957,524800,0.0,0.0
4.217554357532571,4.251635604866168,4.174952798365576,4.183473110198975,384800,0.0,0.0
4.166432798988143,4.23459529876709,4.157912486515774,4.23459529876709,980000,0.0,0.0
4.226072078797875,4.226072078797875,4.149389319303559,4.191990852355957,988800,0.0,0.0
4.19199534000889,4.243117234399242,4.19199534000889,4.226076602935791,364800,0.0,0.0
4.226072856910814,4.226072856910814,4.183471316014535,4.200511932373047,740800,0.0,0.0
4.217554962778666,4.2431159019470215,4.217554962778666,4.2431159019470215,313600,0.0,0.0
4.2431159019470215,4.2686768411153775,4.2431159019470215,4.2431159019470215,243200,0.0,0.0
4.2431159019470215,4.2431159019470215,4.226075275834785,4.2431159019470215,269600,0.0,0.0
4.25163621500314,4.260156528059259,4.2431159019470215,4.2431159019470215,331200,0.0,0.0
4.251632998629314,4.251632998629314,4.166429932524518,4.191990852355957,184800,0.0,0.0
4.191993422032374,4.217554357532571,4.140871551031979,4.183473110198975,281600,0.0,0.0
4.200511887425281,4.200511887425281,4.140869730808696,4.157910346984863,570400,0.0,0.0
4.157912834323182,4.174953460693359,4.123831581582828,4.174953460693359,287200,0.0,0.0
4.174953460693359,4.183473773878448,4.157912834323182,4.174953460693359,142400,0.0,0.0
4.166432273950909,4.166432273950909,4.1238307169575465,4.1493916511535645,440800,0.0,0.0
4.1579119625522365,4.1579119625522365,4.1408713397548915,4.1493916511535645,708800,0.0,0.0
4.149390083297513,4.209032240552303,4.149390083297513,4.200511932373047,161600,0.0,0.0
4.1919952423466365,4.209035873413086,4.166434295746962,4.209035873413086,127200,0.0,0.0
4.19199386097136,4.311278239129082,4.19199386097136,4.2942376136779785,202400,0.0,0.0
4.379439462987028,4.413520703944125,4.353878532269205,4.396480083465576,561600,0.0,0.0
4.379439060218618,4.387959369674296,4.3709187507629395,4.3709187507629395,284000,0.0,0.0
4.353880182205443,4.362400495673556,4.277197360992432,4.277197360992432,146400,0.0,0.0
4.294235746612249,4.362398218780697,4.294235746612249,4.336837291717529,140800,0.0,0.0
4.35388071966354,4.447604179382324,4.3368400906237605,4.447604179382324,240000,0.0,0.0
4.44760282880309,4.481684076533382,4.405001269140225,4.422041893005371,193600,0.0,0.0
4.447600461486587,4.532803535461426,4.447600461486587,4.532803535461426,384800,0.0,0.0
4.498722506754713,4.498722506754713,4.45612096786499,4.45612096786499,465600,0.0,0.0
4.439082592167658,4.558366961247019,4.430562280090561,4.549846649169922,522400,0.0,0.0
4.600966922246076,4.635048158707158,4.473162285517018,4.490202903747559,1832800,0.0,0.0
4.566886129170439,4.694690778307671,4.549845509285475,4.669129848480225,956000,0.0,0.0
4.660609763716944,4.660609763716944,4.566886349821356,4.592447280883789,613600,0.0,0.0
4.592448022432416,4.600968334162347,4.515765216863044,4.558366775512695,196000,0.0,0.0
4.566888262243832,4.660611715386896,4.558367948321735,4.6350507736206055,380800,0.0,0.0
4.635047756315831,4.643568064691412,4.575405597686768,4.575405597686768,216800,0.0,0.0
4.566887273324117,4.566887273324117,4.498724776707339,4.549846649169922,103200,0.0,0.0
4.566886901855469,4.583927524623586,4.532805656319234,4.566886901855469,530400,0.0,0.0
4.515762920666458,4.532803535461426,4.498722305871491,4.532803535461426,271200,0.0,0.0
4.532805840322904,4.558366775512695,4.524285528592975,4.558366775512695,587200,0.0,0.0
4.558366961247019,4.558366961247019,4.532806025015727,4.549846649169922,780000,0.0,0.0
4.549844150256394,4.549844150256394,4.507242613268975,4.532803535461426,413600,0.0,0.0
4.507243450632635,4.558365304515047,4.3538778889854,4.515763759613037,688800,0.0,0.0
4.532804449323912,4.541324758439182,4.4816825946322885,4.490202903747559,154400,0.0,0.0
4.481681891198823,4.515763122310601,4.413519428975267,4.45612096786499,320000,0.0,0.0
4.447601358171206,4.515763831093371,4.439081049055936,4.490202903747559,928800,0.0,0.0
4.464642785145686,4.464642785145686,4.422041231852312,4.430561542510986,172800,0.0,0.0
4.4476021638283365,4.4476021638283365,4.422041231852312,4.430561542510986,232800,0.0,0.0
4.4476021638283365,4.464642785145686,4.422041231852312,4.430561542510986,685600,0.0,0.0
4.430561542510986,4.481683406463036,4.430561542510986,4.430561542510986,1699200,0.0,0.0
4.430560690949146,4.430560690949146,4.336837291717529,4.336837291717529,288000,0.0,0.0
4.3368376231554775,4.49872350692749,4.285715765122211,4.49872350692749,423200,0.0,0.0
4.498724015971286,4.566886501061759,4.498724015971286,4.541325569152832,530400,0.0,0.0
4.549847331632026,4.58392858505249,4.549847331632026,4.58392858505249,452800,0.0,0.0
4.592447280883789,4.635048832654511,4.592447280883789,4.592447280883789,735200,0.0,0.0
4.600969211762723,4.600969211762723,4.532806704921794,4.58392858505249,391200,0.0,0.0
4.57540592247585,4.57540592247585,4.515763759613037,4.515763759613037,377600,0.0,0.0
4.515764126271912,4.515764126271912,4.490203197255279,4.49872350692749,482400,0.0,0.0
4.507246381021551,4.507246381021551,4.447604179382324,4.447604179382324,228800,0.0,0.0
4.447602397075139,4.447602397075139,4.319797730492519,4.353878974914551,400800,0.0,0.0
4.362398587740385,4.370918897482065,4.311276729290302,4.319797039031982,302400,0.0,0.0
4.30275792640353,4.30275792640353,4.226075111873566,4.2942376136779785,1051200,0.0,0.0
4.276446866895822,4.370528697967529,4.276446866895822,4.370528697967529,504000,0.03,0.0
4.370526714437812,4.370526714437812,4.293550705768653,4.336315155029297,375200,0.0,0.0
4.336316380379008,4.379080841723969,4.319210595841024,4.353422164916992,183200,0.0,0.0
4.344868044881426,4.353420934733554,4.319209375325039,4.336315155029297,208800,0.0,0.0
4.353423405261267,4.353423405261267,4.310658931732178,4.310658931732178,129600,0.0,0.0
4.319212146833831,4.379082414215686,4.310659251493566,4.361976623535156,253600,0.0,0.0
4.361975587331331,4.44750452041626,4.361975587331331,4.44750452041626,175200,0.0,0.0
4.438951627107767,4.456057413724753,4.430398733799274,4.44750452041626,532800,0.0,0.0
4.4475055769378065,4.456058472278071,4.344870832854626,4.361976623535156,475200,0.0,0.0
4.379081591701321,4.396187379168905,4.344870016766155,4.370528697967529,280800,0.0,0.0
4.361976997785834,4.379082789934014,4.276448037044935,4.293553829193115,380800,0.0,0.0
4.259339732066317,4.259339732066317,4.1567050397273695,4.165257930755615,768800,0.0,0.0
4.165257930755615,4.165257930755615,4.1567050397273695,4.165257930755615,814400,0.0,0.0
4.15670699840165,4.208024368752287,4.15670699840165,4.199471473693848,663200,0.0,0.0
4.216578875866134,4.216578875866134,4.139602790911174,4.148155689239502,1089600,0.0,0.0
4.139602967742092,4.139602967742092,4.08828557558,4.096838474273682,913600,0.0,0.0
4.113941804007376,4.131047591134226,4.096836016880526,4.122494697570801,645600,0.0,0.0
4.1395988911390305,4.387632708996534,4.131046000868082,4.379079818725586,1947200,0.0,0.0
4.379080224224902,4.387633115287841,4.3448686599731445,4.3448686599731445,790400,0.0,0.0
4.3619753920916216,4.404739856719971,4.3619753920916216,4.404739856719971,800000,0.0,0.0
4.404741260740492,4.464611530303955,4.379082573784722,4.464611530303955,601600,0.0,0.0
4.464612089829638,4.464612089829638,4.430400502934392,4.438953399658203,445600,0.0,0.0
4.430397373103542,4.430397373103542,4.413291591740207,4.421844482421875,292800,0.0,0.0
4.430398954104071,4.430398954104071,4.370528697967529,4.370528697967529,268800,0.0,0.0
4.361976568877933,4.370529464111026,4.310659197479368,4.327764987945557,228800,0.0,0.0
4.327762668222841,4.327762668222841,4.259339543033547,4.3021039962768555,485600,0.0,0.0
4.310659197479368,4.344870778411744,4.302106302246274,4.327764987945557,307200,0.0,0.0
4.319211981861467,4.319211981861467,4.242235926739183,4.259341716766357,337600,0.0,0.0
4.242233761736224,4.310656886925518,4.242233761736224,4.3021039962768555,433600,0.0,0.0
4.3363179375143615,4.370529518875421,4.3363179375143615,4.361976623535156,521600,0.0,0.0
4.3705269284546375,4.396185599267483,4.336315367370844,4.379079818725586,496800,0.0,0.0
4.387634984084538,4.421846562907809,4.310658931732178,4.310658931732178,290400,0.0,0.0
4.310656886925518,4.327762668222841,4.293551105628194,4.3021039962768555,536000,0.0,0.0
4.3619762042153205,4.396187782287598,4.353423309697251,4.396187782287598,1158400,0.0,0.0
4.3961869637943005,4.41329274964564,4.387634070868631,4.404739856719971,206400,0.0,0.0
4.430398733799274,4.48171609365023,4.421845840490781,4.44750452041626,715200,0.0,0.0
4.456058608561698,4.550140460182003,4.456058608561698,4.524481773376465,433600,0.0,0.0
4.524479050006506,4.533031940460205,4.524479050006506,4.533031940460205,109600,0.0,0.0
4.52447945986635,4.5586910247802725,4.498820786180907,4.558691024780273,116000,0.0,0.0
4.558692133426666,4.567245026735159,4.44750452041626,4.44750452041626,338400,0.0,0.0
4.473163778536788,4.575798511505127,4.456057989708731,4.575798511505127,372800,0.0,0.0
4.592904965082805,4.610010756386651,4.464611530303955,4.464611530303955,333600,0.0,0.0
4.5159286122620665,4.54158729755901,4.456058346569199,4.507375717163086,446400,0.0,0.0
4.515927718857588,4.541586399078369,4.498821932043733,4.541586399078369,389600,0.0,0.0
4.5244792660224045,4.64421973809105,4.5244792660224045,4.635666847229004,609600,0.0,0.0
4.610007964476971,4.6356666358933545,4.584349293060587,4.592902183532715,534400,0.0,0.0
4.61001008916124,4.635668772403325,4.558692722677071,4.575798511505127,223200,0.0,0.0
4.584349971829039,4.584349971829039,4.507373946182656,4.515926837921143,168000,0.0,0.0
4.498821054444169,4.515926837921143,4.473162379228707,4.515926837921143,628000,0.0,0.0
4.498821054444169,4.515926837921143,4.498821054444169,4.515926837921143,1094400,0.0,0.0
4.515926837921143,4.515926837921143,4.490268162705681,4.515926837921143,182400,0.0,0.0
4.550139753348765,4.618562907534462,4.550139753348765,4.601457118988037,1045600,0.0,0.0
4.584350314479643,4.584350314479643,4.567244529724121,4.567244529724121,284000,0.0,0.0
4.558692722677071,4.601457194747212,4.558692722677071,4.575798511505127,524800,0.0,0.0
4.558691296613578,4.567244188352065,4.515926837921143,4.515926837921143,136000,0.0,0.0
4.541584830913903,4.5586906118213,4.515926159552808,4.533031940460205,279200,0.0,0.0
4.54158729755901,4.54158729755901,4.498822822064104,4.507375717163086,176000,0.0,0.0
4.4646098211909955,4.567244529724121,4.4475040364354745,4.567244529724121,558400,0.0,0.0
4.592904300333184,4.627115877989297,4.567245617091099,4.575798511505127,585600,0.0,0.0
4.550137731172075,4.65277241683761,4.550137731172075,4.592902183532715,444000,0.0,0.0
4.610010013261249,4.610010013261249,4.56724554189519,4.601457118988037,198400,0.0,0.0
4.601455074004843,4.601455074004843,4.575796402588459,4.592902183532715,222400,0.0,0.0
4.57505044445368,4.660886287689209,4.57505044445368,4.660886287689209,311200,0.03,0.0
4.652303687071543,4.82397540984171,4.6437201009330344,4.755306720733643,815200,0.0,0.0
4.763890988343246,4.909811973571778,4.763890988343246,4.909811973571777,1220000,0.0,0.0
4.995643510643349,5.175898688862439,4.995643510643349,5.14156436920166,2273600,0.0,0.0
5.115816154800544,5.115816154800544,5.029980313277044,5.107232570648193,1478400,0.0,0.0
5.090065402343494,5.124399738952893,5.072898234038794,5.107232570648193,919200,0.0,0.0
5.098649258516273,5.098649258516273,5.047147750854492,5.047147750854492,832800,0.0,0.0
5.047145807884747,5.141565202249938,5.047145807884747,5.055729389190674,617600,0.0,0.0
5.029982398728193,5.064316749572754,5.029982398728193,5.064316749572754,800000,0.0,0.0
5.05572931818954,5.081480061745683,5.038562155818777,5.072896480560303,97600,0.0,0.0
5.055729900028394,5.055729900028394,4.9355597496032715,4.9355597496032715,462400,0.0,0.0
4.9355597496032715,4.961310496122941,4.926976167430048,4.9355597496032715,813600,0.0,0.0
4.926974773406982,4.961309092385428,4.789637497493199,4.806804656982422,622400,0.0,0.0
4.806807913431307,4.961312453505885,4.806807913431307,4.92697811126709,346400,0.0,0.0
4.9269744464784955,5.1501475050297865,4.9098072881283965,5.1329803466796875,1032800,0.0,0.0
5.012813489998567,5.038564244228011,4.978479151025974,5.029980659484863,679200,0.0,0.0
5.0128150821961075,5.0128150821961075,4.978480732318052,4.99564790725708,797600,0.0,0.0
4.987061902139445,5.07289773522274,4.978478318831115,5.0042290687561035,270400,0.0,0.0
5.021398669665621,5.021398669665621,4.978480732318052,4.99564790725708,402400,0.0,0.0
5.0299823415690454,5.0299823415690454,4.978480815887451,4.978480815887451,298400,0.0,0.0
4.9956443200491885,5.055729389190673,4.978477157437335,5.055729389190674,336800,0.0,0.0
5.06431508384295,5.150150932721644,5.06431508384295,5.115816593170166,605600,0.0,0.0
5.064314998457456,5.072898583200605,5.0213970747417145,5.029980659484863,293600,0.0,0.0
5.029982398728193,5.132985451261876,4.978480872461351,5.064316749572754,426400,0.0,0.0
5.115814022901581,5.287485634408346,5.115814022901581,5.278902053833008,600000,0.0,0.0
5.28748710458364,5.364739351241518,5.270319938659667,5.270319938659668,460800,0.0,0.0
5.235984150956316,5.278902053833008,5.184482667504287,5.278902053833008,419200,0.0,0.0
5.278902053833008,5.304652795559022,5.261734892682331,5.278902053833008,179200,0.0,0.0
5.2359837482688025,5.2359837482688025,5.098646469625686,5.14156436920166,1192800,0.0,0.0
5.141567113787628,5.167317867279053,5.107232775799063,5.167317867279053,342400,0.0,0.0
5.167319858868916,5.167319858868916,5.132985507647196,5.150152683258057,392800,0.0,0.0
5.115815236512257,5.141565984347051,5.081480906065867,5.0986480712890625,399200,0.0,0.0
5.098651156425476,5.150152683258057,5.098651156425476,5.150152683258057,133600,0.0,0.0
5.150149566958649,5.150149566958649,5.098648071289062,5.0986480712890625,612800,0.0,0.0
5.047147914067211,5.115816593170166,5.047147914067211,5.115816593170166,426400,0.0,0.0
5.107232570648193,5.132983323105243,5.090065402343494,5.107232570648193,454400,0.0,0.0
5.098649337430049,5.1501508458889385,5.012813489998567,5.029980659484863,1370400,0.0,0.0
5.04714838772604,5.064315559112862,4.99564687356557,5.012814044952393,451200,0.0,0.0
4.978476769012931,4.98706034964916,4.87547380137818,4.918391704559326,1009600,0.0,0.0
4.935558761159579,4.978476663430532,4.935558761159579,4.9441423416137695,271200,0.0,0.0
4.952728064018383,4.952728064018383,4.8840593906871055,4.892642974853516,312000,0.0,0.0
4.909811181081853,4.944145525005502,4.875476837158203,4.875476837158203,1360800,0.0,0.0
4.909811973571778,4.93556273567093,4.901228386205394,4.909811973571777,540800,0.0,0.0
4.892641838737156,4.9355597496032715,4.87547467439071,4.9355597496032715,320800,0.0,0.0
4.901225566864014,4.901225566864014,4.89264198443518,4.901225566864014,317600,0.0,0.0
4.89264248574782,5.0042290687561035,4.89264248574782,5.0042290687561035,640000,0.0,0.0
5.004231494726594,5.004231494726594,4.978480732318052,4.99564790725708,344000,0.0,0.0
4.987062735769122,5.029980659484863,4.987062735769122,5.029980659484863,440800,0.0,0.0
5.0299777643440935,5.081479243159903,5.0213941845414585,5.0385613441467285,422400,0.0,0.0
5.047146575619475,5.098648071289062,5.0385629930078775,5.0986480712890625,726400,0.0,0.0
5.115816283699693,5.2188192961231765,5.115816283699693,5.184484958648682,390400,0.0,0.0
5.150147678431805,5.218816314144229,5.1329805195036995,5.210232734680176,338400,0.0,0.0
5.2359864648604235,5.2359864648604235,5.175901374280058,5.184484958648682,296800,0.0,0.0
5.167314663379885,5.175898242554935,5.098646029979489,5.1329803466796875,445600,0.0,0.0
5.115817190623806,5.141567948294731,5.081482847062572,5.090066432952881,467200,0.0,0.0
5.0900658385065585,5.150150932721644,5.0900658385065585,5.115816593170166,262400,0.0,0.0
5.115813188329588,5.253150455130382,5.115813188329588,5.1329803466796875,462400,0.0,0.0
5.098647224116446,5.132981548857971,5.029978574633397,5.072896480560303,384000,0.0,0.0
5.029978252830306,5.055728994738994,4.9098081239230975,4.918391704559326,476000,0.0,0.0
4.87547467439071,4.944143331776495,4.87547467439071,4.9355597496032715,572800,0.0,0.0
4.93556273567093,4.93556273567093,4.892644798839009,4.909811973571777,292000,0.0,0.0
4.926976167430048,4.944143331776495,4.909809003083602,4.9355597496032715,283200,0.0,0.0
4.9613134977700835,5.0213986093347724,4.909811973571778,4.909811973571777,372000,0.0,0.0
4.909121990203857,4.926346979643169,4.848834527166266,4.909121990203857,301600,0.03,0.0
4.891894196720223,4.978019094549804,4.874669217154306,4.969406604766846,547200,0.0,0.0
4.952184463802137,5.0038594321200724,4.900509495484202,4.909121990203857,123200,0.0,0.0
4.891894343933324,4.926344304101868,4.805769443511963,4.805769443511963,298400,0.0,0.0
4.805769252777099,4.857444190979004,4.805769252777099,4.822994232177734,363200,0.0,0.0
4.840222431155902,4.89189740373052,4.831609935726799,4.8746724128723145,541600,0.0,0.0
4.8918985545016485,4.995248523962951,4.8918985545016485,4.978023529052734,438400,0.0,0.0
4.9780235290527335,4.9780235290527335,4.9263485443220825,4.978023529052734,411200,0.0,0.0
4.943572724615777,4.952185220651693,4.926347732543945,4.926347732543945,192000,0.0,0.0
4.943572521209717,4.960797512572817,4.926347529846617,4.943572521209717,153600,0.0,0.0
4.9607947838824735,4.9607947838824735,4.9091198382170305,4.952182292938232,147200,0.0,0.0
4.9349600255281665,4.960797512572817,4.926347529846617,4.943572521209717,476000,0.0,0.0
4.891897547120417,4.943572521209717,4.857447564394216,4.943572521209717,493600,0.0,0.0
4.934958177356085,4.934958177356085,4.857445745251016,4.917733192443848,313600,0.0,0.0
4.90912075613586,4.90912075613586,4.866058293362738,4.891895771026611,335200,0.0,0.0
4.900507016314401,5.012469391028087,4.883282035589218,4.960794448852539,936800,0.0,0.0
4.960794448852539,4.960794448852539,4.934956977764766,4.960794448852539,577600,0.0,0.0
4.952186036687408,4.9780235290527335,4.934961041777191,4.978023529052734,524000,0.0,0.0
4.995246506382769,5.098596434101034,4.995246506382769,5.089983940124512,248800,0.0,0.0
5.07275667353573,5.07275667353573,5.012469242780637,5.038306713104248,195200,0.0,0.0
5.072759765689656,5.133047233193608,5.046922279616534,5.081372261047363,198400,0.0,0.0
5.046921470241902,5.089983940124512,5.046921470241902,5.089983940124512,406400,0.0,0.0
5.081372410797877,5.219172340582225,5.081372410797877,5.210559844970703,560000,0.0,0.0
5.201943634746469,5.201943634746469,5.141656208515963,5.158881187438965,176000,0.0,0.0
5.1588811438068065,5.270843505859375,5.1588811438068065,5.270843505859375,258400,0.0,0.0
5.245005842865698,5.245005842865698,5.176105930315738,5.201943397521973,233600,0.0,0.0
5.193330908453228,5.236393353796953,5.176105930315738,5.201943397521973,252000,0.0,0.0
5.236393689713866,5.236393689713866,5.184718751986426,5.193331241607666,432000,0.0,0.0
5.20194502288717,5.219170006406664,5.184720039367676,5.184720039367676,474400,0.0,0.0
5.201943731228907,5.236393689713866,5.184718751986426,5.193331241607666,302400,0.0,0.0
5.219168710471386,5.227781200092626,5.184718751986426,5.193331241607666,276000,0.0,0.0
5.184722358136138,5.219172340582225,5.184722358136138,5.210559844970703,329600,0.0,0.0
5.201943351959279,5.2622307749124495,5.201943351959279,5.227780818939209,481600,0.0,0.0
5.227780326926329,5.227780326926329,5.141655445098876,5.141655445098877,879200,0.0,0.0
5.167495055848182,5.20194502288717,5.150270072328688,5.184720039367676,350800,0.0,2.0
5.201943875964644,5.201943875964644,5.081369017912483,5.115818977355957,275200,0.0,0.0
5.115819723299234,5.2363945989325495,5.098594741065903,5.219169616699219,338800,0.0,0.0
5.184720211341733,5.305295099977587,5.184720211341733,5.253620147705078,254800,0.0,0.0
5.288068382237667,5.305293360681438,5.098593619356188,5.1502685546875,272800,0.0,0.0
5.184720211341733,5.253620147705079,5.167495227250897,5.253620147705078,181600,0.0,0.0
5.270843505859375,5.339743420968648,5.219168569527421,5.270843505859375,597600,0.0,0.0
5.270843403793896,5.288068382237667,5.115818597799959,5.1502685546875,457200,0.0,0.0
5.184720039367676,5.219170006406664,5.184720039367676,5.184720039367676,579200,0.0,0.0
5.184720629813687,5.201945615294796,5.046920745964819,5.133045673370361,445200,0.0,0.0
5.098597526550293,5.150272501481545,5.081372534906541,5.098597526550293,253200,0.0,0.0
5.064147605109461,5.115822580671803,5.012472629547119,5.012472629547119,433200,0.0,0.0
5.012472026202143,5.081371985325197,4.960797056859853,5.064146995544434,296400,0.0,0.0
5.064147270331949,5.081372261047364,5.012472298185704,5.081372261047363,240800,0.0,0.0
5.046923508693602,5.064148503603819,4.9263485443220825,4.978023529052734,200400,0.0,0.0
4.9607964351259435,5.081371348479699,4.9607964351259435,4.995246410369873,142000,0.0,0.0
4.995247435896364,5.064147400529418,4.960797453579837,5.029697418212891,335600,0.0,0.0
5.029693616147073,5.305293266346912,4.995243659872093,5.201943397521973,557600,0.0,0.0
5.2191697937657855,5.288069725036621,5.2191697937657855,5.288069725036621,488800,0.0,0.0
5.288068484636693,5.322518442191329,5.236393548304738,5.270843505859375,293200,0.0,0.0
5.236393353796953,5.236393353796953,5.167493441246993,5.201943397521973,207200,0.0,0.0
5.150268463109503,5.201943397521973,5.081368550559543,5.201943397521973,446000,0.0,0.0
5.184718896242907,5.184718896242907,4.995244119303797,5.115818977355957,1030400,0.0,0.0
5.0985957024081445,5.15027065885147,5.064145731445927,5.133045673370361,225600,0.0,0.0
5.133043957077694,5.133043957077694,5.09859399763422,5.115818977355957,519200,0.0,0.0
5.1330469546674875,5.1330469546674875,5.064146995544434,5.064146995544434,196400,0.0,0.0
5.064146360857734,5.064146360857734,4.995246410369873,4.995246410369873,277600,0.0,0.0
4.995247435896364,5.029697418212891,4.995247435896364,5.029697418212891,332800,0.0,0.0
5.012473518873168,5.012473518873168,4.9607985341425165,4.978023529052734,265200,0.0,0.0
4.977331295819349,4.977331295819349,4.890919294155819,4.908201694488525,450400,0.03,0.0
4.908201130034645,4.9254835283798375,4.873636333344261,4.890918731689453,193600,0.0,0.0
4.908201694488525,4.925484094821231,4.873636893823113,4.908201694488525,400400,0.0,0.0
4.9081999705388,4.942764759063721,4.873635182013879,4.942764759063721,281200,0.0,0.0
4.9946137329627724,5.011896133422852,4.960048932042615,5.011896133422852,451200,0.0,0.0
4.977327021468044,5.167433261871338,4.977327021468044,5.167433261871338,526000,0.0,0.0
5.16743763923645,5.184720039367676,5.098308038711548,5.184720039367676,760400,0.0,0.0
5.184717271842208,5.288411617279053,5.184717271842208,5.288411617279053,263600,0.0,0.0
5.288412816695386,5.305695211521188,4.9773297098309515,5.063741683959961,600800,0.0,0.0
5.063742898605965,5.1155900955200195,5.046460499634613,5.1155900955200195,154400,0.0,0.0
5.115590438842774,5.2020024394989015,5.081025638580322,5.184720039367676,240800,0.0,0.0
5.184720039367676,5.2020024394989015,5.150155239105224,5.184720039367676,201200,0.0,0.0
5.184718585405193,5.271130561828613,5.184718585405193,5.271130561828613,424400,0.0,0.0
5.271130859261692,5.288413255521567,5.236566066741943,5.236566066741943,257600,0.0,0.0
5.271129035635997,5.288411425916772,5.23656425507445,5.253846645355225,353200,0.0,0.0
5.253846452725644,5.288411232019891,5.2192816734313965,5.2192816734313965,330800,0.0,0.0
5.236565748337776,5.357542514801025,5.236565748337776,5.357542514801025,724800,0.0,0.0
5.357539852460225,5.461234172185262,5.357539852460225,5.392104625701904,823200,0.0,0.0
5.426671981811523,5.4785191663511235,5.426671981811523,5.426671981811523,742800,0.0,0.0
5.426669220697312,5.443951606750489,5.4093868346441365,5.443951606750488,235200,0.0,0.0
5.443954082983958,5.478518870812428,5.426671689069724,5.461236476898193,395600,0.0,0.0
5.478517067358361,5.582211396708992,5.478517067358361,5.564929008483887,1192800,0.0,0.0
5.564928331971169,5.564928331971169,5.513081173598766,5.5303635597229,672800,0.0,0.0
5.530367937414818,5.582215136828081,5.495803137805975,5.547650337219238,399200,0.0,0.0
5.530365372899931,5.547647764690244,5.495800589319307,5.513082981109619,296000,0.0,0.0
5.495800589319307,5.582212548270868,5.495800589319307,5.513082981109619,394400,0.0,0.0
5.495798787474633,5.564928331971169,5.4785164013504986,5.5303635597229,603600,0.0,0.0
5.5303635597229,5.582210718095303,5.513081173598766,5.5303635597229,722000,0.0,0.0
5.5303635597229,5.547645945847035,5.513081173598766,5.5303635597229,466400,0.0,0.0
5.5303635597229,5.547645945847035,5.5303635597229,5.5303635597229,441600,0.0,0.0
5.530365372899931,5.530365372899931,5.478518197528994,5.513082981109619,462400,0.0,0.0
5.513081173598766,5.5303635597229,5.461234015226364,5.5303635597229,483600,0.0,0.0
5.530364896044318,5.599494457244872,5.51308250574418,5.599494457244873,292800,0.0,0.0
5.495798787474633,5.582210718095303,5.495798787474633,5.5303635597229,1052000,0.0,0.0
5.5303635370163695,5.5303635370163695,5.392104448590961,5.443951606750488,685200,0.0,0.0
5.426670549756886,5.426670549756886,5.184717085754987,5.340258598327637,965200,0.0,0.0
5.374825117254102,5.374825117254102,5.2884131378770265,5.305695533752441,390400,0.0,0.0
5.357540988613486,5.374823378899336,5.288411427470087,5.340258598327637,645600,0.0,0.0
5.340260119591989,5.392107305219096,5.288412933964883,5.357542514801025,615200,0.0,0.0
5.392104625701904,5.426669398943583,5.392104625701904,5.392104625701904,266000,0.0,0.0
5.392105769185187,5.426670549756886,5.340258598327637,5.340258598327637,619200,0.0,0.0
5.322976208041786,5.340258598327637,5.288411427470087,5.340258598327637,193200,0.0,0.0
5.3056938177559365,5.340258598327637,5.253846646898387,5.340258598327637,204400,0.0,0.0
5.3402585023409355,5.3402585023409355,5.288411332415295,5.322976112365723,278800,0.0,0.0
5.340258598327637,5.340258598327637,5.3056938177559365,5.340258598327637,462000,0.0,0.0
5.374824933536717,5.374824933536717,5.271130561828613,5.271130561828613,407600,0.0,0.0
5.288413255521567,5.34026044430119,5.150154085442572,5.236566066741943,1075600,0.0,0.0
5.236564162489655,5.3402585023409355,5.236564162489655,5.322976112365723,218400,0.0,0.0
5.3402589761411035,5.409388542175293,5.3402589761411035,5.409388542175293,432800,0.0,0.0
5.443953325192387,5.495800499718029,5.392106150666746,5.409388542175293,234400,0.0,0.0
5.426671307921786,5.478518486022949,5.409388915221398,5.478518486022949,464000,0.0,0.0
5.443951606750489,5.478516378856841,5.374822062537784,5.443951606750488,1076400,0.0,0.0
5.4439543766580565,5.46123677150459,5.4093895869649895,5.426671981811523,212000,0.0,0.0
5.4439543766580565,5.4439543766580565,5.426671981811523,5.426671981811523,405200,0.0,0.0
5.426671307921786,5.513083271423725,5.39210652252101,5.478518486022949,204000,0.0,0.0
5.461235805738682,5.513082981109619,5.461235805738682,5.513082981109619,226400,0.0,0.0
5.51308395604419,5.51308395604419,5.426671981811523,5.426671981811523,277200,0.0,0.0
5.443954514675453,5.443954514675453,5.271130561828613,5.271130561828613,522800,0.0,0.0
5.2884131378770265,5.340260325503271,5.236565950250781,5.305695533752441,585600,0.0,0.0
5.322977929627856,5.322977929627856,5.253848346126196,5.305695533752441,403200,0.0,0.0
5.305694008185194,5.305694008185194,5.288411617279053,5.288411617279053,736000,0.0,0.0
5.271129035635997,5.288411425916772,5.23656425507445,5.253846645355225,304400,0.0,0.0
5.253846645355224,5.288411425916772,5.23656425507445,5.253846645355225,492400,0.0,0.0
5.2538451893273805,5.2538451893273805,5.167433261871338,5.167433261871338,321200,0.0,0.0
5.168126974674251,5.2721832224864835,5.150784266705545,5.237497806549072,710400,0.0325,0.0
5.202815259089236,5.289528846740723,5.16812982402864,5.289528846740723,399600,0.0,0.0
5.289530238589725,5.306872960683462,4.9947039629962,5.133445739746094,662400,0.0,0.0
5.0987593256979675,5.133444763287749,5.064073888108185,5.081416606903076,583600,0.0,0.0
5.081416331681629,5.20281535667061,4.994702742403786,5.168129920959473,692800,0.0,0.0
5.1681269195964905,5.237497750732014,5.133441504028729,5.185469627380371,362000,0.0,0.0
5.272184877979512,5.272184877979512,5.098757743835449,5.098757743835449,462400,0.0,0.0
5.1507869333323875,5.254843235015869,5.081416065543399,5.254843235015869,596000,0.0,0.0
5.254843510237316,5.254843510237316,5.150787203103904,5.168129920959473,563200,0.0,0.0
5.202814936637878,5.272185802459717,5.202814936637878,5.272185802459717,958800,0.0,0.0
5.272184292475383,5.272184292475383,4.994700908660889,4.994700908660889,566000,0.0,0.0
5.064073613826061,5.168129920959473,5.064073613826061,5.168129920959473,474000,0.0,0.0
5.168129650279634,5.254843235015869,5.1507869333323875,5.254843235015869,320000,0.0,0.0
5.22015581066761,5.22015581066761,5.13344225899539,5.150784969329834,318400,0.0,0.0
5.202813481175623,5.23749890438346,5.09875721155211,5.220156192779541,713200,0.0,0.0
5.133445739746094,5.202816628121042,5.064074851371147,5.133445739746094,564400,0.0,0.0
5.116101499437892,5.272185951963117,5.116101499437892,5.254843235015869,554400,0.0,0.0
5.254841615987378,5.272184327591297,5.202813481175623,5.220156192779541,250400,0.0,0.0
5.254843235015869,5.272185951963117,5.254843235015869,5.254843235015869,149200,0.0,0.0
5.2721832224864835,5.306868638423895,5.237497806549072,5.237497806549072,367200,0.0,0.0
5.202815084174128,5.272185951963117,5.185472367226881,5.254843235015869,252400,0.0,0.0
5.272184327591297,5.306869750799135,5.133442634759947,5.220156192779541,876400,0.0,0.0
5.202815084174128,5.254843235015869,5.202815084174128,5.254843235015869,212800,0.0,0.0
5.272185951963117,5.272185951963117,5.220157801121376,5.254843235015869,154400,0.0,0.0
5.272186228092885,5.3068716638040225,5.168129920959473,5.168129920959473,374000,0.0,0.0
5.202813100333166,5.22015581066761,5.150784969329834,5.150784969329834,423200,0.0,0.0
5.150787203103904,5.168129920959473,5.098759049537198,5.168129920959473,303600,0.0,0.0
5.185473579471394,5.185473579471394,5.098759974463512,5.116102695465088,411600,0.0,0.0
5.133447981372322,5.133447981372322,5.04673433303833,5.04673433303833,230400,0.0,0.0
5.04672960359223,5.098757743835449,5.029386890177824,5.098757743835449,1986400,0.0,0.0
5.15078421181261,5.185469627380371,5.133441504028729,5.185469627380371,294400,0.0,0.0
5.202816628121042,5.220159350214778,5.133445739746094,5.133445739746094,572800,0.0,0.0
5.168128597493074,5.168128597493074,5.098757743835449,5.098757743835449,1110000,0.0,0.0
5.098759974463512,5.185473579471394,5.081417253461935,5.116102695465088,908400,0.0,0.0
5.116103017652358,5.133445739746094,5.04673212927741,5.133445739746094,482400,0.0,0.0
5.150785884078668,5.185471310907481,5.029386890177824,5.098757743835449,631600,0.0,0.0
5.150788137468242,5.1681308584698185,5.029389090457205,5.116102695465088,529600,0.0,0.0
5.116099548660946,5.168127679664278,5.116099548660946,5.150784969329834,239200,0.0,0.0
5.150787106498344,5.30687156427102,5.150787106498344,5.289528846740723,347600,0.0,0.0
5.254844225726082,5.358900547027588,5.254844225726082,5.358900547027588,249600,0.0,0.0
5.37624128257172,5.480297565460205,5.37624128257172,5.480297565460205,910000,0.0,0.0
5.4629530906677255,5.497638507116409,5.445610382443383,5.462953090667725,374800,0.0,0.0
5.445611767279796,5.532325330453041,5.410926342010498,5.410926342010498,154800,0.0,0.0
5.376243437984749,5.480299762590906,5.358900717217056,5.393586158752441,512400,0.0,0.0
5.410928879520134,5.462957041823213,5.358900717217056,5.393586158752441,697600,0.0,0.0
5.358900980949402,5.358900980949402,5.133445599873861,5.202816486358643,1615200,0.0,0.0
5.2201592079798385,5.28953009446462,5.202816486358643,5.202816486358643,594400,0.0,0.0
5.237500312222037,5.462955623675304,5.18547216342513,5.445612907409668,772800,0.0,0.0
5.410928463935852,5.549670219421387,5.39358574450016,5.549670219421387,810000,0.0,0.0
5.5496699635575455,5.6884117126464835,5.5496699635575455,5.688411712646484,645600,0.0,0.0
5.688409701887384,5.757780551910401,5.6537242768758755,5.7577805519104,729600,0.0,0.0
5.740438207274392,5.84449448897725,5.723095493657248,5.827151775360107,536000,0.0,0.0
5.827153835011951,5.844496554759011,5.775125675770774,5.809811115264893,673200,0.0,0.0
5.8098109201951464,5.8098109201951464,5.723097324371338,5.723097324371338,352800,0.0,0.0
5.75778359546152,5.861839925499981,5.723098152115366,5.844497203826904,344800,0.0,0.0
5.861837202594393,5.861837202594393,5.792466348125821,5.827151775360107,258800,0.0,0.0
5.827153639359908,5.827153639359908,5.653726447712292,5.723097324371338,531200,0.0,0.0
5.740437999714252,5.965893268585205,5.740437999714252,5.965893268585205,668400,0.0,0.0
6.000584888728414,6.121984004974365,5.965899426943857,6.121984004974365,989200,0.0,0.0
6.121975984819297,6.121975984819297,6.052605152130127,6.052605152130127,718400,0.0,0.0
6.052606941671932,6.052606941671932,5.8791798086727365,5.896522521972656,658400,0.0,0.0
5.844497203826904,5.8791826471730575,5.775126317134597,5.844497203826904,588000,0.0,0.0
5.913865129614985,5.965893268585205,5.861836990644765,5.965893268585205,825200,0.0,0.0
5.949194526672363,5.949194526672363,5.914403915405273,5.914403915405273,475600,0.0325,0.0
5.949193195420869,6.053565005866849,5.949193195420869,5.966588497161865,970400,0.0,0.0
5.931800866410845,5.9491961768695285,5.827429003658748,5.844824314117432,379200,0.0,0.0
5.879614935034797,5.879614935034797,5.7752430722827,5.844824314117432,355200,0.0,0.0
5.844825009265578,5.844825009265578,5.757848446627698,5.775243759155273,245200,0.0,0.0
5.740450573831887,5.79263648813945,5.740450573831887,5.757845878601074,480800,0.0,0.0
5.723057821572545,5.810034384210426,5.653476571462241,5.775243759155273,487600,0.0,0.0
5.8100325570177676,5.8448231711316465,5.775241942903889,5.827427864074707,487200,0.0,0.0
5.827425591339021,6.070959795156174,5.827425591339021,5.879611492156982,826400,0.0,0.0
5.827429662472416,5.897010912173579,5.827429662472416,5.862220287322998,267200,0.0,0.0
5.879613771300384,6.001380920410155,5.844823157269022,6.001380920410156,474400,0.0,0.0
5.983985869001213,6.262310793140805,5.966590561242489,6.24491548538208,1182800,0.0,0.0
6.24491318801538,6.279703790734128,6.175331982577882,6.210122585296631,548000,0.0,0.0
6.210123916068527,6.210123916068527,5.983984949937181,6.0709614753723145,632800,0.0,0.0
6.088359280347137,6.2101264659540805,6.018778031428885,6.036173343658447,685200,0.0,0.0
6.018774335043771,6.140541445868356,6.018774335043771,6.088355541229248,745200,0.0,0.0
6.088359280347137,6.088359280347137,6.018778031428885,6.036173343658447,978000,0.0,0.0
5.949196233305821,6.018777475800626,5.949196233305821,5.983986854553223,778800,0.0,0.0
5.966589544525594,5.966589544525594,5.862217715758383,5.931798934936523,1219200,0.0,0.0
5.931800922682119,6.036172786424327,5.931800922682119,5.983986854553223,641200,0.0,0.0
5.9839868545532235,6.018777475800626,5.9144056120584185,5.983986854553223,454400,0.0,0.0
5.931801470281068,6.088359280347137,5.931801470281068,6.036173343658447,534400,0.0,0.0
6.036169636590141,6.105750842775618,5.931797827311925,6.088355541229248,386400,0.0,0.0
6.088360848575409,6.157942115416271,6.053570215154978,6.140546798706055,423600,0.0,0.0
6.123149871826173,6.175335808233782,6.123149871826173,6.123149871826172,242400,0.0,0.0
6.175332048961095,6.175332048961095,6.018774335043771,6.088355541229248,509200,0.0,0.0
6.053565893038898,6.17533302307129,6.036170588748556,6.175333023071289,487200,0.0,0.0
6.140545183962042,6.175335808233782,6.105754559690302,6.123149871826172,265600,0.0,0.0
6.227521497456982,6.279707431793213,6.19273087456616,6.279707431793213,414400,0.0,0.0
6.279706100899529,6.279706100899529,6.192729562105907,6.24491548538208,208000,0.0,0.0
6.244915012585915,6.244915012585915,6.140543173935454,6.157938480377197,283200,0.0,0.0
6.157938383938222,6.22751960861549,6.157938383938222,6.1927289962768555,268400,0.0,0.0
6.210123631651973,6.210123631651973,6.053565893038898,6.175333023071289,1064000,0.0,0.0
6.157938383938222,6.22751960861549,6.070961853091637,6.1927289962768555,1128800,0.0,0.0
6.157940496097912,6.175335808233782,6.105754559690302,6.123149871826172,440400,0.0,0.0
6.088355541229249,6.1231461443219874,6.088355541229249,6.088355541229248,190400,0.0,0.0
6.0883565016195815,6.17533302307129,6.07096119732924,6.175333023071289,505600,0.0,0.0
6.088356686453534,6.123147296090411,6.018775467179779,6.105751991271973,663200,0.0,0.0
6.105752762504245,6.105752762504245,5.983985613394474,6.001380920410156,495200,0.0,0.0
6.001380920410155,6.018776227425837,5.949194999363111,6.001380920410156,498800,0.0,0.0
5.966592196958611,6.001382822013763,5.757848446627698,5.775243759155273,360800,0.0,0.0
5.7752415683616425,5.7752415683616425,5.583893203144841,5.618683815002441,808000,0.0,0.0
5.583894336665118,5.636080265045166,5.409941242064958,5.636080265045166,563200,0.0,0.0
5.566498669164038,5.601289285846313,5.47952212745835,5.514312744140625,495600,0.0,0.0
5.566495335744527,5.827424804607552,5.566495335744527,5.81002950668335,632000,0.0,0.0
5.810035577634485,5.862221525936591,5.705663681030273,5.705663681030273,342000,0.0,0.0
5.7056605330354175,5.775241759048045,5.670869920029104,5.723055839538574,238000,0.0,0.0
5.705660344646442,5.705660344646442,5.583893203144841,5.618683815002441,295600,0.0,0.0
5.636079025268555,5.740450859069824,5.58389310836792,5.740450859069824,162000,0.0,0.0
5.7230552690627,5.827427097677825,5.670869354755137,5.757845878601074,260400,0.0,0.0
5.775241470336914,5.827427387237549,5.7230555534362795,5.740450859069824,466000,0.0,0.0
5.723053507182908,5.723053507182908,5.56649581245754,5.6012864112854,205200,0.0,0.0
5.566495499520931,5.61868139482894,5.531704902648926,5.531704902648926,462400,0.0,0.0
5.549102303328787,5.549102303328787,5.392544558093806,5.462125778198242,380000,0.0,0.0
5.496915517709193,5.549101424522888,5.392543704081804,5.427334308624268,454400,0.0,0.0
5.427335928042476,5.462126542965826,5.375150005657453,5.44473123550415,298800,0.0,0.0
5.427334427833557,5.566496849060059,5.427334427833557,5.566496849060059,674400,0.0,0.0
5.566497995883603,5.566497995883603,5.357754321037969,5.496916770935059,343200,0.0,0.0
5.479522498797473,5.566499046397433,5.427336570237497,5.549103736877441,296800,0.0,0.0
5.5143109411001205,5.566496849060059,5.479520335793495,5.566496849060059,403600,0.0,0.0
5.56649789721604,5.705660344646442,5.56649789721604,5.618683815002441,676000,0.0,0.0
5.618683440447574,5.810031792908637,5.618683440447574,5.757845878601074,422000,0.0,0.0
5.723644453703814,5.741094589233398,5.688744182644644,5.741094589233398,668800,0.0325,0.0
5.7585447247629835,5.775994860292569,5.732369521468606,5.741094589233398,309600,0.0,0.0
5.741091802448569,5.880692818921482,5.688741421271226,5.828342437744141,822000,0.0,0.0
5.828345266881323,5.845795402410907,5.723644453703814,5.741094589233398,286000,0.0,0.0
5.70619650005187,5.70619650005187,5.618945789041903,5.6363959312438965,309200,0.0,0.0
5.601493000984192,5.653843402862549,5.601493000984192,5.653843402862549,233600,0.0,0.0
5.688745304987981,5.688745304987981,5.636394888070914,5.671295166015625,216800,0.0,0.0
5.671296215647883,5.688746357849877,5.618945789041903,5.6363959312438965,462800,0.0,0.0
5.636394281116569,5.636394281116569,5.531693458557128,5.531693458557129,1078400,0.0,0.0
5.549144268035889,5.584044546451209,5.531694128828229,5.549144268035889,220800,0.0,0.0
5.584043869836849,5.618944144023329,5.514243321463888,5.531693458557129,408800,0.0,0.0
5.496792353689671,5.584043025970459,5.479342219233513,5.584043025970459,642000,0.0,0.0
5.601494006930089,5.601494006930089,5.461892910184168,5.531693458557129,957200,0.0,0.0
5.566593647003173,5.566593647003173,5.4793429628808665,5.566593647003174,342400,0.0,0.0
5.56659112851831,5.56659112851831,5.496790612800211,5.514240741729736,504400,0.0,0.0
5.549144268035889,5.549144268035889,5.461893571997589,5.549144268035889,308800,0.0,0.0
5.514243989620569,5.601494685658869,5.514243989620569,5.549144268035889,763200,0.0,0.0
5.531693760108354,5.601494312286377,5.496793484019342,5.601494312286377,525600,0.0,0.0
5.601497045377406,5.7236480712890625,5.601497045377406,5.7236480712890625,342000,0.0,0.0
5.723645611663363,5.898147002262856,5.688745333543465,5.845796585083008,470800,0.0,0.0
5.810895501470274,5.845795774752378,5.68874454498291,5.68874454498291,504400,0.0,0.0
5.68874230295975,5.68874230295975,5.601491654141349,5.618941783905029,349200,0.0,0.0
5.671293698251247,5.671293698251247,5.5665928915143015,5.584043025970459,405200,0.0,0.0
5.636393386654168,5.775994461246222,5.601493118006155,5.706193923950195,242800,0.0,0.0
5.74109821784787,5.793448657524295,5.688747778171447,5.7236480712890625,290000,0.0,0.0
5.7236452785979175,5.7236452785979175,5.584044174241871,5.601494312286377,348800,0.0,0.0
5.6189431349436445,5.653843402862549,5.58404286702474,5.653843402862549,1194000,0.0,0.0
5.618943998418703,5.68874454498291,5.618943998418703,5.68874454498291,565200,0.0,0.0
5.68874230295975,5.68874230295975,5.584041524377668,5.618941783905029,126000,0.0,0.0
5.584043725136599,5.68874454498291,5.584043725136599,5.68874454498291,639200,0.0,0.0
5.706194681623963,5.723644818265014,5.647300470460412,5.68874454498291,685600,0.0,0.0
5.723644058274202,5.723644058274202,5.688743789626188,5.706193923950195,270000,0.0,0.0
5.706193923950195,5.758544326922215,5.706193923950195,5.706193923950195,468800,0.0,0.0
5.706194040992043,5.758544445037842,5.68874390631011,5.758544445037842,1267600,0.0,0.0
5.688744182644644,5.775994860292569,5.688744182644644,5.741094589233398,223600,0.0,0.0
5.706194040992043,5.758544445037842,5.636393502264312,5.758544445037842,430000,0.0,0.0
5.723646642253864,5.723646642253864,5.584045504637915,5.6363959312438965,480400,0.0,0.0
5.601491654141349,5.67129217319607,5.584041524377668,5.618941783905029,341600,0.0,0.0
5.584044174241871,5.653844726419894,5.566594036197365,5.601494312286377,746800,0.0,0.0
5.566593647003173,5.636394194301019,5.496793099705328,5.566593647003174,544800,0.0,0.0
5.5142404679329164,5.5142404679329164,5.339739187302128,5.409539699554443,488000,0.0,0.0
5.444439955680601,5.549140724059074,5.392089571491365,5.409539699554443,362000,0.0,0.0
5.409540579869197,5.444440841674805,5.374640318063589,5.444440841674805,408000,0.0,0.0
5.479343306979949,5.479343306979949,5.357192341537721,5.426992893218994,356000,0.0,0.0
5.392091274261475,5.44444167498246,5.392091274261475,5.392091274261475,225600,0.0,0.0
5.409541407835136,5.426991541408798,5.374641140687812,5.392091274261475,345600,0.0,0.0
5.409542498904448,5.531693458557128,5.3920923618112075,5.531693458557129,248000,0.0,0.0
5.514240741729735,5.56659112851831,5.479340483870687,5.514240741729736,309600,0.0,0.0
5.549140724059074,5.566590852122153,5.235038418923655,5.409539699554443,296400,0.0,0.0
5.444440024239676,5.549140793936593,5.374639511108398,5.374639511108398,660400,0.0,0.0
5.374641499488182,5.409541768965378,5.322291095272388,5.339741230010986,714000,0.0,0.0
5.409540579869197,5.444440841674805,5.322289925355178,5.444440841674805,606800,0.0,0.0
5.426989895956857,5.426989895956857,5.357189382825579,5.374639511108398,792800,0.0,0.0
5.374641499488182,5.39209163422678,5.339741230010986,5.339741230010986,776400,0.0,0.0
5.35719346842229,5.374643610013242,5.235042477285625,5.269942760467529,2578400,0.0,0.0
5.269941525097334,5.287391662597656,5.1652407000954,5.287391662597656,646000,0.0,0.0
5.269940967247135,5.322291374206543,5.269940967247135,5.322291374206543,874800,0.0,0.0
5.252492235501607,5.252492235501607,5.1826916742324824,5.235042095184326,639200,0.0,0.0
5.235042477285625,5.339743326831338,5.200142194103721,5.269942760467529,519600,0.0,0.0
5.322291095272388,5.357191364749585,5.30484096053379,5.339741230010986,483200,0.0,0.0
5.339742203617402,5.479343306979949,5.339742203617402,5.426992893218994,1155200,0.0,0.0
5.42699181586504,5.6014931604266165,5.42699181586504,5.584043025970459,1022000,0.0,0.0
5.584044174241871,5.618944450330883,5.54914389815286,5.601494312286377,528400,0.0,0.0
5.602193943221999,5.7247419357299805,5.602193943221999,5.7247419357299805,750800,0.0325,0.0
5.724740787788673,5.812275050598897,5.672220230102539,5.672220230102539,1064800,0.0,0.0
5.672219162215729,5.847287654876709,5.672219162215729,5.847287654876709,1486800,0.0,0.0
5.84728892306064,5.84728892306064,5.72474095161925,5.759754657745361,624000,0.0,0.0
5.759755647875118,5.777262503947687,5.707235079657412,5.7247419357299805,474800,0.0,0.0
5.759755236445566,5.759755236445566,5.654714107513428,5.654714107513428,558000,0.0,0.0
5.672220962335451,5.672220962335451,5.567179833403313,5.654714107513428,616000,0.0,0.0
5.672222696402282,5.812277577794931,5.654715836228201,5.79477071762085,775200,0.0,0.0
5.759754657745361,5.777261510808417,5.654713539367027,5.759754657745361,737600,0.0,0.0
5.7422501370986065,5.812277577794931,5.7422501370986065,5.79477071762085,396000,0.0,0.0
5.847289116985827,5.864795970629497,5.786015129232982,5.812275409698486,330000,0.0,0.0
5.8297861902933095,5.917320517474891,5.812279324856993,5.899813652038574,454000,0.0,0.0
5.934821901207198,5.934821901207198,5.794767107078415,5.847287654876709,480400,0.0,0.0
5.882301807403564,5.9348223592553815,5.864794956786292,5.8823018074035645,812000,0.0,0.0
5.899813652038574,5.917320517474891,5.864799921165941,5.899813652038574,864400,0.0,0.0
5.882301807403564,5.9348223592553815,5.882301807403564,5.8823018074035645,612000,0.0,0.0
5.93482300682851,6.004850416938581,5.899809301773474,5.969836711883545,462400,0.0,0.0
5.987345653910969,6.022359371185303,5.952331936636636,6.022359371185303,656800,0.0,0.0
6.022360278002789,6.109894584369108,6.022360278002789,6.057374000549316,234000,0.0,0.0
6.057371703671738,6.214933395385742,6.057371703671738,6.214933395385742,903600,0.0,0.0
6.249947104655521,6.2849608139252995,6.214933395385742,6.214933395385742,465200,0.0,0.0
6.232442517961774,6.232442517961774,6.12740135192871,6.127401351928711,819200,0.0,0.0
6.092387723095844,6.109894584369108,6.057374000549316,6.057374000549316,398000,0.0,0.0
6.074881924523248,6.074881924523248,5.987347602844238,5.987347602844238,500800,0.0,0.0
6.0223562835604385,6.057369982883464,5.934822035252874,6.004849433898926,824000,0.0,0.0
6.022360963848895,6.074881553649902,6.022360963848895,6.074881553649902,123600,0.0,0.0
6.074879947096802,6.127400523008302,6.022359371185303,6.022359371185303,732800,0.0,0.0
6.057374000549316,6.074880861822581,6.022360278002789,6.057374000549316,409600,0.0,0.0
6.022359371185303,6.057373088459635,6.004852512548136,6.022359371185303,344800,0.0,0.0
6.0223613315158415,6.0223613315158415,5.987347602844238,5.987347602844238,588800,0.0,0.0
6.004854844656472,6.022361710092788,5.899813652038574,5.899813652038574,186400,0.0,0.0
5.882305885428813,5.899812748183066,5.8297852971660555,5.8647990226745605,672400,0.0,0.0
5.9348223592553815,5.9348223592553815,5.864794956786292,5.8823018074035645,582000,0.0,0.0
5.864794956786292,5.899808658020836,5.864794956786292,5.8823018074035645,1028000,0.0,0.0
5.917315508638109,5.917315508638109,5.8297812555517465,5.8823018074035645,517600,0.0,0.0
5.847287654876709,5.899808202675002,5.7772602578123164,5.847287654876709,210000,0.0,0.0
5.829780851710927,5.829780851710927,5.707232905879166,5.7772603034973145,542000,0.0,0.0
5.759754463207502,5.864795578038034,5.707233905792236,5.707233905792236,758400,0.0,0.0
5.672222696402282,5.79477071762085,5.6372089760541195,5.79477071762085,621600,0.0,0.0
5.815854255746051,5.8509953690738215,5.710430915762739,5.7631425857543945,1248000,0.0375,0.0
5.763142404239343,5.868565740902258,5.763142404239343,5.815854072570801,616800,0.0,0.0
5.798282282693045,5.938846701667422,5.780711730321248,5.903705596923828,384000,0.0,0.0
5.903708868281424,5.921279430389404,5.886138306173444,5.921279430389404,1003200,0.0,0.0
5.956422588281463,6.009134292602539,5.938852020174439,6.009134292602539,506000,0.0,0.0
5.9739911167133455,5.9739911167133455,5.886138306173444,5.921279430389404,352800,0.0,0.0
5.938848773394626,5.938848773394626,5.710431512879447,5.728002071380615,514000,0.0,0.0
5.657718181610107,5.675288734969145,5.587435968173957,5.657718181610107,703600,0.0,0.0
5.622576960810909,5.710429725823579,5.605006407808375,5.692859172821045,378000,0.0,0.0
5.657719186011781,5.850995307273053,5.657719186011781,5.780713081359863,442800,0.0,0.0
5.8158525303677395,5.850993633270264,5.780711427465215,5.850993633270264,423200,0.0,0.0
5.8509928357284675,5.991557228178401,5.8509928357284675,5.956416130065918,704000,0.0,0.0
5.938847418291022,5.938847418291022,5.815853536847126,5.833424091339111,557200,0.0,0.0
5.868567401259694,5.8861379623413095,5.868567401259694,5.886137962341309,628800,0.0,0.0
5.886135044552031,5.903705596923828,5.850993939808436,5.903705596923828,181200,0.0,0.0
5.9037085234229245,5.9037085234229245,5.868567401259694,5.886137962341309,350000,0.0,0.0
5.9037052876240494,5.9037052876240494,5.850993633270264,5.850993633270264,390000,0.0,0.0
5.850995525237053,6.0267010965654935,5.850995525237053,5.991559982299805,1552800,0.0,0.0
6.026705045920576,6.079416751861573,5.991563908626579,6.079416751861572,972000,0.0,0.0
6.07941382625261,6.096984386444091,6.044272705869647,6.096984386444092,1296800,0.0,0.0
6.1145526720129935,6.1145526720129935,6.044270457392154,6.061841011047363,1084800,0.0,0.0
6.079411391554208,6.132123051018551,6.061840838399427,6.1145524978637695,490800,0.0,0.0
6.114557072173717,6.114557072173717,6.044274806976318,6.044274806976318,1262400,0.0,0.0
5.973989425166962,6.0267010965654935,5.938848310901273,5.991559982299805,662000,0.0,0.0
5.973991276173109,6.255120277404785,5.973991276173109,6.255120277404785,850800,0.0,0.0
6.272685372829437,6.395679203669229,6.272685372829437,6.32539701461792,636800,0.0,0.0
6.255115405194739,6.272685954085736,6.096980465175771,6.132121562957764,346400,0.0,0.0
6.132121562957765,6.184833209630754,6.132121562957765,6.132121562957764,555200,0.0,0.0
6.167267389297486,6.167267389297486,6.096985139846802,6.1496968269348145,400400,0.0,0.0
6.184832559035054,6.202403106077767,6.026697635650635,6.026697635650635,547600,0.0,0.0
6.061840612779964,6.1848344802856445,6.061840612779964,6.1848344802856445,646400,0.0,0.0
6.1848344802856445,6.1848344802856445,6.149693375284021,6.1848344802856445,309600,0.0,0.0
6.219975585287267,6.219975585287267,6.167263927784833,6.1848344802856445,239200,0.0,0.0
6.2375518696845615,6.2375518696845615,6.079416751861573,6.079416751861572,235600,0.0,0.0
5.973987806411016,5.991558358782814,5.868564492180234,5.903705596923828,762800,0.0,0.0
5.973986622938796,6.14969211184876,5.973986622938796,6.132121562957764,337600,0.0,0.0
6.096987133137664,6.149698837458739,5.973993156388489,6.009134292602539,394000,0.0,0.0
6.009134292602539,6.026704860709564,5.973993156388489,6.009134292602539,474400,0.0,0.0
6.0267010965654935,6.061842210831181,5.938848310901273,5.991559982299805,152800,0.0,0.0
6.009129350081735,6.096982118357784,5.991558796426525,6.061841011047363,828800,0.0,0.0
6.096980465175771,6.14969211184876,6.096980465175771,6.132121562957764,381600,0.0,0.0
6.044273012075852,6.044273012075852,5.868567401259694,5.886137962341309,280400,0.0,0.0
5.798284305385285,5.815854863886453,5.587437603371275,5.728002071380615,420800,0.0,0.0
5.71042955468554,5.763141212113406,5.71042955468554,5.745570659637451,353200,0.0,0.0
5.76314187337117,5.868565200323082,5.7280007643871995,5.833424091339111,434800,0.0,0.0
5.833424750794756,5.850995307273053,5.692860298968377,5.780713081359863,265200,0.0,0.0
5.798282490836249,5.798282490836249,5.692859172821045,5.692859172821045,449200,0.0,0.0
5.728000107161495,5.763141212113406,5.657717897257673,5.745570659637451,448400,0.0,0.0
5.780712427863155,5.868565200323082,5.7280007643871995,5.833424091339111,506400,0.0,0.0
5.886136482401592,5.903707039065478,5.74557202909051,5.7631425857543945,562000,0.0,0.0
5.710430735907885,5.8334246286812865,5.710430735907885,5.815854072570801,192800,0.0,0.0
5.763142524881566,5.868565863751351,5.763142524881566,5.780713081359863,185600,0.0,0.0
5.815854863886453,5.850995980888788,5.69286095437828,5.728002071380615,320400,0.0,0.0
5.692861885860049,5.692861885860049,5.605009078979492,5.605009078979492,591600,0.0,0.0
5.657718181610107,5.675288734969145,5.587435968173957,5.657718181610107,355600,0.0,0.0
5.657720631156756,5.657720631156756,5.60500894825778,5.64015007019043,469600,0.0,0.0
5.6225762367248535,5.6401467874646185,5.569864584505558,5.6225762367248535,1179600,0.0,0.0
5.657719186011781,5.833424750794756,5.657719186011781,5.780713081359863,564400,0.0,0.0
6.114555256402315,6.114555256402315,5.850996840178078,5.886137962341309,1536400,0.0,0.0
5.850994645831096,5.850994645831096,5.815853536847126,5.833424091339111,297600,0.0,0.0
5.798281978916477,5.868564184721525,5.798281978916477,5.850993633270264,354800,0.0,0.0
5.815855718014846,5.9037085234229245,5.815855718014846,5.886137962341309,393600,0.0,0.0
5.921277753768429,6.044271653698337,5.921277753768429,5.991559982299805,290400,0.0,0.0
6.01271915435791,6.065616976830267,5.995086546867125,6.01271915435791,285600,0.0375,0.0
6.100881809475778,6.1361470222473145,6.08324920309001,6.1361470222473145,248000,0.0,0.0
6.047981723571597,6.047981723571597,5.924553525131361,5.977451324462891,247200,0.0,0.0
6.01271725391996,6.083247661590576,6.01271725391996,6.083247661590576,250400,0.0,0.0
6.047985153198242,6.171413421630859,5.942189494541713,6.171413421630859,530800,0.0,0.0
6.100883832926022,6.136149057393802,6.030353383990461,6.118516445159912,630000,0.0,0.0
6.136146556629854,6.136146556629854,5.924555296056411,5.995085716247559,389600,0.0,0.0
6.030348737796624,6.030348737796624,5.8540227513113425,5.889287948608398,466000,0.0,0.0
5.906922691008623,6.0127183212953454,5.889290085960837,5.995085716247559,757600,0.0,0.0
5.995087397874459,5.995087397874459,5.9245569578994655,5.959822177886963,174400,0.0,0.0
6.01271915435791,6.118514799302624,5.977453939376339,6.01271915435791,210400,0.0,0.0
6.047981723571597,6.047981723571597,5.924553525131361,5.977451324462891,230000,0.0,0.0
5.942189567893214,6.030352617861956,5.9245569578994655,5.959822177886963,453600,0.0,0.0
5.995087397874459,6.012720007868208,5.871659127918221,5.959822177886963,320000,0.0,0.0
6.03035056556279,6.065615773548537,5.995085357577043,6.047983169555664,518400,0.0,0.0
6.012716425019642,6.0656142234802255,5.942186027072197,6.065614223480225,434400,0.0,0.0
6.012720262720472,6.030352873461587,5.871659376791546,5.924557209014893,313600,0.0,0.0
5.889292143622914,5.9069247548313655,5.783496476372203,5.836394309997559,821600,0.0,0.0
5.836390832324087,5.836390832324087,5.695330026709003,5.712962627410889,800400,0.0,0.0
5.607168872672392,5.854025363922119,5.607168872672392,5.854025363922119,518400,0.0,0.0
5.8187598044719175,5.8187598044719175,5.6776989607271435,5.765861988067627,412000,0.0,0.0
5.818759081913875,5.924554701585036,5.67769825568566,5.73059606552124,516800,0.0,0.0
5.765860429516545,5.78349303021843,5.695330026709003,5.712962627410889,485200,0.0,0.0
5.73059606552124,5.748228668799767,5.67769825568566,5.73059606552124,279200,0.0,0.0
5.730595824888247,5.748228427426365,5.677698017273894,5.695330619812012,265200,0.0,0.0
5.660064581758488,5.712962381588006,5.642431981815315,5.67769718170166,303600,0.0,0.0
5.695329781644833,5.712962381588006,5.624799381872141,5.67769718170166,469600,0.0,0.0
5.660066584323315,5.818760039958548,5.660066584323315,5.8011274337768555,1426800,0.0,0.0
5.995085716247559,6.030350926343132,5.942187901104198,5.995085716247559,1368400,0.0,0.0
5.977451226045919,6.083246822967086,5.977451226045919,6.065614223480225,1441600,0.0,0.0
6.065615059672922,6.1008802635082295,6.030349855837614,6.083247661590576,693200,0.0,0.0
6.083247661590576,6.118512865425884,6.065615059672922,6.083247661590576,443600,0.0,0.0
6.065618608458241,6.136149057393802,6.065618608458241,6.118516445159912,792400,0.0,0.0
6.136149057393802,6.153781669627692,6.100883832926022,6.118516445159912,378000,0.0,0.0
6.100881809475778,6.171412235018851,6.100881809475778,6.1361470222473145,337200,0.0,0.0
6.136147747150046,6.153780355618868,6.0832499217435805,6.100882530212402,343600,0.0,0.0
6.136146659525032,6.206677080898883,6.11851405418157,6.18904447555542,468400,0.0,0.0
6.171411870211958,6.206677080898883,6.171411870211958,6.18904447555542,274400,0.0,0.0
6.1890460314069475,6.1890460314069475,6.171413421630859,6.171413421630859,267600,0.0,0.0
6.206678741714434,6.241943961837812,6.189046131652746,6.224311351776123,556800,0.0,0.0
6.224308608607813,6.277206415479834,6.1890434040264655,6.206676006317139,566000,0.0,0.0
6.206677426113171,6.2948404577340975,6.1714122134648015,6.277207851409912,637200,0.0,0.0
6.312471272885634,6.330103874206544,6.294838671564724,6.330103874206543,282400,0.0,0.0
6.25957727432251,6.2948424984032,6.22431205024182,6.25957727432251,310400,0.0,0.0
6.277206070243815,6.347736475527453,6.2595734689229054,6.330103874206543,326000,0.0,0.0
6.330106884746229,6.347739494453043,6.241943836212158,6.241943836212158,256000,0.0,0.0
6.2595765718995,6.2595765718995,6.153780911529368,6.224311351776123,225600,0.0,0.0
6.171413521591057,6.224311351776123,6.13614830146768,6.224311351776123,386400,0.0,0.0
6.206675895455838,6.330104109285926,6.189043293480111,6.294838905334473,460800,0.0,0.0
6.277207851409912,6.277207851409912,6.206677426113171,6.277207851409912,752800,0.0,0.0
6.2948424984032,6.312475110443545,6.22431205024182,6.25957727432251,212400,0.0,0.0
6.206678641183036,6.224311250959124,6.171413421630859,6.171413421630859,186800,0.0,0.0
6.206675895455838,6.330104109285926,6.206675895455838,6.294838905334473,490000,0.0,0.0
6.294838671564724,6.330103874206544,6.241940867601995,6.330103874206543,233200,0.0,0.0
6.330105670382467,6.4182687020033935,6.259575245085727,6.277207851409912,506800,0.0,0.0
6.312473064058282,6.347738276706653,6.259575245085727,6.277207851409912,492800,0.0,0.0
6.277207851409912,6.2948404577340975,6.241942638761541,6.277207851409912,637200,0.0,0.0
6.330103874206544,6.330103874206544,6.277206070243815,6.330103874206543,1329600,0.0,0.0
6.365369210477736,6.488797422315254,6.365369210477736,6.4535322189331055,416800,0.0,0.0
6.471168680085662,6.541699128914933,6.365373006841755,6.383005619049072,571200,0.0,0.0
6.383002760690018,6.383002760690018,6.312472343444825,6.312472343444824,390400,0.0,0.0
6.330104007095588,6.453532218933106,6.312471405404514,6.4535322189331055,826800,0.0,0.0
6.4535314135513095,6.612224808966506,6.4535314135513095,6.576959609985352,778400,0.0,0.0
6.59818705587053,6.615876565403695,6.5628080368042,6.562808036804199,587600,0.0375,0.0
6.59819310806893,6.59819310806893,6.527435005033338,6.545124530792236,226400,0.0,0.0
6.598186492919922,6.775081573159062,6.5804969848960075,6.598186492919922,647600,0.0,0.0
6.651259471972783,6.828154670695463,6.545122352739175,6.792775630950928,695600,0.0,0.0
6.722016956495202,6.916601657867432,6.722016956495202,6.916601657867432,768000,0.0,0.0
6.8458422646118,6.934289839089989,6.8458422646118,6.881221294403076,427600,0.0,0.0
6.86353062462869,6.86353062462869,6.739704041194667,6.775083065032959,478800,0.0,0.0
6.757394409179687,6.757394409179687,6.668946838378906,6.722015380859375,388800,0.0,0.0
6.7927759564112105,6.7927759564112105,6.668949311372464,6.686638832092285,350800,0.0,0.0
6.722017873531927,6.722017873531927,6.6335702699328225,6.686638832092285,560000,0.0,0.0
6.651258091238094,6.651258091238094,6.5981895426377895,6.615879058837891,356800,0.0,0.0
6.651257802327474,6.651257802327474,6.580499740600586,6.633568286895752,464400,0.0,0.0
6.580498232449398,6.668945789337158,6.509740186939189,6.668945789337158,476000,0.0,0.0
6.722015380859375,6.792773437499999,6.668946838378906,6.722015380859375,680000,0.0,0.0
6.8281532532391065,6.8281532532391065,6.562810510237587,6.615879058837891,556800,0.0,0.0
6.651256084442139,6.668945595305017,6.624721818147822,6.651256084442139,257600,0.0,0.0
6.651259471972783,6.828154670695463,6.651259471972783,6.792775630950928,678800,0.0,0.0
6.8458444963802,7.058118744329973,6.8458444963802,7.005050182342529,1201200,0.0,0.0
7.075803049929856,7.111182065179506,6.934286988931259,6.969666004180908,994400,0.0,0.0
6.951981662523629,7.146566390991211,6.951981662523629,7.146566390991211,896400,0.0,0.0
7.111184311859661,7.128873825073242,6.987357719364592,7.128873825073242,517600,0.0,0.0
7.128876870221431,7.164255911760992,7.05811878714231,7.146566390991211,620800,0.0,0.0
7.093496424213686,7.093496424213686,7.005048837876857,7.058117389678955,941600,0.0,0.0
7.093496799468994,7.111186317672159,7.0404282448595,7.093496799468994,256000,0.0,0.0
7.128875835875323,7.146565354078487,7.093496799468994,7.093496799468994,514800,0.0,0.0
7.093494895643788,7.181942462921143,7.093494895643788,7.181942462921143,314800,0.0,0.0
7.217319488525391,7.288077522726621,7.146561454324162,7.217319488525391,546400,0.0,0.0
7.217321587075231,7.288079641850479,7.164253045993796,7.235011100769043,475600,0.0,0.0
7.288084134533631,7.288084134533631,7.111188888549805,7.111188888549805,441200,0.0,0.0
7.111187349451651,7.235013994840112,7.04042926637253,7.146566390991211,373600,0.0,0.0
7.146565354078487,7.199633908687981,7.093496799468994,7.093496799468994,605600,0.0,0.0
7.146565183808532,7.146565183808532,6.951980488209784,6.987359523773193,818400,0.0,0.0
7.022738355144223,7.093496424213686,6.969669803342126,7.058117389678955,1210000,0.0,0.0
7.075808307912091,7.146566390991211,7.075808307912091,7.146566390991211,618400,0.0,0.0
7.181946054319056,7.25270414352417,7.164256532017777,7.25270414352417,422000,0.0,0.0
7.252702033462156,7.35883913639087,7.2350125163073695,7.323460102081299,558000,0.0,0.0
7.358838368611163,7.358838368611163,7.32345933799284,7.341148853302002,406000,0.0,0.0
7.341146048377542,7.341146048377542,7.217319488525391,7.217319488525391,638800,0.0,0.0
7.217324474070332,7.217324474070332,7.120032109836541,7.146566390991211,798400,0.0,0.0
7.181945388967342,7.235013950954785,7.00505018234253,7.005050182342529,930400,0.0,0.0
7.058115772218917,7.128873825073242,7.058115772218917,7.128873825073242,722400,0.0,0.0
7.199631778001786,7.199631778001786,7.058115674257279,7.075805187225342,505200,0.0,0.0
7.0758034201229325,7.217319488525391,7.0758034201229325,7.217319488525391,405600,0.0,0.0
7.217326036140101,7.252705085336865,7.111188888549805,7.111188888549805,380800,0.0,0.0
7.128875458748418,7.128875458748418,7.022738355144223,7.058117389678955,683200,0.0,0.0
7.058117201579875,7.075806718375814,6.996203892794086,7.0404276847839355,993200,0.0,0.0
7.058117201579875,7.058117201579875,6.969669617600177,7.0404276847839355,747200,0.0,0.0
7.005050841747063,7.058119408729995,6.987361319419419,7.022740364074707,1074400,0.0,0.0
7.005048651192056,7.075806718375814,6.987359134396116,7.0404276847839355,1834000,0.0,0.0
7.04042926637253,7.146566390991211,7.02273974560275,7.146566390991211,362400,0.0,0.0
7.128873825073242,7.181942364713986,7.128873825073242,7.128873825073242,433600,0.0,0.0
7.093499363951422,7.146567937746569,7.093499363951422,7.111188888549805,185200,0.0,0.0
7.093496235171754,7.146564785559573,7.022738167987995,7.0404276847839355,246800,0.0,0.0
7.058114270810728,7.181940836965302,7.040424761360075,7.164251327514648,335200,0.0,0.0
7.1819404714247765,7.217319488525391,7.111182437223547,7.217319488525391,352400,0.0,0.0
7.217325098921613,7.25270414352417,7.111187965113942,7.25270414352417,388400,0.0,0.0
7.270388069335354,7.447283156180497,7.25269856065084,7.394214630126953,447200,0.0,0.0
7.464977264404297,7.5357353427398825,7.447287744820401,7.464977264404297,1386400,0.0,0.0
7.535733412802918,7.624180988070558,7.535733412802918,7.553422927856445,470400,0.0,0.0
7.553422927856446,7.553422927856446,7.500354382695862,7.553422927856445,976800,0.0,0.0
7.5180466726141155,7.553425715779358,7.500357151031493,7.500357151031494,301200,0.0,0.0
7.482665896970173,7.7126296243002255,7.482665896970173,7.606492519378662,764400,0.0,0.0
7.624181075479792,7.694939136505126,7.553423014454458,7.694939136505127,616000,0.0,0.0
7.712633605475898,7.871839345038474,7.712633605475898,7.85414981842041,691600,0.0,0.0
7.836452919120877,7.836452919120877,7.659557819366455,7.659557819366455,727200,0.0,0.0
7.627632141113281,7.663109499909157,7.5566774235215295,7.627632141113281,454000,0.0375,0.0
7.609888379922323,7.663104382579122,7.556672377265523,7.6453657150268555,296000,0.0,0.0
7.663109935413708,7.805019378662109,7.663109935413708,7.805019378662109,478800,0.0,0.0
7.698586743906003,7.769541460439699,7.698586743906003,7.734064102172852,230400,0.0,0.0
7.751801866440957,7.929188636840063,7.751801866440957,7.85823392868042,356400,0.0,0.0
7.893712581994707,8.337179580983173,7.8759739020351685,8.26622486114502,594400,0.0,0.0
8.319436992629099,8.55890905958111,8.266220977750875,8.372653007507324,1274800,0.0,0.0
8.283960012289194,8.762904167175293,8.283960012289194,8.762904167175293,874000,0.0,0.0
8.745168338031888,8.745168338031888,8.408133452793336,8.461349487304688,1071600,0.0,0.0
8.443609326951046,8.461348002007666,8.319438601554708,8.337177276611328,732000,0.0,0.0
8.372654626724568,8.372654626724568,8.301699926498088,8.337177276611328,621600,0.0,0.0
8.266223750867342,8.425871849060059,8.266223750867342,8.425871849060059,748800,0.0,0.0
8.42587122937295,8.461348581917678,8.372655200555858,8.408132553100586,354000,0.0,0.0
8.443614935105847,8.443614935105847,8.248489379882812,8.248489379882812,466400,0.0,0.0
8.195269584655762,8.195269584655762,7.893712045826437,8.195269584655762,501600,0.0,0.0
8.301702499389648,8.425873263269407,8.230747777172642,8.301702499389648,1048800,0.0,0.0
8.319439469722278,8.319439469722278,8.053359316106427,8.088836669921875,1096000,0.0,0.0
8.159790123086669,8.177528797267293,7.982403381280437,8.05335807800293,938000,0.0,0.0
8.07109799301415,8.106575346829597,7.8759725470291935,8.088836669921875,1194800,0.0,0.0
8.19527331936744,8.283966753559728,8.053363824659778,8.248489379882812,1308000,0.0,0.0
8.283960921496089,8.354915618896484,8.213006224095695,8.354915618896484,612800,0.0,0.0
8.354915618896484,8.408131641946781,8.159790201045398,8.354915618896484,734800,0.0,0.0
8.372653007507324,8.3903916791334,8.21300496287265,8.372653007507324,695600,0.0,0.0
8.372653630520778,8.390392303466797,8.337176284628741,8.390392303466797,804800,0.0,0.0
8.390392675582788,8.390392675582788,8.283960633186389,8.319437980651855,1149200,0.0,0.0
8.319440901023635,8.319440901023635,8.195270141306864,8.26622486114502,483600,0.0,0.0
8.266220121610242,8.266220121610242,8.177526772665926,8.213004112243652,809600,0.0,0.0
8.230747501225942,8.354918260942712,8.177531461347325,8.26622486114502,700000,0.0,0.0
8.266225475825896,8.354918882218877,8.230748113268703,8.283964157104492,486800,0.0,0.0
8.319444127236643,8.319444127236643,8.177534632528982,8.248489379882812,935200,0.0,0.0
8.266223728396486,8.266223728396486,8.106575630637757,8.124314308166504,808800,0.0,0.0
8.159794396367566,8.248487813719388,8.142055712897202,8.230749130249023,672400,0.0,0.0
8.23074461198819,8.319437980651855,8.213005938255456,8.319437980651855,434000,0.0,0.0
8.283960633186389,8.337176654384589,8.266221959453656,8.319437980651855,791200,0.0,0.0
8.319437980651855,8.319437980651855,8.23074461198819,8.319437980651855,309600,0.0,0.0
8.319438601554708,8.372654626724568,8.283961251441468,8.337177276611328,558400,0.0,0.0
8.354915951667948,8.354915951667948,8.283961251441468,8.337177276611328,681600,0.0,0.0
8.408133119718798,8.532303861993126,8.408133119718798,8.479087829589844,556800,0.0,0.0
8.479085037263774,8.479085037263774,8.337175664255174,8.372653007507324,250000,0.0,0.0
8.319444127236643,8.372660187752016,8.230750693044355,8.248489379882812,440400,0.0,0.0
8.283961251441468,8.408131976837808,8.266222576384848,8.337177276611328,365600,0.0,0.0
8.319437980651855,8.354915328117322,8.266221959453656,8.319437980651855,384400,0.0,0.0
8.35491495757476,8.408130976412815,8.301698938736704,8.390392303466797,472400,0.0,0.0
8.390397136861628,8.585522651672363,8.372658453697015,8.585522651672363,358400,0.0,0.0
8.585520020779413,8.674213409423828,8.496826632134997,8.674213409423828,644000,0.0,0.0
8.674214026392724,8.70969138437388,8.638736668411566,8.6919527053833,447600,0.0,0.0
8.656474347530466,8.798383763063752,8.656474347530466,8.74516773223877,442400,0.0,0.0
8.72742858037323,8.94029269208965,8.72742858037323,8.922554016113281,588400,0.0,0.0
8.92255714129042,8.92255714129042,8.674215590638202,8.70969295501709,696800,0.0,0.0
8.74516773223877,8.74516773223877,8.638735670588805,8.74516773223877,604800,0.0,0.0
8.727426822368914,8.79838151198167,8.674210805159348,8.762904167175293,585600,0.0,0.0
8.798384666442871,8.798384666442871,8.745168630153902,8.798384666442871,218400,0.0,0.0
8.816125048153754,8.816125048153754,8.691954272827646,8.70969295501709,444400,0.0,0.0
8.709690378355448,8.869338470830394,8.709690378355448,8.74516773223877,331200,0.0,0.0
8.727428907417206,8.922554350469216,8.727428907417206,8.904815673828125,444800,0.0,0.0
9.29506784772116,9.29506784772116,8.887078228450957,8.94029426574707,1132400,0.0,0.0
8.922553891576388,8.97576991876273,8.86933786439005,8.900381088256836,1022400,0.0,0.0
8.869341582306161,8.869341582306161,8.56778396850775,8.585522651672363,1298800,0.0,0.0
8.585520631439833,8.727430063364457,8.532304594468098,8.6919527053833,960800,0.0,0.0
8.709689854594414,8.709689854594414,8.461348392345286,8.620996475219727,468400,0.0,0.0
8.479087258190042,8.496825934462407,8.283961819194037,8.408132553100586,950800,0.0,0.0
8.496827985486412,8.550044027149168,8.266225138281145,8.301702499389648,746000,0.0,0.0
8.30169849687906,8.30169849687906,8.017879744849008,8.106573104858398,1081200,0.0,0.0
8.130770427578097,8.148562047769735,8.006229086236639,8.095187187194824,1363200,0.0425,0.0
8.148564631197631,8.4688138961792,8.130773005365324,8.4688138961792,608400,0.0,0.0
8.468816170014142,8.468816170014142,8.237524972093587,8.379858016967773,629200,0.0,0.0
8.344267845153809,8.379851076902865,8.237518149906638,8.344267845153809,483200,0.0,0.0
8.362060805498542,8.504393755379368,8.29089433055813,8.39764404296875,891200,0.0,0.0
8.39764693160365,8.415438556458742,7.952856310226338,7.988439559936523,1327200,0.0,0.0
8.024025917053223,8.05960918054348,7.917276126582448,8.024025917053223,1583600,0.0,0.0
8.05960918054348,8.184150602759384,7.970651021817835,8.024025917053223,346000,0.0,0.0
8.006234308935989,8.024025940733624,7.792734727364362,7.881692886352539,562000,0.0,0.0
7.792730682774593,8.112979888916016,7.7571474376477685,8.112979888916016,847600,0.0,0.0
8.077400824100913,8.077400824100913,7.899484506389439,7.952859401702881,881200,0.0,0.0
8.006226937502424,8.130768245419128,7.988435322085753,8.059601783752441,623200,0.0,0.0
8.148562935007599,8.255312667780624,8.13077131287876,8.21972942352295,491200,0.0,0.0
8.219733341484313,8.451024539404868,8.219733341484313,8.379858016967773,968800,0.0,0.0
8.397646656442195,8.468813153530688,8.326480159353702,8.36206340789795,896400,0.0,0.0
8.362059461028338,8.43322592452645,8.273101381655696,8.344267845153809,1352800,0.0,0.0
8.326483125139953,8.379858016967773,8.326483125139953,8.379858016967773,535200,0.0,0.0
8.39764404296875,8.468810517909162,8.344269186763439,8.39764404296875,505200,0.0,0.0
8.362062400553649,8.362062400553649,8.21972942352295,8.21972942352295,320400,0.0,0.0
8.255313375721807,8.308688246685525,8.130772010139797,8.184146881103516,508400,0.0,0.0
8.219727161711297,8.273102013410721,8.041810989379883,8.041810989379883,567200,0.0,0.0
8.05960286766422,8.237519045758352,8.05960286766422,8.077394485473633,508000,0.0,0.0
8.059604824363412,8.273104289909462,7.970646713719223,8.21972942352295,417600,0.0,0.0
8.184147617847623,8.344272245153338,8.130772742079051,8.290897369384766,464400,0.0,0.0
8.29090202495616,8.451026742176344,8.273110389709473,8.273110389709473,396400,0.0,0.0
8.32647999662122,8.32647999662122,8.184147005225986,8.20193862915039,380800,0.0,0.0
8.237520217895508,8.290895078918588,8.184145356872426,8.237520217895508,502800,0.0,0.0
8.255313293326335,8.32647978723432,8.201938422895346,8.308688163757324,568800,0.0,0.0
8.362060933990156,8.504393886058073,8.362060933990156,8.415435791015625,575600,0.0,0.0
8.379857662396555,8.415440922109491,8.290899513114212,8.326482772827148,355600,0.0,0.0
8.344271620545625,8.36206324447003,8.148563757377177,8.20193862915039,489200,0.0,0.0
8.201936464164252,8.201936464164252,7.988437033426789,8.166353225708008,706800,0.0,0.0
8.25531660270286,8.451024539404868,8.25531660270286,8.379858016967773,672400,0.0,0.0
8.379852424233645,8.486602136644265,8.255311093087924,8.39764404296875,584800,0.0,0.0
8.433227360248566,8.539977073669434,8.397644122441609,8.539977073669434,416800,0.0,0.0
8.468812613378194,8.557770729064941,8.468812613378194,8.557770729064941,821200,0.0,0.0
8.539976289000693,8.539976289000693,8.37985173358193,8.433226585388184,450800,0.0,0.0
8.415435661703853,8.468810517909162,8.344269186763439,8.39764404296875,487600,0.0,0.0
8.397649292253023,8.397649292253023,8.255316253401276,8.326482772827148,436400,0.0,0.0
8.273106719448359,8.628939266521407,8.273106719448359,8.57556438446045,564400,0.0,0.0
8.557771347187183,8.646729469299316,8.539979722764755,8.646729469299316,311600,0.0,0.0
8.664521463078223,8.700104713439941,8.646729837897364,8.700104713439941,65200,0.0,0.0
8.7001032371521,8.895811080932617,8.7001032371521,8.895811080932617,464000,0.0,0.0
8.860224825591438,9.020349370632248,8.842433209475793,9.002557754516602,607600,0.0,0.0
8.966976676400252,9.144892880297082,8.966976676400252,9.038143157958984,490000,0.0,0.0
9.002562645154121,9.091520774058806,8.966979393592247,9.020354270935059,828800,0.0,0.0
9.002558577886903,9.038141813372622,8.931392106915466,8.984766960144043,477600,0.0,0.0
8.949185947418211,8.984769191741943,8.789061347961425,8.895811080932617,621200,0.0,0.0
8.98476861343232,9.020351855465716,8.895810508348832,8.949185371398926,572000,0.0,0.0
8.949188091494293,8.949188091494293,8.771271827249874,8.789063453674316,807200,0.0,0.0
8.789059738318125,8.789059738318125,8.539977073669434,8.539977073669434,747200,0.0,0.0
8.57556438446045,8.664522521228712,8.557772757106799,8.57556438446045,656800,0.0,0.0
8.62894083114656,8.646732461726243,8.468816155929407,8.522191047668457,526800,0.0,0.0
8.451026742176344,8.451026742176344,8.201943848722724,8.273110389709473,855200,0.0,0.0
8.379854022682487,8.433228889069,8.21972942352295,8.21972942352295,742800,0.0,0.0
8.255313335217927,8.486604441592569,8.255313335217927,8.451021194458008,1298000,0.0,0.0
8.486602267049584,8.522185505066563,8.379852552998646,8.415435791015625,1550000,0.0,0.0
8.308693660202847,8.433235106929656,8.219735483969412,8.273110389709473,766400,0.0,0.0
8.219730413720962,8.41543828071432,8.166355540904592,8.36206340789795,476000,0.0,0.0
8.362066032540087,8.575565590817705,8.290899513114212,8.326482772827148,823600,0.0,0.0
8.397644172007135,8.522185505066563,8.362060933990156,8.415435791015625,772400,0.0,0.0
8.39764404296875,8.504393755379368,8.308685949293233,8.39764404296875,532400,0.0,0.0
8.397649647577047,8.415441278186321,8.290899863921407,8.379858016967773,438000,0.0,0.0
8.38627690311082,8.38627690311082,8.154316052599244,8.172159194946289,433200,0.0425,0.0
8.190000098092217,8.190000098092217,8.029411860874722,8.118627548217773,912000,0.0,0.0
8.118633011640128,8.421966552734375,8.065103563211732,8.421966552734375,961200,0.0,0.0
8.350590705871582,8.404120133473324,8.297061278269842,8.350590705871582,677600,0.0,0.0
8.314907834447663,8.332750984306992,8.207848935291684,8.279221534729004,827200,0.0,0.0
8.279218049028554,8.314904333722643,8.065100340864022,8.172159194946289,980800,0.0,0.0
8.136475856008094,8.207848451236234,8.118632707201058,8.1900053024292,380000,0.0,0.0
8.207847294713527,8.207847294713527,8.065102124370684,8.154317855834961,292800,0.0,0.0
8.190006745828166,8.20784989777986,7.9045163146010395,7.922359466552734,985200,0.0,0.0
7.868827756022063,7.886670902861115,7.601180553436278,7.601180553436279,772800,0.0,0.0
7.6190256143991775,7.636868765720955,7.404907798537842,7.422750949859619,1276800,0.0,0.0
7.494119852075079,7.565492422094842,7.476276709570139,7.529806137084961,1936000,0.0,0.0
7.565493910400956,7.8866705386726945,7.565493910400956,7.7082390785217285,1616000,0.0,0.0
7.743924205247746,7.761767348577809,7.58333591527717,7.67255163192749,1394400,0.0,0.0
7.636869595267555,7.850987434387206,7.636869595267555,7.850987434387207,1546400,0.0,0.0
7.850981974761758,7.975883960723877,7.850981974761758,7.975883960723877,2071200,0.0,0.0
7.975887516744776,8.1900053024292,7.975887516744776,8.1900053024292,1660800,0.0,0.0
8.11863009908558,8.154316385235406,8.047257526785927,8.06510066986084,671200,0.0,0.0
8.029415884188243,8.029415884188243,7.975886444960321,7.993729591369629,1414400,0.0,0.0
8.011575217814173,8.207849889074653,8.011575217814173,8.100790977478027,447600,0.0,0.0
8.100786956010667,8.11863009908558,7.975884954486273,8.06510066986084,891200,0.0,0.0
7.993727771475846,8.172159194946289,7.993727771475846,8.172159194946289,382400,0.0,0.0
8.136476335854365,8.4576530333223,8.136476335854365,8.279221534729004,704000,0.0,0.0
8.29705970302509,8.529020511926866,8.29705970302509,8.404118537902832,698800,0.0,0.0
8.386280191891549,8.760986328125,8.386280191891549,8.760986328125,1503200,0.0,0.0
8.743140528216564,8.832356247892244,8.67176795247602,8.796669960021973,1016400,0.0,0.0
8.814509688830766,8.832352825852691,8.618235181589595,8.707450866699219,540000,0.0,0.0
8.81451391269585,9.082161096279732,8.81451391269585,8.93941593170166,799600,0.0,0.0
8.921571863376029,8.921571863376029,8.743140426108507,8.778826713562012,745600,0.0,0.0
8.707453309997055,8.832355304197833,8.60039445782496,8.636080741882324,682000,0.0,0.0
8.653922118913108,8.975098609924316,8.653922118913108,8.975098609924316,1069200,0.0,0.0
8.975103672314066,9.046476266129686,8.957260523860162,9.028633117675781,1084400,0.0,0.0
9.064320093939411,9.207065292269167,9.064320093939411,9.153535842895508,992000,0.0,0.0
9.153533149311562,9.349807739257812,9.153533149311562,9.349807739257812,772400,0.0,0.0
9.331964003782142,9.331964003782142,9.064316852622042,9.082159996032715,484000,0.0,0.0
9.082157351499434,9.117843627929688,9.064314213284309,9.117843627929688,826000,0.0,0.0
9.100004703767837,9.100004703767837,8.832357506598196,8.850200653076172,530000,0.0,0.0
8.743141132270646,8.939415729117536,8.707454841934846,8.903729438781738,323600,0.0,0.0
8.903729438781738,9.010788309789135,8.86804314844594,8.903729438781738,602000,0.0,0.0
8.939414623171784,9.207061767578125,8.939414623171784,9.207061767578125,638800,0.0,0.0
9.135691839433365,9.189221283805045,8.88588776569886,9.171378135681152,544800,0.0,0.0
9.135690004770993,9.439023461960655,9.135690004770993,9.349807739257812,1174000,0.0,0.0
9.349805513407583,9.349805513407583,9.207060391065482,9.296276092529297,1091200,0.0,0.0
9.331961952688124,9.510393347576997,9.331961952688124,9.385491371154785,906400,0.0,0.0
9.331965844590478,9.474711020033544,9.278436403799327,9.403338432312012,1310800,0.0,0.0
9.456866503217707,9.474709647563401,9.296278204106464,9.331964492797852,832800,0.0,0.0
9.31412468173287,9.421183586120605,9.31412468173287,9.421183586120605,847600,0.0,0.0
9.385494635240088,9.456867218017578,9.278435761073851,9.456867218017578,420400,0.0,0.0
9.456869887583183,9.572850367336562,9.421183586120605,9.421183586120605,363600,0.0,0.0
9.403338432312012,9.421181579242395,9.278436403799327,9.403338432312012,333200,0.0,0.0
9.43902262606362,9.43902262606362,9.207061767578125,9.207061767578125,820800,0.0,0.0
9.135687313988095,9.385491263979956,9.082157896132696,9.367648124694824,993200,0.0,0.0
9.296280686030542,9.49255532623464,9.278437536921079,9.43902587890625,845200,0.0,0.0
9.367654133926738,9.421183586120605,9.31412468173287,9.421183586120605,430000,0.0,0.0
9.474710863772954,9.56392659695349,9.421181423864633,9.546083450317383,628800,0.0,0.0
9.581769743589598,9.599612890225705,9.510397157045169,9.546083450317383,825200,0.0,0.0
9.617455536333372,9.867259576238135,9.617455536333372,9.795886993408203,581200,0.0,0.0
9.849411525865541,9.920784073154422,9.74235270493222,9.77803897857666,365600,0.0,0.0
9.795887194181745,9.902946070620889,9.6888283177426,9.831573486328125,438400,0.0,0.0
9.831575574576306,9.831575574576306,9.653144075945157,9.688830375671387,283200,0.0,0.0
9.724516675397616,9.760202975123846,9.653144075945157,9.688830375671387,357600,0.0,0.0
9.724512950462453,9.81372866560431,9.67098352137734,9.706669807434082,519200,0.0,0.0
9.635298628090483,9.72451435612836,9.599612336875333,9.61745548248291,716400,0.0,0.0
9.677559849014855,9.677559849014855,9.49867704219388,9.516565322875977,413200,0.0425,0.0
9.445011116865743,9.445011116865743,9.266128330561468,9.284016609191895,1114800,0.0,0.0
9.28401798713138,9.337682830987632,9.123023455562628,9.248241424560547,1180800,0.0,0.0
9.301905733867757,9.337682294382633,9.212464332580566,9.212464332580566,828800,0.0,0.0
9.2482461241486,9.2482461241486,9.123028091519897,9.176692962646484,549200,0.0,0.0
9.176686704975285,9.176686704975285,9.069357035911247,9.140910148620605,372800,0.0,0.0
9.123027078036603,9.337686538696289,9.069362212871683,9.337686538696289,520000,0.0,0.0
9.212469543397543,9.212469543397543,9.105139801144368,9.176692962646484,759600,0.0,0.0
9.19458044232346,9.19458044232346,9.051474131937102,9.087250709533691,918800,0.0,0.0
9.051467147676071,9.069355422671478,8.92624922270822,9.033578872680664,1020400,0.0,0.0
9.015692480148807,9.03358075887926,8.729480020461544,8.872586250305176,770000,0.0,0.0
8.908362807766084,9.051469037609715,8.818921414113813,8.872586250305176,615600,0.0,0.0
8.836811371000389,9.087247320785824,8.818923088872857,9.051470756530762,852800,0.0,0.0
9.069357035911247,9.140910148620605,9.015692201379228,9.140910148620605,656800,0.0,0.0
9.337684508292906,9.462902499783423,9.301907939295615,9.427125930786133,1409600,0.0,0.0
9.427120343439997,9.498673439025879,9.373455521750584,9.498673439025879,824000,0.0,0.0
9.552343464252232,9.713338017020527,9.552343464252232,9.623896598815918,947600,0.0,0.0
9.641783291222648,9.713336413977547,9.641783291222648,9.677559852600098,902800,0.0,0.0
9.677557737624952,9.71333429118364,9.606004630507577,9.695446014404297,636000,0.0,0.0
9.731223850075258,9.784888687483761,9.677559012666755,9.749112129211426,383600,0.0,0.0
9.713332383752727,9.981656482751422,9.695444110486148,9.945879936218262,372800,0.0,0.0
9.910107936399102,9.927996217872746,9.623895432820788,9.641783714294434,402400,0.0,0.0
9.659671571911373,9.767001256043722,9.606006729845198,9.677559852600098,449600,0.0,0.0
9.641784882456841,9.695449733379606,9.588120031534075,9.623896598815918,245600,0.0,0.0
9.5881188698735,9.695448558715366,9.570230588399854,9.641783714294434,288800,0.0,0.0
9.570230272278858,9.659671676692678,9.570230272278858,9.588118553161621,376400,0.0,0.0
9.588117156001704,9.659670269106195,9.445010929792724,9.462899208068848,267600,0.0,0.0
9.462904136274114,9.606010437011719,9.37346269831311,9.606010437011719,350800,0.0,0.0
9.606006616895849,9.62389489737424,9.445012092590332,9.445012092590332,467200,0.0,0.0
9.445006419778098,9.445006419778098,9.301900261902672,9.355565071105957,519600,0.0,0.0
9.337684508292906,9.445014215284779,9.319796223794262,9.427125930786133,877600,0.0,0.0
9.480790234683605,9.623896502376942,9.480790234683605,9.552343368530273,654400,0.0,0.0
9.606010244892211,9.856446266174316,9.570233670423338,9.856446266174316,559200,0.0,0.0
9.838552228639045,9.945881889315109,9.677557737624952,9.695446014404297,631200,0.0,0.0
9.731223850075258,9.856441804028433,9.659670733530588,9.749112129211426,475200,0.0,0.0
9.731227137107217,9.874333418535263,9.713338851928711,9.713338851928711,477200,0.0,0.0
9.731227137107217,9.749115422285723,9.695450566750203,9.713338851928711,336800,0.0,0.0
9.713333056790987,9.802774429321289,9.713333056790987,9.802774429321289,527200,0.0,0.0
9.802775675080358,9.802775675080358,9.695446014404297,9.695446014404297,415200,0.0,0.0
9.713333056790987,9.838550978333412,9.641779958766744,9.802774429321289,806800,0.0,0.0
9.80278027782124,9.80278027782124,9.677562281571698,9.713338851928711,534800,0.0,0.0
9.731228450157122,9.731228450157122,9.570233861827317,9.606010437011719,374400,0.0,0.0
9.62388911712238,9.62388911712238,9.355565071105957,9.355565071105957,902000,0.0,0.0
9.445010929792724,9.480787486344969,9.35556953841211,9.462899208068848,666000,0.0,0.0
9.44501262160967,9.480789184570312,9.373459495688385,9.480789184570312,1358000,0.0,0.0
9.552341991396093,9.659671676692678,9.53445371051333,9.588118553161621,1353200,0.0,0.0
9.55234230692621,9.641783714294434,9.534454025452565,9.641783714294434,648400,0.0,0.0
9.802775675080358,9.802775675080358,9.659669460845608,9.695446014404297,1120000,0.0,0.0
9.695448133288822,9.695448133288822,9.659671571911373,9.677559852600098,1467600,0.0,0.0
9.695446014404297,9.731222567962984,9.677557737624952,9.695446014404297,574000,0.0,0.0
9.659669460845608,9.695446014404297,9.588116353728234,9.695446014404297,548000,0.0,0.0
9.65966843599811,9.802774635049936,9.641780161116634,9.784886360168457,557200,0.0,0.0
9.784888687483761,9.856441804028433,9.731223850075258,9.749112129211426,714800,0.0,0.0
9.731224691061149,9.80277781378954,9.516565322875977,9.516565322875977,291200,0.0,0.0
9.552342310491598,9.552342310491598,9.373459495688385,9.480789184570312,1126800,0.0,0.0
9.480788653547114,9.534453494982287,9.427123812111942,9.445012092590332,520000,0.0,0.0
9.409235200216603,9.409235200216603,9.212464121885077,9.230352401733398,854800,0.0,0.0
9.28401965479697,9.462902499783423,9.28401965479697,9.427125930786133,1239600,0.0,0.0
9.498675764621092,9.516564042897215,9.427122651516601,9.462899208068848,552000,0.0,0.0
9.462900050935291,9.58811801002139,9.355570371718633,9.39134693145752,534800,0.0,0.0
9.445010061482437,9.445010061482437,9.337680401692863,9.373456954956055,1032400,0.0,0.0
9.409237195124858,9.641784882456841,9.409237195124858,9.623896598815918,716000,0.0,0.0
9.588115944581874,9.731222152709961,9.570227668565863,9.731222152709961,1012400,0.0,0.0
9.665948135702141,9.719747475975065,9.612148795429215,9.648015022277832,2206800,0.0425,0.0
9.594216689852331,9.719748497009277,9.55835045923606,9.719748497009277,1538400,0.0,0.0
9.755615911289858,9.791482146257835,9.648017206385925,9.70181655883789,880000,0.0,0.0
9.701817740334405,9.719750860002305,9.558352782991198,9.683884620666504,560000,0.0,0.0
9.612152824188744,9.665952187010696,9.594219703248093,9.630085945129395,718000,0.0,0.0
9.612147485508638,9.75561237335205,9.576281263547786,9.75561237335205,354400,0.0,0.0
9.648013252702036,9.66594636283717,9.540414591891233,9.558347702026367,455200,0.0,0.0
9.522483248029436,9.522483248029436,9.325218999953497,9.414884567260742,638000,0.0,0.0
9.450749616659188,9.468682727886245,9.343150949296843,9.432816505432129,478000,0.0,0.0
9.48661526148583,9.648013252702036,9.361083490539894,9.558347702026367,524400,0.0,0.0
9.52248317952806,9.540416292860503,9.307285819538723,9.343152046203613,297200,0.0,0.0
9.325218932871168,9.361085159536058,9.271419592873835,9.343152046203613,247200,0.0,0.0
9.307289378743777,9.307289378743777,8.912760734558105,8.912760734558105,770800,0.0,0.0
8.912757209777832,9.074155227661132,8.733426078796386,8.966556549072266,943600,0.0,0.0
8.984489844185966,9.414884567260742,8.984489844185966,9.414884567260742,1032000,0.0,0.0
9.414883097544683,9.432816208206672,9.271418212248763,9.379016876220703,1220000,0.0,0.0
9.379021098581457,9.379021098581457,9.181756792492747,9.271422386169434,816800,0.0,0.0
9.253484725952148,9.271417835886163,9.181752286216085,9.253484725952148,528400,0.0,0.0
9.27142074994491,9.289353865515404,8.930691554105543,9.020357131958008,860000,0.0,0.0
8.894825264542758,8.984490841806293,8.841025918184636,8.948624610900879,649600,0.0,0.0
8.948624669676036,9.0382902475285,8.930691554105543,9.020357131958008,1160400,0.0,0.0
9.020356464762934,9.09208892173918,9.002423350518871,9.074155807495117,841200,0.0,0.0
9.092089207092766,9.18175478112721,9.074156092285875,9.127955436706543,236000,0.0,0.0
9.11001998244433,9.181752423250979,9.074153762041007,9.163819313049316,759200,0.0,0.0
9.163818446409357,9.235550880432129,9.163818446409357,9.235550880432129,500000,0.0,0.0
9.217619170707442,9.432816505432129,9.217619170707442,9.432816505432129,758000,0.0,0.0
9.576286810547558,9.701818660124024,9.55835368917949,9.612153053283691,634400,0.0,0.0
9.648018649050323,9.73768424987793,9.648018649050323,9.73768424987793,581600,0.0,0.0
9.683879929430345,9.773545484332478,9.648013707469492,9.75561237335205,782400,0.0,0.0
9.791483610374492,9.791483610374492,9.683884889381366,9.73768424987793,393200,0.0,0.0
9.701818009546887,9.73768424987793,9.683884889381366,9.73768424987793,262800,0.0,0.0
9.73767809386647,9.79147742035192,9.701811876209504,9.773544311523438,491600,0.0,0.0
9.773544829331978,9.809411048889158,9.701812390217615,9.80941104888916,867200,0.0,0.0
9.809411048889158,9.84527726844634,9.737678609774797,9.80941104888916,692800,0.0,0.0
9.791479402552536,9.8452787399292,9.773546290093648,9.8452787399292,359600,0.0,0.0
9.88114270390691,9.952875137329102,9.88114270390691,9.952875137329102,472400,0.0,0.0
9.970812349763822,10.024611696974778,9.970812349763822,10.006678581237793,656400,0.0,0.0
10.024608475096683,10.132207134936719,10.024608475096683,10.114274024963379,662800,0.0,0.0
10.114278341771858,10.168077694653622,10.114278341771858,10.150144577026367,507200,0.0,0.0
10.16807321840095,10.20393943786621,10.132206998935692,10.203939437866211,412800,0.0,0.0
10.186010466681585,10.365341636869642,10.186010466681585,10.329475402832031,611600,0.0,0.0
10.311540092681298,10.32947320588596,10.275673866271973,10.275673866271973,499600,0.0,0.0
10.275672014723433,10.275672014723433,10.114274024963379,10.114274024963379,405600,0.0,0.0
10.042542019772783,10.132207573520756,9.997709242898798,10.078408241271973,622000,0.0,0.0
10.078407156404364,10.221872026958163,10.060474047585139,10.168072700500488,345200,0.0,0.0
10.132209651132033,10.132209651132033,9.934945392437427,9.988744735717773,588000,0.0,0.0
9.97080986050592,9.988742971765822,9.845278081686601,9.899077415466309,476000,0.0,0.0
9.845275756684451,9.970807505858934,9.773543328584747,9.934941291809082,380400,0.0,0.0
9.899075812262458,9.988741354040197,9.791477162129171,9.952875137329102,611200,0.0,0.0
9.917016554817105,10.0963477764232,9.917016554817105,10.024615287780762,312800,0.0,0.0
10.006676016006878,10.114274682845661,9.970809793727284,10.06047534942627,468400,0.0,0.0
10.096340697634536,10.132206916809082,10.096340697634536,10.132206916809082,262000,0.0,0.0
10.096341352021566,10.15014068427035,10.060475130522379,10.078408241271973,519200,0.0,0.0
10.060474047585139,10.168072700500488,10.060474047585139,10.168072700500488,412000,0.0,0.0
10.239802568070012,10.383267402648926,10.239802568070012,10.383267402648926,505200,0.0,0.0
10.383276977015605,10.580541306458043,10.383276977015605,10.455009460449219,642400,0.0,0.0
10.490875702166026,10.56260818559964,10.401210097874008,10.455009460449219,772000,0.0,0.0
10.437074661254883,10.472940897204213,10.383275307330889,10.437074661254883,717200,0.0,0.0
10.437070703587702,10.562602481809549,10.365338258889505,10.52673625946045,639600,0.0,0.0
10.544669370634999,10.598468704158647,10.472936925936802,10.52673625946045,927600,0.0,0.0
10.52673625946045,10.52673625946045,10.490870037111351,10.52673625946045,1062400,0.0,0.0
10.490865602331647,10.580531120300293,10.472932498737917,10.580531120300293,502000,0.0,0.0
10.544667980666881,10.652266633530829,10.544667980666881,10.562601089477539,640800,0.0,0.0
10.562606487077536,10.562606487077536,10.34740907138156,10.437074661254883,976000,0.0,0.0
10.464402198791504,10.572282633830591,10.464402198791504,10.464402198791504,641200,0.0475,0.0
10.464400052193565,10.464400052193565,10.284599364011545,10.32055950164795,410400,0.0,0.0
10.320563860121384,10.39248416576683,10.320563860121384,10.374504089355469,664400,0.0,0.0
10.356521037473517,10.60824203491211,10.32056089498229,10.60824203491211,790000,0.0,0.0
10.608238990796428,10.770059585571289,10.608238990796428,10.770059585571289,698400,0.0,0.0
10.770063133110217,10.788043205118747,10.572282341016372,10.590262413024902,430800,0.0,0.0
10.626218843625079,10.644198909350333,10.374497923471523,10.392477989196777,796400,0.0,0.0
10.39248403024757,10.39248403024757,10.140762963770985,10.266623497009277,1048000,0.0,0.0
10.26662069090998,10.374501118485217,10.26662069090998,10.302580833435059,843200,0.0,0.0
10.320563680048776,10.320563680048776,10.176723071267608,10.230663299560547,276000,0.0,0.0
10.212680256261235,10.212680256261235,10.122779901892738,10.158740043640137,338800,0.0,0.0
10.14075390050109,10.230654201037447,10.104793780286547,10.212674140930176,582000,0.0,0.0
10.176720114513836,10.194700185387536,10.158740043640137,10.158740043640137,426800,0.0,0.0
10.158733960608362,10.266614321251991,10.086813720179276,10.212674140930176,585600,0.0,0.0
10.248643420832378,10.266623497009277,10.176723116124784,10.266623497009277,550400,0.0,0.0
10.28460664569207,10.590268032015086,10.28460664569207,10.48238754272461,890400,0.0,0.0
10.50036116340237,10.626221656799316,10.464401022431813,10.626221656799316,713600,0.0,0.0
10.536318581679772,10.608238845035949,10.428438186645508,10.428438186645508,749600,0.0,0.0
10.41046268123013,10.41046268123013,10.19470179664505,10.284602165222168,909600,0.0,0.0
10.266622190674145,10.410462781786919,10.158741747339565,10.356522560119629,740800,0.0,0.0
10.356521763752417,10.626222851350136,10.3385416912459,10.464402198791504,1368800,0.0,0.0
10.464403003454208,10.464403003454208,10.338542486230532,10.356522560119629,732800,0.0,0.0
10.41046345487554,10.518343905185132,10.140762329101562,10.140762329101562,628400,0.0,0.0
10.212684671502364,10.320565143384432,10.212684671502364,10.248644828796387,769600,0.0,0.0
10.248642731391662,10.28460288132637,10.068841981718125,10.104802131652832,786000,0.0,0.0
10.032881831783417,10.104802131652832,9.99692168184871,10.104802131652832,985200,0.0,0.0
10.140759972766437,10.176720114513836,10.03287954752424,10.158740043640137,666400,0.0,0.0
10.176721821228663,10.374502634008724,10.176721821228663,10.356522560119629,712000,0.0,0.0
10.392483305807984,10.536323905196328,10.37450323088444,10.446423530578613,1154000,0.0,0.0
10.5363175905173,10.662178039550781,10.5363175905173,10.662178039550781,894000,0.0,0.0
10.60824066400528,10.967842042446136,10.590260595083237,10.93188190460205,990800,0.0,0.0
10.931884562174478,10.931884562174478,10.752083829243977,10.788043975830078,858800,0.0,0.0
10.824001991885831,10.967842549917536,10.824001991885831,10.949862480163574,496000,0.0,0.0
10.967845701749006,11.165626525878906,10.967845701749006,11.165626525878906,386400,0.0,0.0
11.147639622763982,11.32744026184082,11.147639622763982,11.32744026184082,554000,0.0,0.0
11.327447622594699,11.507248378508901,11.291487471411859,11.48926830291748,508000,0.0,0.0
11.579164265086815,11.633104471290636,11.435323715209961,11.435323715209961,749600,0.0,0.0
11.453303783944568,11.489263921413782,11.399363577740747,11.435323715209961,337600,0.0,0.0
11.471286824345588,11.507246971130371,11.399366530776025,11.507246971130371,462000,0.0,0.0
11.543206581255285,11.794927597045898,11.543206581255285,11.794927597045898,363200,0.0,0.0
11.794929821796153,11.794929821796153,11.669069290161133,11.669069290161133,556800,0.0,0.0
11.705027782862754,11.920788663652852,11.705027782862754,11.848868370056152,1084800,0.0,0.0
11.848861387244355,12.280382894518809,11.848861387244355,12.172502517700195,575600,0.0,0.0
12.136548383912045,12.262408885671132,12.010687882152956,12.046648025512695,1001600,0.0,0.0
12.082607325884993,12.11856746673584,11.974726903332447,12.11856746673584,536800,0.0,0.0
12.154532641085522,12.334333419799805,12.154532641085522,12.334333419799805,178000,0.0,0.0
12.298367674454399,12.53210858054783,12.208467325956924,12.406248092651367,648400,0.0,0.0
12.370289723912457,12.550090446643743,11.992708206176758,11.992708206176758,565200,0.0,0.0
11.866845731382016,11.866845731382016,11.597144692032424,11.651084899902344,1081200,0.0,0.0
11.705031627982988,12.028673055484823,11.705031627982988,11.920792579650879,703600,0.0,0.0
11.363407819393831,11.54320857602981,11.363407819393831,11.525228500366211,1231600,0.0,0.0
11.507248606630395,11.705029442056853,11.417348226891093,11.669069290161133,841200,0.0,0.0
11.597147388993024,11.633107535935638,11.507247021636488,11.543207168579102,903200,0.0,0.0
11.507248238176341,11.525228313548492,11.381387710571287,11.381387710571289,687600,0.0,0.0
11.399365607272372,11.417345679208134,11.201584815979004,11.201584815979004,677200,0.0,0.0
11.165622265009251,11.183602333068848,11.003801652472886,11.183602333068848,896800,0.0,0.0
11.183606600799807,11.237546825562507,11.147646450958007,11.165626525878906,716000,0.0,0.0
11.039761161495067,11.14764156372466,11.039761161495067,11.093701362609863,864000,0.0,0.0
11.039764168557156,11.291485175657808,11.003804024685634,11.201584815979004,541200,0.0,0.0
11.255522344373937,11.345422682587786,11.237542276731167,11.309462547302246,580000,0.0,0.0
11.723008105938252,11.723008105938252,11.561187441899227,11.687047958374023,1226400,0.0,0.0
11.6510875582695,11.669067631661893,11.471286824345588,11.507246971130371,246400,0.0,0.0
11.489268349039016,11.54320857602981,11.489268349039016,11.525228500366211,207600,0.0,0.0
11.525224414872534,11.651084899902344,11.507244345582562,11.651084899902344,284000,0.0,0.0
11.606392284664945,11.714526374273625,11.588369936396832,11.642436981201172,264400,0.0475,0.0
11.64243849473668,11.876729052680298,11.606393793514586,11.696505546569824,400000,0.0,0.0
11.678485171895632,11.678485171895632,11.408149866990641,11.516283988952637,316000,0.0,0.0
11.552321193331764,11.552321193331764,11.119784986405145,11.35407543182373,560400,0.0,0.0
11.462211608886719,11.516278644777694,11.390122227698752,11.462211608886719,1194800,0.0,0.0
11.570347597000195,11.768593428101443,11.408146462462808,11.552325248718262,494800,0.0,0.0
11.498252933408008,11.678476333618166,11.390118893281914,11.678476333618164,698400,0.0,0.0
11.696500942111015,11.768590316176414,11.480232819914818,11.534299850463867,621200,0.0,0.0
11.570347597000195,11.696504034973717,11.480235855590536,11.552325248718262,804000,0.0,0.0
11.408146462462808,11.570347597000195,11.318034721053149,11.552325248718262,1167200,0.0,0.0
11.516277892567288,11.642434301406054,11.444188516087994,11.570344924926758,627600,0.0,0.0
11.624412734387656,11.75056915166008,11.624412734387656,11.73254680633545,551600,0.0,0.0
11.678485171895632,11.678485171895632,11.390127513330308,11.516283988952637,826800,0.0,0.0
11.480232433091885,11.570344147637346,11.354076032728237,11.498254776000977,695600,0.0,0.0
11.4982598730234,11.768595136495737,11.480237522125243,11.71452808380127,692000,0.0,0.0
11.678476333618166,11.78661037374426,11.678476333618166,11.678476333618164,608800,0.0,0.0
11.606393793514586,11.768594949014012,11.57034909229249,11.696505546569824,781600,0.0,0.0
11.67847975245062,11.67847975245062,11.426166918292736,11.462211608886719,740800,0.0,0.0
11.480236278491075,11.534303325328551,11.209901044303686,11.227923393249512,692800,0.0,0.0
11.22792264149321,11.281989684710673,11.047699164101665,11.06572151184082,958400,0.0,0.0
10.993632496177375,11.1197889346581,10.777364315924705,11.101766586303711,1679600,0.0,0.0
11.101763025114808,11.498254561726052,11.101763025114808,11.390120506286621,1145200,0.0,0.0
11.354076032728237,11.534299461819161,11.245941975273682,11.498254776000977,768800,0.0,0.0
11.534301383937118,11.76859188079834,11.534301383937118,11.76859188079834,693600,0.0,0.0
11.804636572623144,11.98486003174716,11.76859188079834,11.76859188079834,813600,0.0,0.0
11.804640237846552,11.804640237846552,11.606394371256762,11.66046142578125,726800,0.0,0.0
11.696502876281738,11.930793380737304,11.696502876281738,11.89474868774414,538800,0.0,0.0
11.948816901759097,11.96683925002721,11.642436981201172,11.642436981201172,809200,0.0,0.0
11.624415537593224,11.930795481994906,11.606393187922537,11.912773132324219,922800,0.0,0.0
11.91277500960204,12.183110297263205,11.894752657091296,12.002886772155762,701200,0.0,0.0
12.00288181161522,12.11101588199013,11.966837121490249,11.984859466552734,475200,0.0,0.0
12.020902844807368,12.129036903381348,11.894746443137725,12.129036903381348,488800,0.0,0.0
12.093001184890518,12.111023541350862,11.984867046128457,12.074978828430176,663200,0.0,0.0
12.074971407565013,12.435418315253521,12.074971407565013,12.36332893371582,1190000,0.0,0.0
12.363328194857669,12.615641015160888,12.30926116193555,12.56157398223877,1218400,0.0,0.0
12.561576268874184,12.633665659226402,12.462453357139882,12.597620964050293,938400,0.0,0.0
12.525531768798828,12.723777595355356,12.417397681586177,12.525531768798828,625200,0.0,0.0
12.471464725192503,12.615643508142705,12.399375333717401,12.525531768798828,503200,0.0,0.0
12.525527341917613,12.525527341917613,12.309259243927668,12.381348609924316,735200,0.0,0.0
12.309260796138219,12.651685327802387,12.309260796138219,12.615640640258789,685600,0.0,0.0
12.47145672862836,12.57959074650664,12.453434392315312,12.489479064941406,796000,0.0,0.0
12.489486122131348,12.489486122131348,12.219150924682618,12.435419082641602,1129600,0.0,0.0
12.435416357051691,12.435416357051691,12.183103561401367,12.183103561401367,784800,0.0,0.0
12.111016845703125,12.255195617675781,12.092994499206542,12.165083885192871,632400,0.0,0.0
12.129042784138878,12.237176895141602,12.002886321302366,12.237176895141602,486000,0.0,0.0
12.201129923264185,12.2732193171978,12.092995832363764,12.111018180847168,673600,0.0,0.0
12.147058876308465,12.219148246494271,12.129036533762013,12.183103561401367,1022800,0.0,0.0
12.219147729319195,12.417393488939418,12.219147729319195,12.399371147155762,1107600,0.0,0.0
12.417389719689218,12.507501401254453,12.381345047063126,12.489479064941406,836000,0.0,0.0
12.489489369309705,12.489489369309705,12.39937761339838,12.471467018127441,740400,0.0,0.0
12.489484233856201,12.615640640258789,12.489484233856201,12.615640640258789,487600,0.0,0.0
12.651686290984458,12.705753326416016,12.651686290984458,12.705753326416016,794800,0.0,0.0
12.687730392390378,12.70575273669775,12.56157398223877,12.56157398223877,734000,0.0,0.0
12.687726494986252,12.9039945602417,12.669704156214964,12.9039945602417,1066400,0.0,0.0
12.9039945602417,12.9039945602417,12.723771172528826,12.9039945602417,551200,0.0,0.0
12.940038525166605,13.012127876281738,12.777837485157553,13.012127876281738,927200,0.0,0.0
13.012125622979527,13.120259630926725,12.922013949690195,13.066192626953125,1159600,0.0,0.0
13.12026687665174,13.138289221262527,12.687730605992893,12.759819984436035,1630400,0.0,0.0
12.867957476273322,12.994113922119139,12.79586807864714,12.99411392211914,1335200,0.0,0.0
13.012125622979527,13.174326634900323,12.922013949690195,13.066192626953125,1390800,0.0,0.0
13.084219114550987,13.084219114550987,12.849928689634785,12.922018051147461,1308400,0.0,0.0
12.913351215635027,12.913351215635027,12.570199225289482,12.642441749572754,1606000,0.0475,0.0
12.786931793302255,12.895295622059054,12.335415840148928,12.335415840148926,1728400,0.0,0.0
12.335411566059763,12.335411566059763,11.703289450668708,11.847774505615234,1502400,0.0,0.0
11.992254327222287,12.443769926891802,11.974193703235507,12.299284934997559,1352400,0.0,0.0
12.317355202022794,12.570204135788657,12.190930735139862,12.335415840148926,787200,0.0,0.0
12.335413537202058,12.335413537202058,12.10062528539587,12.19092845916748,1355200,0.0,0.0
12.15481078969261,12.497962951660156,12.118689509485499,12.497962951660156,621600,0.0,0.0
12.497956059699835,12.642441100852434,12.407652908979461,12.425713539123535,596800,0.0,0.0
12.40765460750513,12.40765460750513,12.227048281340572,12.353472709655762,1469200,0.0,0.0
12.497962367376628,12.497962367376628,12.245113417747621,12.263174057006836,452000,0.0,0.0
12.263173056914743,12.281233694701069,12.208991143555767,12.245112419128418,476800,0.0,0.0
12.1548107094153,12.1548107094153,11.685234069824217,11.685234069824219,763600,0.0,0.0
11.739411759883799,11.901957461174499,11.649108592500077,11.883896827697754,562000,0.0,0.0
12.028381422726824,12.389594078063965,11.974199524426252,12.389594078063965,1304800,0.0,0.0
12.24511015518852,12.49795903744905,12.20898888629416,12.461837768554688,1021600,0.0,0.0
12.47989247703281,12.786923116844036,12.425710599419064,12.696619987487793,1083600,0.0,0.0
12.714685491467199,12.804988655469097,12.66050359306606,12.732746124267578,551200,0.0,0.0
12.732741239230291,12.786923116844036,12.606316858131551,12.696619987487793,628000,0.0,0.0
12.696621723254855,12.9855917767002,12.696621723254855,12.949470520019531,705200,0.0,0.0
12.985598656737688,13.20232631164847,12.931416743009992,13.021719932556152,959200,0.0,0.0
13.093955546742205,13.148137431763207,12.841106749977527,12.949470520019531,740400,0.0,0.0
12.985594749450684,13.021716014400477,12.931412852025995,12.985594749450684,472000,0.0,0.0
12.985598517659646,13.057841068522842,12.931416604512249,12.967537879943848,562400,0.0,0.0
13.003651799382391,13.364864349365234,13.003651799382391,13.364864349365234,685200,0.0,0.0
13.346812847048737,13.437116046284519,13.16620644857717,13.202327728271484,889600,0.0,0.0
13.130084445943002,13.310690834470416,13.075902529384777,13.292630195617676,731200,0.0,0.0
13.32874292402125,13.43710668763118,13.148136651338037,13.31068229675293,981600,0.0,0.0
13.382930755615234,14.087295532226562,13.382930755615234,14.087295532226562,818000,0.0,0.0
13.978930673109211,13.978930673109211,13.527414824494572,13.70802116394043,1568400,0.0,0.0
13.708024796744844,13.83444926786107,13.6177216030904,13.635782241821289,572800,0.0,0.0
13.49129708692313,13.708024750970086,13.45517580958197,13.617721557617188,775200,0.0,0.0
13.689957726629157,13.780260877860218,13.400987642689755,13.726078987121582,546400,0.0,0.0
13.83443690948092,13.996982512856022,13.762194419091985,13.978921890258789,595600,0.0,0.0
13.978930673109211,13.978930673109211,13.599657360272916,13.70802116394043,677600,0.0,0.0
13.81638656008429,13.996992920346829,13.81638656008429,13.942811012268066,602400,0.0,0.0
13.906679399869855,13.996982512856022,13.83443690948092,13.978921890258789,481600,0.0,0.0
13.978927810568559,13.978927810568559,13.653836466136731,13.726078987121582,687600,0.0,0.0
13.798326821333395,13.996993830541074,13.798326821333395,13.924751281738281,573200,0.0,0.0
13.852502366931168,14.015048027038574,13.726077964625407,14.015048027038574,494000,0.0,0.0
13.99699506305513,13.99699506305513,13.581600370861235,13.65384292602539,868800,0.0,0.0
13.726083850610287,13.906690217065686,13.653841304028129,13.762205123901367,484000,0.0,0.0
13.798325367462942,14.123416802822016,13.798325367462942,14.087295532226562,689200,0.0,0.0
14.033118588149929,14.213725004985834,13.960876021415565,14.177603721618652,701600,0.0,0.0
14.159544155682404,14.340150586239577,14.0511802973481,14.231786727905273,451400,0.0,2.0
14.376262022524465,14.448504545250717,14.123413192982577,14.159534454345703,589000,0.0,0.0
13.870566823374688,14.376264572143556,13.870566823374688,14.376264572143555,544400,0.0,0.0
14.340144917934756,14.412387461601934,14.1956598306004,14.267902374267578,417200,0.0,0.0
14.340143304374351,14.448507107681966,14.231779501066736,14.376264572143555,298400,0.0,0.0
14.304020568614698,14.340141832676856,14.087292984241747,14.195656776428223,439600,0.0,0.0
14.159544155682404,14.376271872351012,14.0511802973481,14.231786727905273,721800,0.0,0.0
14.231779501066736,14.376264572143556,14.19565823329753,14.376264572143555,2882000,0.0,0.0
14.412387473494917,14.629115104675291,14.376266201631521,14.629115104675293,529000,0.0,0.0
14.701350364685057,14.954199142456053,14.44850158691406,14.448501586914062,862000,0.0,0.0
14.592992178758784,14.7013559820664,14.376264572143556,14.376264572143555,564000,0.0,0.0
14.592993655447232,14.954206369690976,14.556872384022858,14.918085098266602,429200,0.0,0.0
15.062576045160709,15.207061187080717,14.845848332280699,14.954212188720703,672800,0.0,0.0
15.026448912539724,15.134812726812848,14.881963826842227,14.918085098266602,442400,0.0,0.0
14.737483638347966,14.77360492177529,14.592998504638672,14.592998504638672,814000,0.0,0.0
14.665228123758354,14.737470626831055,14.466561240308424,14.737470626831055,645400,0.0,0.0
14.737472868313755,14.881957896434479,14.629109097223212,14.845836639404297,603800,0.0,0.0
15.026448912539724,15.062570183964098,14.773600012569105,14.918085098266602,792400,0.0,0.0
14.629114714643903,14.773599798245323,14.41238708924177,14.48462963104248,620600,0.0,0.0
14.520754217514263,14.737481892402535,14.37626910092208,14.665239334106445,672600,0.0,0.0
14.665227114184477,14.936136482057343,14.340135872737038,14.430438995361328,583600,0.0,0.0
14.374691824218138,14.465212553589788,14.085025490228855,14.410900115966797,547000,0.06,0.0
14.519523360089558,14.84539794921875,14.338481921684451,14.84539794921875,664600,0.0,0.0
14.772971619950965,14.772971619950965,14.284160058996704,14.465201377868652,693000,0.0,0.0
14.410893416757066,14.736767891005341,14.37468514184059,14.700559616088867,501800,0.0,0.0
14.700564939242144,15.062647819519043,14.628148363186764,15.062647819519043,448200,0.0,0.0
15.06264537064826,15.243686781353167,14.881603959943353,15.08074951171875,312200,0.0,0.0
15.15316236406457,15.297995457150014,15.008329270979127,15.044537544250488,604800,0.0,0.0
15.008333912349881,15.279896045866465,14.954021485646566,15.207479476928711,425200,0.0,0.0
15.31609550688515,15.352303770494807,14.881596343569258,14.954012870788574,494000,0.0,0.0
15.026429683894703,15.243679269685952,14.809180098103454,15.171262741088867,373000,0.0,0.0
15.22557513753668,15.388512326880118,15.098846212491786,15.171262741088867,429800,0.0,0.0
15.18937533469427,15.334208472569783,15.080750481287637,15.207479476928711,428400,0.0,0.0
15.352299912733322,15.44282054901123,15.207466894688668,15.44282054901123,636000,0.0,0.0
15.569562486639605,15.605770771492255,15.334208635097378,15.424729347229004,741800,0.0,0.0
15.388519218832462,16.02216412784321,15.207477816257962,15.67818546295166,721000,0.0,0.0
15.786810770983942,15.82301905256877,15.279894828796385,15.279894828796387,748400,0.0,0.0
15.243690220192873,15.38852338142986,15.062648768646639,15.189377784729004,409400,0.0,0.0
15.116954993538618,15.696287400476624,15.080746718104992,15.623870849609375,453400,0.0,0.0
15.696293974256182,15.71439811955521,15.515252521265916,15.533356666564941,578200,0.0,0.0
15.533354321408526,15.53788035704996,14.700563763384292,15.261792182922363,1386800,0.0,0.0
15.334203853538153,15.424724537443337,15.00832939147949,15.008329391479492,716400,0.0,0.0
15.080740513807369,15.207469425688103,14.772970299239871,14.899699211120605,697000,0.0,0.0
14.899702606990099,14.954015010174752,14.664348859856597,14.881598472595215,1226600,0.0,0.0
15.026434938210528,15.0445390766903,14.51951906077692,14.73676872253418,914200,0.0,0.0
14.664352129740886,15.044539036808242,14.338477637968866,15.026434898376465,1594000,0.0,0.0
15.062637661617547,15.15315832064169,14.628138498301656,14.954012870788574,717000,0.0,0.0
14.954023497775921,15.171273233821092,14.809190340412474,14.917815208435059,271200,0.0,0.0
14.881607330807263,14.990232201835052,14.79108660495077,14.80919075012207,385800,0.0,0.0
14.77297490900213,15.026432811852658,14.77297490900213,14.935912132263184,453800,0.0,0.0
15.00833467509519,15.135063677176815,14.6100435256958,14.6100435256958,538600,0.0,0.0
14.4652055755085,14.573830398353369,13.976393872706586,14.066914558410645,805800,0.0,0.0
14.266063124322526,14.374687970446809,14.085021714115387,14.157438278198242,679800,0.0,0.0
14.22984750737849,14.266055770756044,13.940181400358062,14.048806190490723,526600,0.0,0.0
14.374688211582049,14.374688211582049,13.903980537147373,13.958292961120605,804800,0.0,0.0
13.958295548962008,14.193649429813508,13.92208725960024,14.030712127685547,597000,0.0,0.0
13.86777023824056,14.01260334777832,13.541895741780598,13.578104019165039,522000,0.0,0.0
13.578101876494172,14.085017679883288,13.197915023952335,13.940184593200684,850000,0.0,0.0
13.940185358826545,14.284163958589797,13.903977085167256,14.139330863952637,634400,0.0,0.0
14.175543652674197,14.284168508250243,13.88587737113807,14.211751937866211,771400,0.0,0.0
14.284166431427002,14.320374711354573,14.066916751861571,14.12122917175293,501400,0.0,0.0
13.903976031190133,14.175538063049316,13.77724708298918,14.175538063049316,667400,0.0,0.0
14.193643569946289,14.37468494201193,14.048810472293775,14.193643569946289,532800,0.0,0.0
14.085016806218842,14.48330776989084,14.085016806218842,14.356578826904297,968600,0.0,0.0
14.320375547384668,14.410896252488238,13.95829272697039,14.157438278198242,531200,0.0,0.0
13.94018317862464,14.46520306457284,13.632412900655005,14.085016250610352,691600,0.0,0.0
14.030703124457858,14.19364032203221,13.92207832607496,14.012598991394043,493000,0.0,0.0
14.085014453868276,14.302264034133596,13.940181400358062,14.048806190490723,674400,0.0,0.0
14.048810472293775,14.501413902457879,14.048810472293775,14.193643569946289,539600,0.0,0.0
14.06691267150648,14.537620174027932,14.06691267150648,14.356578826904297,448200,0.0,0.0
14.465208569609864,14.555729274050476,14.121229892735537,14.320375442504883,338000,0.0,0.0
14.320379386595148,14.465212553589788,14.320379386595148,14.410900115966797,404400,0.0,0.0
14.266063019840516,14.591937555826721,14.266063019840516,14.320375442504883,623800,0.0,0.0
14.284169741693486,14.410898750808638,14.247961453374872,14.26606559753418,597000,0.0,0.0
14.229854011535643,14.338478851318358,13.795354652404784,14.12122917175293,450200,0.0,0.0
14.229849322596062,14.229849322596062,13.759141838642503,14.085016250610352,655400,0.0,0.0
14.012607983004662,14.211753574494393,13.958295548962008,14.030712127685547,292000,0.0,0.0
14.320372680995776,14.591934741950185,14.266060268804894,14.573830604553223,783800,0.0,0.0
14.646249743768402,14.772978727954285,14.483312478386553,14.51952075958252,507800,0.0,0.0
14.591935360506646,14.736768465821848,14.392789840698242,14.392789840698242,524600,0.0,0.0
14.39279460664933,14.501419471605175,14.193649020896949,14.26606559753418,1387600,0.0,0.0
14.266063019840516,14.35658372428113,14.193646456288027,14.320375442504883,592800,0.0,0.0
14.392798862529798,14.392798862529798,14.157444918865789,14.284173965454102,594200,0.0,0.0
14.139330087389265,14.229850766565892,13.813455642353404,13.940184593200684,674400,0.0,0.0
13.940190449357033,14.048815310001373,13.795357301831245,13.903982162475586,583200,0.0,0.0
13.993273474407436,14.410712242126465,13.95697445112752,14.410712242126465,924800,0.06,0.0
14.338116746762323,14.592209954932795,14.319967231893004,14.574060440063477,534000,0.0,0.0
14.501461580864287,14.519611094732705,14.283667414443297,14.428863525390625,648000,0.0,0.0
14.50145435333252,14.574052372623296,14.374407819573662,14.50145435333252,527000,0.0,0.0
14.50146779687597,14.882607751487228,14.42886971028335,14.846308708190918,595200,0.0,0.0
15.082243901711923,15.100393413025655,14.555908073613672,14.701104164123535,784400,0.0,0.0
14.737403336490493,15.082244054955172,14.737403336490493,15.064094543457031,520600,0.0,0.0
14.991495960336225,15.172991068814872,14.882598895249036,15.13669204711914,400200,0.0,0.0
15.06409973734956,15.118548290617088,14.828156006523603,15.009651184082031,425200,0.0,0.0
14.918895194951904,15.027792240170532,14.773699134660403,14.991493225097656,396200,0.0,0.0
14.955196366607776,14.955196366607776,14.737402244763974,14.828149795532227,591000,0.0,0.0
15.00963574230011,15.027785241383908,14.682944758791765,14.755542755126953,275800,0.0,0.0
14.773702623783162,14.991496765657114,14.53775897008638,14.900749206542969,513000,0.0,0.0
14.828146843187737,15.027791415127842,14.791847830107718,14.973342895507812,321200,0.0,0.0
15.11855023442,15.209297834866698,14.53776559156113,14.646662712097168,675400,0.0,0.0
14.628507879894553,14.79185350138221,14.501461285404154,14.719255447387695,637400,0.0,0.0
14.719252734610324,15.064093427529679,14.664804204149373,14.828149795532227,511200,0.0,0.0
15.064094682629598,15.17299175262451,14.846300542639773,15.172991752624512,442000,0.0,0.0
15.209286480527936,15.227435987067945,14.937043882427794,14.973342895507812,424000,0.0,0.0
14.955197322515794,15.027795367770723,14.283665403907682,14.701104164123535,805600,0.0,0.0
14.991495386915078,14.991495386915078,14.664804204149373,14.828149795532227,608200,0.0,0.0
14.737399918692454,14.918894991582754,14.12031667086543,14.22921371459961,955600,0.0,0.0
13.648429481350647,14.483306816646031,13.612130466772586,14.22921371459961,1933600,0.0,0.0
14.229215755925477,14.483308894424146,13.90252457785576,14.211066246032715,895000,0.0,0.0
14.011423110961914,14.356263835195433,14.011423110961914,14.011423110961914,735600,0.0,0.0
14.08402385008835,14.319967548607872,14.01142578900542,14.283668518066406,801600,0.0,0.0
14.664807306769434,14.918900502678806,14.592209250795328,14.791853904724121,800600,0.0,0.0
14.79184714441311,15.009641212797106,14.737398627317111,14.937043190002441,889000,0.0,0.0
14.991498670716217,15.191143326137377,14.991498670716217,15.02779769897461,589200,0.0,0.0
15.172991220053142,15.463383396513489,14.810000999477708,15.372635841369629,840200,0.0,0.0
15.100396786095962,15.48153660882194,14.95520066315273,15.390789031982422,1173600,0.0,0.0
15.463386306671108,15.644881451115603,15.082246503337664,15.118545532226562,716000,0.0,0.0
15.118545156607597,15.118545156607597,14.646657792775908,14.791853904724121,450000,0.0,0.0
14.374419910757071,15.009653113883962,14.374419910757071,14.646662712097168,567600,0.0,0.0
14.664800988174067,15.045940617817203,14.55590395113317,14.88259506225586,626400,0.0,0.0
14.882601474691752,14.955199530665858,14.574059736801802,14.791853904724121,572800,0.0,0.0
14.864444575052774,15.209285169590018,14.864444575052774,15.154836654663086,493400,0.0,0.0
15.10040201126509,15.10040201126509,14.755561099950143,14.846308708190918,544200,0.0,0.0
15.027797960004316,15.30004067667106,15.027797960004316,15.118545532226562,448400,0.0,0.0
15.245593931616806,15.753780396004034,15.245593931616806,15.626733779907227,906400,0.0,0.0
15.753780396004034,15.808228945759808,15.535986196980936,15.626733779907227,584800,0.0,0.0
15.535990423811622,15.9352798973208,15.535990423811622,15.57228946685791,568600,0.0,0.0
15.681180694189283,15.790077782343376,15.554134091342842,15.590433120727539,506800,0.0,0.0
15.663029533845407,15.862674174485383,15.663029533845407,15.68117904663086,462000,0.0,0.0
15.753779112273232,15.971573293548898,15.71748008206062,15.91712474822998,245600,0.0,0.0
15.971576550956836,16.370865964730758,15.862679438109403,16.35271644592285,653600,0.0,0.0
16.280118131211825,16.51606187224388,16.22566957558904,16.2619686126709,621200,0.0,0.0
16.334557316519998,16.334557316519998,15.935268137671732,15.971567153930664,640600,0.0,0.0
16.00787122591753,16.189366364533374,15.862675115024853,15.935273170471191,529200,0.0,0.0
15.898971583133555,16.389008378504112,15.717476473737054,16.28011131286621,577000,0.0,0.0
16.352709892802405,16.352709892802405,15.89897210443386,15.953420639038086,676400,0.0,0.0
15.989716662060133,16.04416518644853,15.935268137671732,15.971567153930664,426000,0.0,0.0
15.898974142748022,16.026020739779113,15.826376087301684,15.935273170471191,603400,0.0,0.0
15.917124349500169,16.080469981365052,15.753778717635287,15.844526290893555,928600,0.0,0.0
15.880825857049254,15.967036054558951,15.753779250192862,15.898975372314453,530200,0.0,0.0
15.935281886411516,16.225674267029493,15.826384743679775,16.153076171875,431000,0.0,0.0
16.15306581769671,16.479757036481587,16.134916305541992,16.389009475708008,758000,0.0,0.0
16.497908165716893,17.078692611594715,16.47975865178321,16.67940330505371,804400,0.0,0.0
16.697561121197,16.697561121197,16.407168753871833,16.479766845703125,506000,0.0,0.0
16.407155990600586,16.534202552474706,16.18936188453067,16.407155990600586,1281600,0.0,0.0
16.443458557128906,16.661252710203463,16.407159531616482,16.443458557128906,621400,0.0,0.0
16.516053043635548,16.588651078992186,16.370856972922265,16.407155990600586,729400,0.0,0.0
16.407154608832464,16.46160313076443,16.334556579589844,16.334556579589844,446400,0.0,0.0
16.47976307757819,16.552361152809812,16.35271644592285,16.35271644592285,134200,0.0,0.0
16.478574214943578,16.951469280714587,16.460385943183155,16.76958656311035,366400,0.06,0.0
17.169739925986843,17.315246196546052,16.951480520148028,17.27886962890625,893600,0.0,0.0
17.27886437874078,17.49712371826172,17.206111265567138,17.49712371826172,674600,0.0,0.0
17.315231323242188,17.351607859635553,16.95146595930853,17.315231323242188,465400,0.0,0.0
17.315246196546052,17.333434480365955,17.060610223067435,17.27886962890625,655200,0.0,0.0
17.096968969387838,17.27885161799835,16.969651115360485,17.042404174804688,736000,0.0,0.0
16.878712564222475,16.878712564222475,16.587700278632433,16.787771224975586,838400,0.0,0.0
16.587711013126054,16.587711013126054,16.005686065297066,16.20575714111328,1014600,0.0,0.0
16.223939443830847,16.223939443830847,15.460031981228948,15.587349891662598,667000,0.0,0.0
15.35089965051112,15.93292428181012,15.332711380783026,15.514594078063965,986800,0.0,0.0
15.550966370417216,15.623719429460104,15.29633066376711,15.314518928527832,1169800,0.0,0.0
15.38729162323341,16.27851773379894,15.38729162323341,16.187576293945312,1832000,0.0,0.0
16.18756529953594,16.18756529953594,15.878364614039185,15.969305992126465,859000,0.0,0.0
16.15118110554101,16.587699513798874,16.15118110554101,16.223934173583984,677200,0.0,0.0
16.27850973876163,16.86053466796875,16.27850973876163,16.86053466796875,737800,0.0,0.0
16.696833398255002,16.733209941606322,16.151185247985232,16.424009323120117,572200,0.0,0.0
16.15118423495898,16.40582002244707,16.00567807068007,16.333066940307617,636200,0.0,0.0
16.369443274660654,16.460384626186546,16.04205440916744,16.314878463745117,596200,0.0,0.0
16.38763154496583,16.569514248017615,16.29669019343994,16.314878463745117,397800,0.0,0.0
16.26031656540154,16.496764121721696,16.22394001827536,16.40582275390625,465400,0.0,0.0
16.478580276742164,16.587709947449067,16.042061593914557,16.460391998291016,481400,0.0,0.0
16.514945967246817,16.878711296921857,16.478569434279315,16.678640365600586,886000,0.0,0.0
16.67866006915489,16.67866006915489,16.133011430033136,16.187576293945312,735400,0.0,0.0
16.514952517392345,16.787776622855873,16.405822875206933,16.587705612182617,985000,0.0,0.0
16.51495041412789,16.587703499652683,16.478573871365494,16.569515228271484,362800,0.0,0.0
16.533136405944827,16.533136405944827,16.223935835096572,16.369441986083984,443800,0.0,0.0
16.314877179463707,16.478571599324546,16.096617952982587,16.369441986083984,624200,0.0,0.0
16.514943224138918,16.551319751064334,16.18755448181017,16.442190170288086,493400,0.0,0.0
16.405823447874614,16.514953093869348,16.114811058555333,16.296693801879883,519200,0.0,0.0
16.296689365638997,16.36944244316417,16.114806671826063,16.242124557495117,660800,0.0,0.0
16.314878463745117,16.551325977712438,16.242125382524403,16.314878463745117,708000,0.0,0.0
16.27850495932395,16.605893885880185,16.132998769743402,16.587705612182617,664600,0.0,0.0
16.551333390546766,16.71502789660712,16.333074049132964,16.460391998291016,439200,0.0,0.0
16.514940693614246,16.805952864426832,16.4421876509111,16.55131721496582,571000,0.0,0.0
16.58771192206711,16.69684160576492,16.460393957753,16.642276763916016,570600,0.0,0.0
16.53313895317407,16.605892039876707,16.333067964741822,16.424009323120117,282600,0.0,0.0
16.496764646317295,16.624082565307617,16.314881904902553,16.624082565307617,670400,0.0,0.0
16.624082159577757,16.642270433275325,16.351258054114226,16.587705612182617,465200,0.0,0.0
16.587705612182617,16.624082159577757,16.44219942260207,16.587705612182617,745600,0.0,0.0
16.696833815988622,17.060599258602753,16.660457271727207,16.96965789794922,1169200,0.0,0.0
16.933286238320267,17.27886350849007,16.90600382225423,17.24248695373535,659600,0.0,0.0
17.20609750837181,17.46073320088471,17.169720980869965,17.44254493713379,652400,0.0,0.0
17.44254766668312,17.67899513244629,17.351606333697283,17.67899513244629,768400,0.0,0.0
17.679001637189035,18.26102638244629,17.679001637189035,18.26102638244629,1603800,0.0,0.0
18.26102745375016,18.26102745375016,17.697190948704087,17.842697143554688,483600,0.0,0.0
17.80630957252621,17.80630957252621,17.406167784379555,17.551673889160156,635600,0.0,0.0
17.64262457047739,18.042766571044922,17.569871479465114,18.042766571044922,974600,0.0,0.0
17.970010343478126,17.970010343478126,17.751751108537096,17.93363380432129,606800,0.0,0.0
17.988204554100772,18.060957656442937,17.897263176173063,17.951828002929688,452200,0.0,0.0
17.879070692498065,18.024576862935486,17.824505878584034,17.915447235107422,304800,0.0,0.0
17.842689079794322,18.060948273430952,17.842689079794322,17.970006942749023,296800,0.0,0.0
18.079146433878947,18.333782299144847,17.933640225155575,18.170087814331055,349800,0.0,0.0
18.33378811279539,18.60661234066437,18.33378811279539,18.35197639465332,385000,0.0,0.0
18.38834712741611,18.588418164410747,18.13371126215021,18.170087814331055,936800,0.0,0.0
18.042760007294564,18.333772265476735,17.89725387820348,17.970006942749023,603200,0.0,0.0
17.86088072600761,17.970010343478126,17.769939378115517,17.93363380432129,940000,0.0,0.0
18.07914058504018,18.13370539565901,17.824504802152287,17.98819923400879,916600,0.0,0.0
17.87906899558603,18.11551650010548,17.824504186850774,17.93363380432129,386400,0.0,0.0
17.93363478088379,18.406529815673828,17.93363478088379,18.188270568847656,344800,0.0,0.0
18.35196879308975,18.715734279573194,18.206462598496373,18.697546005249023,858400,0.0,0.0
18.62479650985881,18.715737899067108,18.51566684280886,18.67936134338379,471200,0.0,0.0
18.71434365786039,18.78723301972158,18.368119189019737,18.477453231811523,693600,0.06,0.0
18.495671280750756,18.58678296193672,18.295225582141633,18.459226608276367,453800,0.0,0.0
18.659677395028957,18.951234854326284,18.568565688998543,18.878345489501953,541000,0.0,0.0
18.769005295377006,18.805449965853466,18.586781942994705,18.787227630615234,482000,0.0,0.0
18.732554484963647,19.13344572880528,18.65966516790153,19.060556411743164,606200,0.0,0.0
19.09701397909502,19.09701397909502,18.769011830599112,19.042346954345703,729400,0.0,0.0
18.96944615992104,19.005890821131263,18.568554886608588,18.677888870239258,492600,0.0,0.0
18.69612418948196,18.93301465192179,18.349899667454515,18.513900756835938,708800,0.0,0.0
18.513893188476562,18.513893188476562,18.11300180053711,18.222335815429688,846600,0.0,0.0
18.29523698638523,18.495682809941243,18.240569943597226,18.386348724365234,260200,0.0,0.0
18.386336293842888,18.605004317159157,18.149445935250263,18.568559646606445,1152000,0.0,0.0
18.6232358719353,19.18812854515447,18.586791183340512,19.078794479370117,1023400,0.0,0.0
19.13345684040435,19.242790879492375,18.82367706298828,18.82367706298828,758000,0.0,0.0
18.841894194747237,18.841894194747237,18.331668820034544,18.550336837768555,379200,0.0,0.0
18.69611401347091,19.461452014022353,18.62322468008506,19.37034034729004,705000,0.0,0.0
19.206347631211447,19.233681143020572,18.841900807089786,18.878345489501953,572200,0.0,0.0
18.896562432309565,19.6801228803224,18.896562432309565,19.552566528320312,897800,0.0,0.0
19.607233457574033,19.9716801761163,19.552566449792693,19.91701316833496,764600,0.0,0.0
19.8987889355536,19.953455938123803,19.716565593652927,19.8441219329834,709400,0.0,0.0
19.825902447582493,19.935236468433132,19.789457773965616,19.880569458007812,1249400,0.0,0.0
19.60723773682315,20.026351554617698,19.60723773682315,19.789461135864258,1113200,0.0,0.0
19.789459725165962,19.935238434006962,19.534346984694206,19.734792709350586,825400,0.0,0.0
19.862348017748868,20.153905419844264,19.789458667225016,20.062793731689453,619600,0.0,0.0
20.135676860809326,21.338350772857666,19.86234188079834,20.554790496826172,894000,0.0,0.0
20.591248161990904,20.60947050549709,20.263245978879542,20.39080238342285,382400,0.0,0.0
20.390796312217503,20.536575016862493,19.844126169798805,20.008127212524414,600600,0.0,0.0
20.081012715482796,20.26323606135832,19.935234038782376,20.153902053833008,512000,0.0,0.0
20.117463190333282,20.26324190910381,19.917017452023803,19.935239791870117,344400,0.0,0.0
19.95345892365446,19.97168126057104,19.3885664792405,19.443233489990234,661600,0.0,0.0
19.425014431916136,19.73479421178722,19.425014431916136,19.57079315185547,478400,0.0,0.0
19.57079218400012,19.825904931277588,19.57079218400012,19.607236862182617,474400,0.0,0.0
19.46146403949915,20.0263567222936,19.352129971861512,19.989912033081055,574800,0.0,0.0
19.917021542814375,20.281468414595057,19.89879919922534,20.245023727416992,465200,0.0,0.0
20.317911748994007,21.046805444025182,20.317911748994007,20.937471389770508,753800,0.0,0.0
20.937472688608448,20.937472688608448,20.33613535290429,20.39080238342285,744200,0.0,0.0
20.46367883682251,20.500123500823975,20.190343856811523,20.190343856811523,426600,0.0,0.0
20.226787104338644,20.4454550730342,20.208564773614015,20.42723274230957,496000,0.0,0.0
20.445463625646422,20.59124233242465,20.263240242173637,20.536575317382812,387600,0.0,0.0
20.536568651156188,20.573013316020706,20.044565675485188,20.135677337646484,588200,0.0,0.0
20.172128255250026,20.29968462181439,19.98990487444379,20.008127212524414,261400,0.0,0.0
20.044567172688648,20.117456507862062,19.38856315612793,19.38856315612793,487000,0.0,0.0
19.31567957907012,19.425013614423346,18.98767747301044,19.24279022216797,556400,0.0,0.0
19.169898024093946,19.4067883989164,19.097008677994733,19.206342697143555,751800,0.0,0.0
19.279234900619045,19.534347649776574,19.169900865265816,19.24279022216797,569000,0.0,0.0
19.31567384996487,19.35211851760631,18.914782505908995,19.09700584411621,592600,0.0,0.0
19.09701682366751,19.279240266641434,18.987682757883153,19.078794479370117,493800,0.0,0.0
19.06056543044102,19.27923348509235,19.06056543044102,19.188121795654297,444000,0.0,0.0
19.224573233749258,19.24279557804665,19.06057213507272,19.078794479370117,509200,0.0,0.0
19.0423496933345,19.38857423321331,19.02412734913035,19.224573135375977,461000,0.0,0.0
19.297458083607324,19.51612616387483,19.261013403562742,19.49790382385254,442400,0.0,0.0
19.388564602398894,19.425009272704155,19.151674245414696,19.297452926635742,415800,0.0,0.0
19.297457069820826,19.789460224575468,19.133456018235947,19.680126190185547,634400,0.0,0.0
19.643678868070563,19.862346907418285,18.841896057128906,18.841896057128906,575200,0.0,0.0
18.841903129526337,19.060571250952172,18.495678603935428,18.969459533691406,669200,0.0,0.0
18.841904003504013,19.297462610938826,18.805459314909225,19.078794479370117,675000,0.0,0.0
19.078782548525833,19.352117542057723,19.06056021562371,19.27922821044922,802000,0.0,0.0
19.460323031098202,20.062753293786983,19.460323031098202,19.788921356201172,819000,0.06,0.0
19.788932084379223,20.11753058762537,19.788932084379223,19.843698501586914,510000,0.0,0.0
19.843694366010507,19.934971709000436,19.22300843367899,19.423818588256836,552000,0.0,0.0
19.38731121535947,19.533354990993065,19.00394630432129,19.00394630432129,629600,0.0,0.0
19.095219892720174,19.332540981253025,18.94917614593073,19.296030044555664,1167400,0.0,0.0
19.29603675039191,19.29603675039191,18.876160832455284,19.07697105407715,671400,0.0,0.0
19.058712232194136,19.113478646654464,18.693602802458617,18.748369216918945,677600,0.0,0.0
18.511040392989816,19.022193382145357,18.511040392989816,18.912660598754883,925000,0.0,0.0
18.93090999924202,19.369040992474236,18.93090999924202,19.0952091217041,615800,0.0,0.0
19.131726651964843,19.551602332303766,19.076960258877158,19.478580474853516,1024600,0.0,0.0
19.478582069836726,20.044501511415863,19.442071138121943,19.953224182128906,745800,0.0,0.0
19.953223141115313,20.081011395449995,19.642880237731084,19.73415756225586,455600,0.0,0.0
19.861949920654297,20.04450460742502,19.69765070256065,19.861949920654297,764600,0.0,0.0
19.861947970920138,19.861947970920138,19.697648768954807,19.715904235839844,351200,0.0,0.0
19.679388581166847,19.898454131235496,19.679388581166847,19.788921356201172,490800,0.0,0.0
19.71590513593695,19.71590513593695,19.31428484613083,19.49683952331543,569000,0.0,0.0
19.478577964159907,19.86194266635987,19.478577964159907,19.67938804626465,478600,0.0,0.0
19.71590850312831,19.82544132814569,19.350799086403715,19.387310028076172,277400,0.0,0.0
19.387315447845317,19.69765853881836,19.387315447845317,19.69765853881836,396000,0.0,0.0
19.661135531784197,19.9714784324716,19.533347278559972,19.898456573486328,673200,0.0,0.0
19.82543190392977,19.9897310633546,19.697643668821566,19.97147560119629,380800,0.0,0.0
19.989741312071335,19.989741312071335,19.606376410195992,19.624631881713867,389600,0.0,0.0
19.642887822718258,19.642887822718258,18.98569083236709,19.00394630432129,1001400,0.0,0.0
18.967438582914422,18.967438582914422,18.145942205406097,18.182453155517578,2814200,0.0,0.0
18.25546974540976,18.310236154645988,17.580017364829597,17.853849411010742,1590600,0.0,0.0
17.83558638510173,17.89035277113582,17.452221682863104,17.543498992919922,1459400,0.0,0.0
17.561756594975787,17.780822165807088,17.306180095672605,17.525245666503906,850200,0.0,0.0
17.43397641840001,17.43397641840001,16.959334128474985,17.1966552734375,1567400,0.0,0.0
17.014091880616295,17.032347344007512,16.484683442270935,16.8315372467041,1750600,0.0,0.0
16.75852346420288,16.97758913040161,16.46643590927124,16.648990631103516,1417600,0.0,0.0
16.68549708968769,17.01409550064434,16.630730687861583,16.849796295166016,1400000,0.0,0.0
16.685497445539223,16.904563057515666,16.356899027574556,16.375154495239258,1013400,0.0,0.0
16.375158072048944,16.703756561789053,16.06481505396106,16.393413543701172,922400,0.0,0.0
16.466432922416264,16.50294386015998,15.717958698670069,15.772725105285645,1316400,0.0,0.0
15.73621003485229,15.827487355240065,15.334589825146082,15.571910858154297,1773600,0.0,0.0
15.480636596679686,15.663191273527325,15.334592855201576,15.480636596679688,1362800,0.0,0.0
15.444123214476416,16.13783087659238,15.425867749683892,15.90050983428955,1790000,0.0,0.0
15.900516030403518,16.10132622137302,15.717961311340332,15.717961311340332,1017600,0.0,0.0
15.334593852361042,15.790980574157503,15.179422366950247,15.772725105285645,1166800,0.0,0.0
15.991794108258292,16.192604308247837,15.955283162805648,16.028305053710938,972600,0.0,0.0
15.95527677503536,16.448174341312196,15.95527677503536,16.083065032958984,582000,0.0,0.0
16.083066432407925,16.283876569475446,15.736212559291294,15.973533630371094,1326000,0.0,0.0
15.900514865298303,16.247368806102745,15.809237512455029,16.174346923828125,603000,0.0,0.0
16.101319181985694,16.429917532638463,16.064808254135386,16.338640213012695,608800,0.0,0.0
16.356897226690855,16.75851747109621,16.24736443276212,16.667240142822266,1235800,0.0,0.0
16.667241118336452,16.831540318845793,16.667241118336452,16.740262985229492,1038400,0.0,0.0
16.667247292773972,16.758524660204277,16.466437084427294,16.703758239746094,1171800,0.0,0.0
16.70375495226686,17.525251097460313,16.70375495226686,17.105375289916992,977400,0.0,0.0
17.269675958553524,17.306186901383448,16.758522758934603,16.9958438873291,759800,0.0,0.0
16.795030251527447,16.92281852518037,16.356899027574556,16.375154495239258,919000,0.0,0.0
16.375160842459024,16.375160842459024,15.279832358013605,15.316343307495117,1619800,0.0,0.0
15.389351682972823,15.736205398247417,15.115519802492878,15.170286178588867,885400,0.0,0.0
15.20680960993613,15.389364347150249,14.093225712930003,14.147992134094238,1057800,0.0,0.0
14.531361418317077,14.640894293329518,13.782886772398736,14.330551147460938,1900400,0.0,0.0
14.330544950395558,14.604377019511396,14.03845741000533,14.367055892944336,1263600,0.0,0.0
14.166241545426217,14.330540738607706,13.819387693154184,13.874154090881348,1485000,0.0,0.0
13.910672718190892,13.94718367020714,13.198709153874034,13.655096054077148,1744600,0.0,0.0
13.947178605023552,14.020200482536765,13.45428093180937,13.965434074401855,3996200,0.0,0.0
14.093222360049978,14.2210106456981,13.855901258132038,13.965434074401855,1452400,0.0,0.0
13.582061892139668,13.728105568399235,13.253463620555644,13.417762756347656,1043200,0.0,0.0
13.289980402334335,13.436024143019326,13.216958531991837,13.253469467163086,1189600,0.0,0.0
13.27172184112588,14.257516860961914,13.235210914465286,14.257516860961914,2507000,0.0,0.0
14.166239703875132,14.184495167411052,13.874152287300385,14.093217849731445,1380600,0.0,0.0
14.147988603084903,14.421820640563965,14.074966726423819,14.421820640563965,2644200,0.0,0.0
14.202749334825512,14.458325801004891,14.056705639865866,14.348793029785156,956800,0.0,0.0
14.312292758593994,14.65914679228441,14.239270856764433,14.622635841369629,2433800,0.0,0.0
14.567873639245017,15.060771619520224,14.330552389482879,14.732172966003418,1325000,0.0,0.0
14.805183683596507,16.21085463752614,14.805183683596507,15.754467964172363,1477800,0.0,0.0
15.517146283835661,16.795028918975067,15.261569756807779,16.77677345275879,1789000,0.0,0.0
16.776773014584105,16.941072206239443,15.955277056307406,16.210853576660156,844200,0.0,0.0
15.845744783986826,15.93702211569182,15.571912788871845,15.64493465423584,757400,0.0,0.0
15.707185581377692,16.073320443414467,15.633958608970337,15.981786727905273,386600,0.075,0.0
16.109926241253493,16.402833991094468,15.743791553952278,15.963472366333008,1074400,0.0,0.0
15.926858897602886,15.963472366333008,15.743791553952278,15.963472366333008,872600,0.0,0.0
15.743779862326297,15.798700024636739,15.121351356141306,15.304418563842773,1244800,0.0,0.0
15.35935021820618,15.487497359478459,15.21289634246643,15.249509811401367,690000,0.0,0.0
15.28612512462544,15.615646384797007,15.08475102118726,15.524112701416016,955000,0.0,0.0
15.597332896158369,15.835320369926043,15.048131033617581,15.286118507385254,574000,0.0,0.0
15.304432730503061,16.10992919000322,15.267819255071236,15.762101173400879,688600,0.0,0.0
15.469195311058295,15.5973424911499,14.901686370652605,15.597342491149902,1016200,0.0,0.0
15.633948328339052,15.853629101102598,15.212893513875587,15.670561790466309,590800,0.0,0.0
15.780404955939908,16.659128201746306,15.780404955939908,16.549287796020508,541800,0.0,0.0
16.43944929760119,16.695743607363344,15.96347415090004,16.494369506835938,674200,0.0,0.0
16.49436376554549,16.695737795979454,16.292989735111526,16.32960319519043,580800,0.0,0.0
16.10992617311731,16.695741670321574,16.01839250167914,16.549287796020508,806400,0.0,0.0
17.428007103558176,17.849061897026495,17.15340615129623,17.226633071899414,1301400,0.0,0.0
17.28155517578125,17.720916748046875,17.24494171142578,17.647689819335938,784000,0.0,0.0
17.720913025640673,18.39826197393479,17.64768611231158,18.160274505615234,793000,0.0,0.0
18.23350906755457,18.306736011600975,17.995521499403758,18.21520233154297,396600,0.0,0.0
18.14197347831726,18.398267755508424,17.903985935211182,18.306734085083008,400200,0.0,0.0
17.867368658217426,18.050435960043423,17.061872530183035,17.50123405456543,1099600,0.0,0.0
17.501234125634813,18.544717750280405,17.501234125634813,18.1785831451416,965400,0.0,0.0
18.48980326205492,18.984085131436586,18.306735903024673,18.746097564697266,1882400,0.0,0.0
19.002382183168354,19.038995636315114,18.599634198553996,18.6911678314209,1071000,0.0,0.0
18.691175413450516,19.33191110343168,18.691175413450516,19.167150497436523,1004000,0.0,0.0
19.240381380270797,19.42344875781857,18.782712936401367,18.782712936401367,1007800,0.0,0.0
18.85593601586821,19.60651210970374,18.85593601586821,19.203763961791992,967800,0.0,0.0
19.276990901433294,19.82619292141715,19.002389891441368,19.167150497436523,1223200,0.0,0.0
19.36852264404297,19.46005630493164,19.240375518798828,19.441749572753906,819200,0.0,0.0
19.441761081868954,19.441761081868954,18.746104847301137,19.331920623779297,703600,0.0,0.0
19.258680319763123,19.258680319763123,19.020692825317383,19.020692825317383,955000,0.0,0.0
18.984083222777475,18.984083222777475,18.361654264653623,18.52641487121582,569600,0.0,0.0
18.563026428222656,18.87424087524414,18.544719696044922,18.819320678710938,773000,0.0,0.0
18.819324512052862,19.002391871119524,18.508110001639537,18.72779083251953,663400,0.0,0.0
18.453184195340533,19.551588016491756,18.453184195340533,19.13053321838379,1336200,0.0,0.0
19.130541057813737,19.551596028464182,18.45319175720215,18.45319175720215,2055400,0.0,0.0
18.67287060262163,19.039005320320094,18.636257130851785,18.837631225585938,1262000,0.0,0.0
18.83763514551623,18.83763514551623,18.489807091323026,18.581340789794922,1286600,0.0,0.0
18.599639892578125,18.74609375,18.251811981201172,18.654560089111328,648000,0.0,0.0
18.709489739137755,19.185465016258675,18.654569514854572,18.874250411987305,594800,0.0,0.0
19.039009138509428,19.14884957584698,18.929168701171875,18.929168701171875,431400,0.0,0.0
19.00238800048828,19.222068786621094,18.764400482177734,19.057308197021484,456000,0.0,0.0
19.130533243598975,19.44174766000202,19.130533243598975,19.38682746887207,514000,0.0,0.0
19.460062075837513,19.551595763870615,19.203767749344827,19.29530143737793,541600,0.0,0.0
19.27699089777595,19.313604365767926,19.185457227796004,19.203763961791992,104800,0.0,0.0
19.130537085594096,19.222070755860095,18.526414861838493,18.617948532104492,666600,0.0,0.0
18.65456386673671,19.002391848550246,18.4898032437724,18.837631225585938,442000,0.0,0.0
18.801013946533203,18.801013946533203,18.087051391601562,18.563026428222656,550400,0.0,0.0
18.599645794708717,18.599645794708717,17.958909965166587,18.032136917114258,738200,0.0,0.0
18.10536003112793,18.416574510934982,17.995519626490147,18.10536003112793,708000,0.0,0.0
18.105358123779297,18.105358123779297,17.86737060546875,17.86737060546875,548800,0.0,0.0
17.53784751092363,17.684301352350968,17.28155328842579,17.46462059020996,1765600,0.0,0.0
17.391397474190665,17.482931145107457,17.226636866540435,17.409704208374023,1174600,0.0,0.0
17.373085021972656,17.428005206446752,17.208324468550366,17.373085021972656,876000,0.0,0.0
17.373090787180537,17.428010989879738,16.69574162055706,16.988649368286133,1330800,0.0,0.0
16.91542438866012,16.970344597714213,16.69574355244376,16.732357025146484,1124400,0.0,0.0
16.695741668195357,16.73235513676596,16.34791371677462,16.567594528198242,1530800,0.0,0.0
16.53098497519622,16.62251866830362,16.036703032416266,16.256383895874023,869400,0.0,0.0
16.366212812666145,16.457746441372333,16.07330520080635,16.27467918395996,1021000,0.0,0.0
16.21976653049732,17.0618763052184,16.10992612509892,16.988649368286133,2595200,0.0,0.0
16.988645605571115,17.684301352350968,16.95203214521428,17.46462059020996,1508200,0.0,0.0
17.40970423069406,17.757532180623805,16.952035875523347,17.208330154418945,653800,0.0,0.0
17.35478578336605,17.995521545410156,17.061878006431606,17.995521545410156,868600,0.0,0.0
17.940597534179688,17.940597534179688,17.592769622802734,17.647689819335938,326800,0.0,0.0
17.574468600774754,17.684309029529594,17.446321433894102,17.611082077026367,757000,0.0,0.0
17.508296911381493,17.76523208618164,17.434886861438596,17.76523208618164,622200,0.075,0.0
17.69183161650279,17.746889183774062,17.545011437112723,17.655126571655273,527600,0.0,0.0
17.581711062069598,18.682862068044727,17.03113555908203,17.03113555908203,1404000,0.0,0.0
17.76523965676789,18.3525203065784,17.76523965676789,17.85700225830078,1748800,0.0,0.0
17.728534477737348,18.20570000198287,17.618419356757613,18.077232360839844,1563200,0.0,0.0
18.077237996188074,18.260763255032625,18.003827892650257,18.16900062561035,1463800,0.0,0.0
18.18734158242103,18.646154437678874,18.058873982948832,18.536039352416992,1730800,0.0,0.0
18.572755432128904,19.03156856039296,18.572755432128904,18.994863510131836,1388600,0.0,0.0
18.921451687929334,19.178387016378423,18.609458789098298,18.77463150024414,714000,0.0,0.0
18.682865187966613,19.0866206242488,18.49933998965653,18.609455108642578,949000,0.0,0.0
17.912057610621964,18.536043224106745,17.875352574534624,18.425928115844727,1230400,0.0,0.0
18.42593024394234,18.57275040524865,18.003822280186686,18.077232360839844,1182000,0.0,0.0
18.150640108052965,18.903093338012695,18.150640108052965,18.903093338012695,1019800,0.0,0.0
18.976505470838518,19.16003066881568,18.53604499569333,18.664512634277344,782800,0.0,0.0
18.62780781212694,18.71957041218668,18.279109931899935,18.315814971923828,836200,0.0,0.0
18.168993133013366,18.40757587112364,17.728532693425162,17.912057876586914,859400,0.0,0.0
17.875358723852916,18.315819308424242,17.69183348028153,17.710186004638672,986200,0.0,0.0
17.655118831436205,18.095579176503218,17.434888658902697,18.003816604614258,885400,0.0,0.0
18.077236332037508,18.352524194961937,17.838653517503005,17.89371109008789,1028400,0.0,0.0
17.912058035532635,17.912058035532635,17.618417739868164,17.618417739868164,1181400,0.0,0.0
17.58171493677464,17.72853510326128,17.06784435407142,17.122901916503906,1334200,0.0,0.0
17.08620017649596,17.746891053352947,17.08620017649596,17.710186004638672,1313600,0.0,0.0
17.691825681369796,18.55439394591791,17.618415616301874,18.132286071777344,755400,0.0,0.0
18.113943047956987,18.46264103976163,18.022180418534713,18.16900062561035,1098200,0.0,0.0
18.352515937746034,18.958148963691652,18.205695810244066,18.939796447753906,1099800,0.0,0.0
18.939805852449858,19.398618978720446,18.719575551839977,19.086626052856445,1841400,0.0,0.0
19.086627760577723,19.527088401206438,18.866397440263363,19.28850555419922,1284600,0.0,0.0
19.215091763841112,19.453674565111346,19.123329147967947,19.141681671142578,983200,0.0,0.0
19.160032046043266,19.69225515843336,19.141679524926367,19.49037742614746,1144400,0.0,0.0
19.41697056625408,20.26118667783034,19.380265517924673,20.169424057006836,1434800,0.0,0.0
20.15106598492144,20.15106598492144,19.820720640906337,19.875778198242188,1315400,0.0,0.0
19.930835755578038,20.02259835113779,19.728958045346584,19.875778198242188,720800,0.0,0.0
20.040947059532265,20.38964485635563,19.60048668459749,19.784011840820312,770400,0.0,0.0
19.6188413069868,19.949186623661973,19.34355354309082,19.34355354309082,536800,0.0,0.0
19.416963365734613,20.040948955937807,19.270143226863276,19.857423782348633,681000,0.0,0.0
19.87577416458472,20.66493232624413,19.87577416458472,20.463054656982422,1246800,0.0,0.0
20.42635725558981,20.536472389043126,20.316242122136497,20.44470977783203,741200,0.0,0.0
20.7383516118243,21.160459653480903,20.518121329220858,20.99528694152832,1107200,0.0,0.0
20.995287356466292,21.325632786900204,20.40800659125045,20.49976921081543,885800,0.0,0.0
20.426359395312655,20.426359395312655,19.820726097877507,20.169424057006836,584200,0.0,0.0
20.187772750854492,20.261182833584872,19.89413241993297,20.187772750854492,669600,0.0,0.0
20.242834604086994,20.242834604086994,19.17838817884942,19.655553817749023,1819000,0.0,0.0
19.673906214928824,19.89413650837952,19.5821435926577,19.8023738861084,625600,0.0,0.0
19.83907862204221,20.187776581171537,19.60049580790109,20.169424057006836,1009200,0.0,0.0
20.20611770370189,20.37129032798283,19.875772455140005,19.949182510375977,1040400,0.0,0.0
20.07765569885752,20.242828369140625,19.949188066415104,20.242828369140625,762400,0.0,0.0
20.242828580481195,20.242828580481195,19.673900488010734,19.875778198242188,501800,0.0,0.0
19.89413466355876,19.967544754568202,19.58214177676863,19.710609436035156,547200,0.0,0.0
19.710605526234634,19.930835755578038,19.582137892450984,19.875778198242188,514600,0.0,0.0
19.875778304897285,19.875778304897285,19.54543295910952,19.69225311279297,732600,0.0,0.0
19.673898661446838,20.077654044424293,19.61884110922264,19.7473087310791,859600,0.0,0.0
19.67390038437071,20.242828473844117,19.618842827324897,20.059303283691406,469000,0.0,0.0
20.05929949701763,20.26117716807636,19.91247937261128,19.985889434814453,640600,0.0,0.0
20.040954845577645,20.040954845577645,19.56378925401627,19.710609436035156,619600,0.0,0.0
19.78401928839609,20.114364693953725,19.27014865752866,20.022602081298828,931200,0.0,0.0
20.0776541170556,20.0776541170556,19.508726075347443,19.600488662719727,1133200,0.0,0.0
19.600496372858085,19.71061152102021,19.251798403678027,19.50873374938965,630400,0.0,0.0
19.582138313644236,19.600490833150932,18.81133249436302,19.160030364990234,591400,0.0,0.0
19.160030715204297,19.233440794572896,18.462634961202607,18.591102600097656,801800,0.0,0.0
18.866394117547387,19.03156682869323,18.701221406401544,18.77463150024414,608000,0.0,0.0
18.792984266385304,18.792984266385304,18.26076107915369,18.48099136352539,614400,0.0,0.0
18.525148391723633,18.672319381926005,18.341184653970668,18.525148391723633,562400,0.075,0.0
18.138807254108954,18.414752597731304,17.991636404177036,18.102014541625977,925400,0.0,0.0
18.10202793930516,18.304388007732353,17.95485698044902,18.212406158447266,1225600,0.0,0.0
18.21240804840366,18.21240804840366,17.807687869550247,18.15721893310547,1387800,0.0,0.0
18.23079841297525,18.249194778679566,17.73409653895877,17.752492904663086,1476600,0.0,0.0
17.752489246466222,18.102020122821514,17.60531835115873,17.936452865600586,1252400,0.0,0.0
17.918056519305118,18.138812862458774,17.844471071587233,17.954849243164062,1230200,0.0,0.0
17.954849336394954,18.10202023259491,17.86286752626998,18.065227508544922,1194000,0.0,0.0
17.954843564023758,18.046825344577158,17.826069071248995,17.991636276245117,911800,0.0,0.0
17.954855156710828,18.377971620444793,17.844476948780226,18.322782516479492,1106400,0.0,0.0
18.32278461792231,19.04024305175662,18.32278461792231,18.801090240478516,1762000,0.0,0.0
19.132223448345652,20.309591045166922,19.132223448345652,19.794492721557617,2267800,0.0,0.0
20.12562090676095,21.92846446147994,20.08882818115444,21.394969940185547,2739000,0.0,0.0
21.321384518340935,21.63412268642704,21.321384518340935,21.4317626953125,1859600,0.0,0.0
21.965249666280176,23.49214725614722,21.873267883758064,23.326580047607422,3306000,0.0,0.0
22.553949026115838,22.627534504178204,21.413374116149132,21.799697875976562,2900000,0.0,0.0
21.652516972234917,21.652516972234917,20.751095280102792,21.266193389892578,1851800,0.0,0.0
21.266196922268637,21.266196922268637,20.401567808646988,20.879873275756836,1729400,0.0,0.0
20.879871621727943,21.468555226922035,20.73270072042942,21.192609786987305,749800,0.0,0.0
21.192607945636894,21.486949722659627,21.13741886244513,21.266193389892578,514400,0.0,0.0
21.339779365353465,22.333182887533713,21.339779365353465,21.873273849487305,1181600,0.0,0.0
21.873274349365737,22.921866980075446,21.873274349365737,22.461957931518555,1085600,0.0,0.0
22.517153239381905,23.308197021484375,22.517153239381905,23.308197021484375,1139000,0.0,0.0
23.2346013985671,23.2346013985671,22.406765244223855,22.66431427001953,1138800,0.0,0.0
22.609121430828274,22.774688634145978,22.36996880381382,22.70110321044922,1192800,0.0,0.0
22.774690158671312,22.774690158671312,22.333177586936163,22.351573944091797,1013600,0.0,0.0
22.42516913983417,22.66432188701862,22.3883764094981,22.645925521850586,591600,0.0,0.0
22.425157871586386,22.701103210449222,22.388365159738008,22.70110321044922,756400,0.0,0.0
22.70111888051033,23.731315523385998,22.70111888051033,23.547351837158203,1675400,0.0,0.0
23.547343858765913,23.86008201939015,22.90347117512778,23.12422752380371,1138200,0.0,0.0
23.12423328820152,23.25300785703001,22.921873251471037,23.197818756103516,517600,0.0,0.0
22.885073932581005,22.940263017627423,22.094030380249023,22.094030380249023,1332000,0.0,0.0
22.11243440621715,22.443569031268655,21.57893973252306,22.149227142333984,1104800,0.0,0.0
22.09402843790317,22.259595678486956,21.928461197319383,22.057235717773438,1047400,0.0,0.0
22.057251009775037,22.31480022923863,22.002061891318554,22.186025619506836,711000,0.0,0.0
22.03884303950462,22.03884303950462,21.634123050465302,21.891672134399414,983400,0.0,0.0
22.075639878701928,22.333189010620117,21.85488347991491,22.333189010620117,785000,0.0,0.0
22.333184995651244,22.57233771800995,22.07563591003418,22.07563591003418,440200,0.0,0.0
22.002052307128906,22.075637766350074,21.81808865907599,22.002052307128906,499600,0.0,0.0
22.075639780131613,22.64592714111835,22.057243413648173,22.167621612548828,744000,0.0,0.0
22.24120049170853,22.35157865792048,21.229400634765625,21.229400634765625,1037200,0.0,0.0
21.52375438425801,22.333194720076257,21.339790671572043,22.296401977539062,1032200,0.0,0.0
22.29638812993024,22.29638812993024,21.376570137771402,21.78129005432129,937200,0.0,0.0
21.707707196959458,22.701110746650823,21.652518110865493,22.59073257446289,1239600,0.0,0.0
22.44356754410219,22.99545854928503,22.369982076744478,22.90347671508789,1637800,0.0,0.0
22.90347510810912,23.51055517121563,22.829889645914392,23.363384246826172,1121200,0.0,0.0
23.28980075892939,23.510557164227297,23.1058370878478,23.49216079711914,785600,0.0,0.0
23.528955530731274,24.0256574848593,23.528955530731274,23.67612648010254,1058000,0.0,0.0
23.749708222790574,24.02565370949999,23.712915491229317,23.823293685913086,829000,0.0,0.0
23.749717712402344,23.896888697452084,23.712924966139905,23.749717712402344,1023200,0.0,0.0
23.71291160583496,23.87847887073218,23.620929792003174,23.71291160583496,707600,0.0,0.0
23.657726083429335,23.657726083429335,23.23460967602741,23.344987869262695,922000,0.0,0.0
23.30819489423326,23.492158547699976,22.885078491259804,22.977060317993164,1296000,0.0,0.0
23.03224740512129,23.10583286008973,22.811491040215977,22.848283767700195,1360200,0.0,0.0
22.774689352474752,23.344976404111843,22.73789663946591,23.326580047607422,1265000,0.0,0.0
23.36338588607359,23.36338588607359,22.682720313014755,22.90347671508789,1188200,0.0,0.0
22.885067220133138,23.326579771003875,22.84827450756058,23.087427139282227,619800,0.0,0.0
22.517158876125404,23.67613028886715,22.48036613286376,23.657733917236328,1363000,0.0,0.0
23.510553279013003,23.510553279013003,22.866680536630017,23.400175094604492,993400,0.0,0.0
23.326587510089983,23.34498387247964,22.921867537517443,23.12422752380371,465800,0.0,0.0
23.19781881933054,23.36338612256129,22.73790964368957,23.308197021484375,552600,0.0,0.0
23.234615005955174,23.234615005955174,22.425174736547394,22.480363845825195,627400,0.0,0.0
22.388380116107417,22.5723437982447,22.075641856474032,22.517154693603516,658400,0.0,0.0
22.579821402376346,22.856309011385036,22.266468778833165,22.70884895324707,797000,0.075,0.0
22.708854246675298,23.003774431697053,22.671989223547577,22.966909408569336,431400,0.0,0.0
23.022211375221932,24.183459827294776,22.837886224099258,24.109729766845703,1136200,0.0,0.0
23.99912748086213,23.99912748086213,23.759504856245226,23.851667404174805,589000,0.0,0.0
23.704197160945917,23.851657174388812,23.538304645822656,23.74106216430664,550800,0.0,0.0
23.814803970774232,23.87010150321411,23.483018776134962,23.796371459960938,576200,0.0,0.0
23.870099913760722,24.12815504796354,23.759504856245226,23.851667404174805,483200,0.0,0.0
23.888533800123643,23.943831332068374,23.704208693641206,23.759506225585938,402800,0.0,0.0
23.814803970774232,23.814803970774232,23.66734388426789,23.796371459960938,516200,0.0,0.0
23.85165628904029,23.870088790036455,23.169653752182104,23.298681259155273,555400,0.0,0.0
23.151228826038125,23.151228826038125,22.340198516845703,22.340198516845703,1412000,0.0,0.0
22.35863365281333,22.690418818312622,21.307980628732242,22.13744354248047,1716200,0.0,0.0
22.211169416398953,22.340196956577206,22.02684435900145,22.082141876220703,842400,0.0,0.0
22.15587111024667,22.28489864583047,21.842518523828872,22.26646614074707,640000,0.0,0.0
22.413931180396546,22.46922870797976,21.84252339536999,22.13744354248047,566800,0.0,0.0
22.174300804138184,22.266463317871096,21.824083251953127,22.119003295898438,843400,0.0,0.0
22.155867080134282,22.948464654548403,22.13743457840372,22.83786964416504,753200,0.0,0.0
22.94847095894277,23.003768479325764,22.745713384205125,22.930038452148438,717400,0.0,0.0
22.708848953247067,22.764146475048808,22.487658866040118,22.70884895324707,642400,0.0,0.0
22.70884943673413,22.70884943673413,22.24803674524196,22.469226837158203,521800,0.0,0.0
22.487659944219835,22.579822484974834,22.155874797501838,22.248037338256836,604600,0.0,0.0
22.248028151456975,22.321758153615907,22.082135646599383,22.303325653076172,413600,0.0,0.0
22.119003295898438,22.21116580963135,21.639758224487306,22.119003295898438,603200,0.0,0.0
22.15586702877779,22.266462038904802,21.916244506835938,21.916244506835938,860000,0.0,0.0
21.842519554020406,21.842519554020406,21.400139411154168,21.49230194091797,826200,0.0,0.0
21.566039390370328,21.953122148659027,21.566039390370328,21.787229537963867,728200,0.0,0.0
21.824090415689277,22.008415503659624,21.56603529253079,21.7319278717041,629600,0.0,0.0
21.805656810006695,21.916251857225664,21.510736684089444,21.5476016998291,536400,0.0,0.0
21.5476016998291,21.6766292549179,21.197384050302364,21.5476016998291,628400,0.0,0.0
21.621324479830573,21.953109510211608,21.41856696126439,21.916244506835938,595200,0.0,0.0
21.897805319712585,22.0452652881955,21.695047863048583,21.76877784729004,680200,0.0,0.0
21.82408689197741,22.46922459570985,21.602896822126286,22.41392707824707,807000,0.0,0.0
22.561386787685006,22.819441865321927,22.22960168786611,22.35862922668457,524400,0.0,0.0
22.432360249533392,22.69041533868168,22.413927743165658,22.52452278137207,268600,0.0,0.0
22.598253909643592,22.708848953247067,22.41392883697113,22.70884895324707,348400,0.0,0.0
22.93003123923193,23.353978762143775,22.93003123923193,23.298681259155273,1408200,0.0,0.0
23.298689921190785,23.335554936888872,23.04063481130418,23.151229858398438,540400,0.0,0.0
23.077495349121094,23.151225366210937,22.690412759399415,23.040630340576172,380800,0.0,0.0
23.298698219746683,23.335563248575397,23.15123810443183,23.26183319091797,704600,0.0,0.0
23.188097136041197,23.59361234827721,23.151232116747014,23.538314819335938,576200,0.0,0.0
23.483034228156594,23.556764319924746,23.224978906968058,23.501466751098633,570800,0.0,0.0
23.42772397317522,23.741076693508795,23.42772397317522,23.612049102783203,662200,0.0,0.0
23.59360841374412,23.722635959756783,23.095930736266705,23.519878387451172,609400,0.0,0.0
23.575181639630387,23.575181639630387,23.16966639641548,23.188098907470703,477200,0.0,0.0
23.114366384652946,23.26182645728231,22.708851184922192,22.764148712158203,505400,0.0,0.0
22.635126182721343,23.00377644628358,22.248043405980994,22.98534393310547,950800,0.0,0.0
22.948478906749244,23.261831630777145,22.764153774968126,22.98534393310547,741000,0.0,0.0
22.856310217589595,23.059067808229504,22.266469953909866,22.91160774230957,789800,0.0,0.0
23.077514112089858,23.37243442023158,23.003784035054426,23.335569381713867,924800,0.0,0.0
23.3724232787124,23.483018341545424,23.298693236823716,23.39085578918457,668000,0.0,0.0
23.335574044620287,23.667359457576975,23.243411429910097,23.501466751098633,985200,0.0,0.0
23.501450334807824,23.777937985805565,23.501450334807824,23.630477905273438,1126400,0.0,0.0
22.119010556441836,22.266470626818112,21.3079801693723,21.7319278717041,7024200,0.0,0.0
21.787228586728617,21.86095863270739,21.289550776371872,21.621335983276367,4800000,0.0,0.0
21.08678604139142,21.547598673414836,21.08678604139142,21.36327362060547,2206200,0.0,0.0
21.436999526776766,21.62132454420391,20.865591972752622,21.013051986694336,2089800,0.0,0.0
20.994622381920237,20.994622381920237,20.423214749049713,20.552242279052734,1905800,0.0,0.0
20.644409073907333,21.30797936556864,20.644409073907333,21.271114349365234,1756800,0.0,0.0
21.307979097521336,21.5476016998291,21.289546589651508,21.5476016998291,1850000,0.0,0.0
21.824082912359025,22.119002951715228,21.639757887761398,22.063705444335938,2683000,0.0,0.0
22.08214053172225,22.395493110219142,22.008410513252393,22.17430305480957,1921400,0.0,0.0
22.22960918776843,22.22960918776843,21.547606252488634,21.676633834838867,2406600,0.0,0.0
21.676632778064626,21.971552951915843,21.58447022373612,21.824092864990234,1006000,0.0,0.0
21.89781671944311,21.934681730755305,21.566031617633367,21.750356674194336,940200,0.0,0.0
21.45249918878895,21.655752841740437,21.00903667325843,21.58184242248535,844200,0.09,0.0
21.581843210551554,21.895962503855813,21.470977577620637,21.60032081604004,893400,0.0,0.0
21.748150911035403,22.043792724609375,21.470986710809804,22.043792724609375,944200,0.0,0.0
21.914450222314827,21.914450222314827,21.378599415866994,21.655763626098633,640600,0.0,0.0
21.581852478234946,21.76662861246641,21.526419637965507,21.729673385620117,523600,0.0,0.0
21.7296740821604,21.7296740821604,21.212300889728013,21.655763626098633,981800,0.0,0.0
21.692711887279142,21.969876008496506,21.48945819838641,21.895965576171875,793400,0.0,0.0
21.96987440804226,23.060053205413574,21.951396801307155,23.02309799194336,1730800,0.0,0.0
23.041572048405936,23.54046735338345,22.949184028965654,23.207870483398438,1342000,0.0,0.0
23.281788522580996,23.72525116110635,23.115490033133987,23.521997451782227,705000,0.0,0.0
23.411132097244263,23.411132097244263,22.50572919845581,22.764415740966797,817600,0.0,0.0
22.727451087623244,22.801361497664296,22.24703342235641,22.32094383239746,1479400,0.0,0.0
22.616585472561667,22.616585472561667,21.89595897466142,22.32094383239746,972800,0.0,0.0
22.32094833558499,22.32094833558499,21.286202386253237,21.39706802368164,973400,0.0,0.0
21.43402716258632,21.71119130693011,21.193818237488372,21.489459991455078,1021400,0.0,0.0
21.58184362634436,21.67423165556672,21.26772432698832,21.34163475036621,995800,0.0,0.0
21.37858552941054,21.37858552941054,21.045988693170788,21.193809509277344,1147400,0.0,0.0
21.119907397783457,21.119907397783457,20.584056728898315,20.805788040161133,2079600,0.0,0.0
20.824262076700236,21.10142616822686,20.787306864496685,20.99056053161621,2462600,0.0,0.0
20.953608914336346,20.972086523608247,20.454713463995002,20.805788040161133,2035800,0.0,0.0
20.805782383177398,20.861215195921208,20.56557352795421,20.58405113220215,1768400,0.0,0.0
20.953602821268934,21.17533406805485,20.510140327697105,20.842737197875977,1699000,0.0,0.0
21.064466295184108,21.36010792739722,20.95360068310419,21.193809509277344,1642200,0.0,0.0
21.360107214095745,21.877480053191487,21.193808801529254,21.711181640625,1270200,0.0,0.0
21.674230375128275,22.062260074938756,21.470976722846597,21.803573608398438,2327000,0.0,0.0
21.859007328434995,21.859007328434995,21.064470291137695,21.064470291137695,2004800,0.0,0.0
21.249246090914298,21.378589327989427,20.87969398498535,20.87969398498535,2516800,0.0,0.0
20.89816296490756,20.990550953258168,20.251447046453304,20.32535743713379,2747800,0.0,0.0
20.02972313595987,20.1775439709116,19.0688877087736,19.604738235473633,6086800,0.0,0.0
19.567785833299776,19.937337973683153,19.06889044378222,19.715606689453125,3802400,0.0,0.0
19.807993900673633,19.955814750678663,19.272143319405412,19.38300895690918,2875800,0.0,0.0
19.401487016859164,19.80799436387907,18.994979669839257,19.43844223022461,3271000,0.0,0.0
19.475390274264804,19.955807871163174,19.43843507450339,19.493867874145508,3295600,0.0,0.0
19.49388383153432,19.69713759660245,18.163495551088374,18.514570236206055,4074600,0.0,0.0
18.51456283674881,18.921070204421937,18.200443507183213,18.699338912963867,5867600,0.0,0.0
18.921065579927884,19.40148326066824,18.86563277061169,19.216707229614258,4135200,0.0,0.0
19.21671478441974,19.881908757726574,19.21671478441974,19.844953536987305,3732600,0.0,0.0
19.69712625731847,19.992767927221934,19.58626063110467,19.604738235473633,3487000,0.0,0.0
19.807999876795204,20.048208830524995,19.73408942949373,19.88191032409668,4079200,0.0,0.0
19.90037425329601,19.992762248900913,19.734075861207184,19.918851852416992,3242200,0.0,0.0
20.011246928990445,20.029724534649716,19.512351576190127,19.771038055419922,7309200,0.0,0.0
19.586258281676525,20.399272776387626,19.586258281676525,20.306884765625,2859400,0.0,0.0
20.17754891555828,20.196026524455313,19.955817608793904,20.122116088867188,816800,0.0,0.0
20.103628670208828,20.103628670208828,19.401479874741977,19.493867874145508,2078000,0.0,0.0
19.493875825727308,19.493875825727308,18.847159566106026,19.14280128479004,3083000,0.0,0.0
19.253659075696323,19.54930067378763,18.99497267736643,19.493867874145508,2326400,0.0,0.0
19.419962061173987,19.60473810362093,19.216708414482348,19.51235008239746,1299400,0.0,0.0
19.40147907702954,20.066672645384834,19.40147907702954,19.918851852416992,1888200,0.0,0.0
19.918853881696588,20.251450699758312,19.90037628069316,20.232973098754883,1924200,0.0,0.0
20.232982082770523,20.39928056564261,19.660176197322222,20.085161209106445,2543800,0.0,0.0
20.085157015430394,20.085157015430394,19.512351249580952,19.807992935180664,1074800,0.0,0.0
19.91887209574382,19.992782567342125,18.958035964965823,19.401498794555664,1638800,0.0,0.0
19.475395075480144,19.475395075480144,18.847156524658203,18.847156524658203,895400,0.0,0.0
18.95802971612664,19.327581952308446,18.90259688069937,19.115089416503906,1185000,0.0,0.0
19.161279900595474,19.47539924322819,19.087369467034836,19.34605598449707,2202000,0.0,0.0
19.34605964249997,19.66017904452719,19.29062680684811,19.567790985107422,1838400,0.0,0.0
19.512352077440283,19.58626250197604,19.23518798543119,19.290620803833008,942400,0.0,0.0
19.290623159326593,19.512354460008506,19.216712725765955,19.34605598449707,3335200,0.0,0.0
19.050413247701286,19.14280128479004,18.38521938066225,19.14280128479004,1364400,0.0,0.0
18.958018291828246,19.068883895874023,18.625421479690907,19.068883895874023,1172000,0.0,0.0
18.884113978777513,18.90259158541037,18.6439050925504,18.810203552246094,427800,0.0,0.0
18.865636825561523,18.9765024680232,18.62542793356123,18.865636825561523,1335800,0.0,0.0
18.865637058661356,19.124323560934872,18.828681844050855,19.050413131713867,2413600,0.0,0.0
19.0134578326963,19.678651692732323,18.99498022547308,19.58626365661621,1826600,0.0,0.0
19.787837371103006,19.787837371103006,19.34316686838159,19.546974182128906,813800,0.09,0.0
19.621093349984083,19.750788962306924,19.38023006995595,19.435813903808594,462800,0.0,0.0
19.584033117373714,20.028703689575195,19.491393414831737,20.028703689575195,415600,0.0,0.0
17.935047560242058,19.21347553716014,17.897991676853128,18.935556411743164,6250200,0.0,0.0
18.861438606606153,18.87996654236903,17.935041818462434,18.08326530456543,2799600,0.0,0.0
18.08327153626724,18.453830379223536,17.805352404050016,18.305606842041016,2350800,0.0,0.0
18.046221038009534,18.305612305496325,17.93505335194377,18.17591667175293,2038800,0.0,0.0
18.49088853711826,19.38022986956483,18.45383264826632,19.34317398071289,3213800,0.0,0.0
19.380226909666135,19.750785741590917,19.361698968069895,19.713729858398438,1856800,0.0,0.0
19.69521106636649,20.065770070437356,19.324652062295623,19.509931564331055,1698200,0.0,0.0
19.50992724895477,19.6766787639031,19.21348011126885,19.26906394958496,1353000,0.0,0.0
19.26905500267147,20.454843002835872,19.26905500267147,20.251035690307617,2671600,0.0,0.0
20.325156505019578,20.36221239655106,19.954597589704726,20.010181427001953,1230200,0.0,0.0
19.639618680645626,19.695202507100284,19.120836300402157,19.13936424255371,1415200,0.0,0.0
19.00967992023357,19.23201535789712,18.824400388847277,19.083791732788086,1249200,0.0,0.0
19.269068546541398,19.306124447592442,18.527950525520577,18.65764617919922,884600,0.0,0.0
19.04672697141722,19.08378286046667,18.416776857576572,18.509416580200195,2320800,0.0,0.0
18.60205946833837,18.60205946833837,18.08327693336479,18.17591667175293,1092000,0.0,0.0
18.1759117234428,18.194439666076278,17.360682247569727,17.675657272338867,2350800,0.0,0.0
17.749769501364913,17.897993046261487,17.379210639123475,17.879465103149414,1829200,0.0,0.0
17.897992668790298,18.250023580495284,17.63860147069189,17.71271324157715,1382000,0.0,0.0
17.638609778362774,17.712721584154213,17.04571533203125,17.04571533203125,1109200,0.0,0.0
17.19392812353933,17.675654558035045,16.878953147138287,17.342151641845703,1644000,0.0,0.0
17.416262089012797,17.6941811649013,17.28656652026483,17.5830135345459,1235800,0.0,0.0
17.5830135345459,17.768292918471566,17.39773415062023,17.5830135345459,1505400,0.0,0.0
17.786827324340063,18.30560978796665,17.657131708433415,17.897994995117188,1542600,0.0,0.0
17.972104818709774,17.972104818709774,17.768297444476985,17.879465103149414,1257200,0.0,0.0
17.842409381925506,18.046216758043034,17.80535349535868,17.953577041625977,1020400,0.0,0.0
18.02769016845064,18.175913725847973,17.620075385607976,17.69418716430664,1516200,0.0,0.0
17.675649341148667,17.749761078428115,17.54595380090963,17.564481735229492,1234400,0.0,0.0
17.62007160563218,17.675655427731964,16.6010348671361,16.89748191833496,1108200,0.0,0.0
16.971602537281452,16.971602537281452,16.230484522553006,16.508403778076172,1299200,0.0,0.0
16.508399335588727,16.56398317173549,16.082256591796874,16.211952209472656,1680400,0.0,0.0
16.19341937497131,17.69418249782334,16.156363495394714,17.342151641845703,1787400,0.0,0.0
17.323623203586887,17.675654049435177,16.80484090444204,17.138343811035156,1355800,0.0,0.0
17.138353206953447,17.28657680225683,17.00865756106299,17.064241409301758,1224600,0.0,0.0
16.601036283469757,17.26804220557345,16.601036283469757,16.693675994873047,1978000,0.0,0.0
17.008650172091457,17.286569292550467,16.61956340344884,17.15687370300293,1065200,0.0,0.0
16.823364362435,17.657121406828804,16.74925262515555,17.564481735229492,1305400,0.0,0.0
17.19394234504489,17.212470300158085,16.211960724045557,16.767799377441406,1966200,0.0,0.0
16.601027646900917,16.601027646900917,15.378184092553306,15.637575149536133,2002600,0.0,0.0
15.155860624815288,15.693171087064242,15.155860624815288,15.489363670349121,2485600,0.0,0.0
15.489357543539397,15.637581060702454,15.137326690277138,15.322606086730957,2145000,0.0,0.0
15.39671596716035,15.85991440179213,15.304076280233994,15.711690902709961,1582400,0.0,0.0
15.711690902709961,15.84138646440686,15.526411528857249,15.711690902709961,1181200,0.0,0.0
15.711699782044981,16.601041279141867,15.711699782044981,16.341650009155273,1019600,0.0,0.0
16.563989599499752,16.712213220076933,15.767287638897416,15.989623069763184,1176200,0.0,0.0
15.989609575271608,16.137833070755004,15.452299404144288,15.563467025756836,1689200,0.0,0.0
15.619055716012943,16.249005768616076,15.563471887842079,16.026670455932617,1656200,0.0,0.0
15.952559219134425,16.28606219932539,15.859919502414712,16.267534255981445,1481600,0.0,0.0
16.193412570295663,16.26752429830617,15.878437726251011,16.119300842285156,1005800,0.0,0.0
15.711697377135598,16.15636805762057,15.415250256812284,16.06372833251953,1565600,0.0,0.0
16.10078410307566,16.28606355190277,15.896976709365843,16.00814437866211,1161000,0.0,0.0
16.082251736241528,17.564486919305264,15.97108409751175,17.342151641845703,2499200,0.0,0.0
17.39774799717283,19.19495945161986,17.286580278341052,19.083791732788086,2386200,0.0,0.0
19.08377869034917,19.454337499870512,18.67616399987569,19.21347427368164,2389800,0.0,0.0
19.139362612881335,19.157890553455275,18.398244989923683,18.453828811645508,1743400,0.0,0.0
18.472358534583392,18.546470304030066,17.97210409081835,18.39824676513672,1084600,0.0,0.0
18.379718223314608,18.435302048586728,18.009159388167138,18.13885498046875,1086600,0.0,0.0
18.083274366450013,18.101802311497604,17.360684509593916,17.860939025878906,1639000,0.0,0.0
17.860938585567574,18.009162142294276,17.379212026205796,17.65713119506836,1993200,0.0,0.0
17.49038760803076,17.657139184802237,17.08277264258936,17.30974006652832,1303800,0.0,0.0
17.212456910233747,17.657127487032035,16.823370155535244,16.89748191833496,1790800,0.0,0.0
16.89526024986716,17.359926373350856,16.839500315049115,17.06254005432129,1705000,0.09,0.0
17.062535711972142,17.65730819866398,16.59786970674414,17.26698875427246,2237400,0.0,0.0
17.266982458295864,17.93610126184662,16.430583953857422,16.430583953857422,1917200,0.0,0.0
16.653623232494063,17.76882121681286,16.653623232494063,17.60154151916504,1432400,0.0,0.0
17.545789623260497,18.252082002162933,17.174056792259215,17.843175888061523,1708000,0.0,0.0
18.06621813092913,18.14056470759962,17.34133900839185,17.56437873840332,1655800,0.0,0.0
17.787410259246826,18.10338306427002,17.359917640686035,17.471437454223633,1000600,0.0,0.0
17.694475133019967,17.824581567821586,17.229809294442763,17.322742462158203,807600,0.0,0.0
17.30415633053875,17.880341987087302,17.17404989196327,17.638715744018555,864400,0.0,0.0
17.91752245426178,18.121975511312485,17.713069397211072,17.843175888061523,1189400,0.0,0.0
17.991865053772926,19.18140985071659,17.991865053772926,19.032716751098633,2041000,0.0,0.0
18.73533496683818,18.884028101495627,18.363602130194565,18.45653533935547,1292200,0.0,0.0
18.47512479463541,18.6238179519363,17.564379206167466,17.582965850830078,1719000,0.0,0.0
17.62014025529063,18.214912922135884,17.322753921868003,18.15915298461914,1199600,0.0,0.0
18.14056519070841,18.159151835371024,17.545792561504857,17.582965850830078,2115600,0.0,0.0
17.620136142762238,18.066215538781535,17.564376218259827,17.99186897277832,1127400,0.0,0.0
17.9918665920443,18.214906260540715,17.806000201630617,17.97327995300293,944000,0.0,0.0
17.898942583624937,18.475128689639863,17.843182637881558,18.419368743896484,1353400,0.0,0.0
18.41935911543587,19.33010441983179,18.140559532457527,18.93978500366211,1516000,0.0,0.0
18.8840212740817,18.902607909193986,18.363595490937715,18.56804847717285,1653600,0.0,0.0
18.605226028487976,18.82826570115716,18.475119552764284,18.660985946655273,939400,0.0,0.0
18.735329143245046,19.125648500395986,18.456529602422947,19.051301956176758,957800,0.0,0.0
18.976968301511278,19.274354680379233,18.939795004152785,18.95838165283203,1436600,0.0,0.0
18.958369245806942,19.311515339601385,18.66098306155899,19.144235610961914,1317800,0.0,0.0
19.21858610073567,19.255759381394736,17.93610791799799,18.69816017150879,1634400,0.0,0.0
18.62381650543213,18.79109629440308,18.214910354614258,18.58664321899414,699800,0.0,0.0
18.623813089016267,19.162825643488794,18.493706610350483,18.902612686157227,445800,0.0,0.0
18.884023673920762,19.08847668613841,18.62381074928012,18.809677124023438,903800,0.0,0.0
18.698162577088073,19.051308788782578,18.493709507159675,18.64240264892578,638600,0.0,0.0
18.716742516512895,18.846848968961346,18.568049428000382,18.679569244384766,754800,0.0,0.0
18.77249675679744,19.218575887652033,18.753910126345165,18.97694969177246,878800,0.0,0.0
18.97695977645176,19.21858610073567,18.289254084259092,18.69816017150879,1162400,0.0,0.0
18.69815588044883,18.809675696833217,18.549462791936318,18.679569244384766,722800,0.0,0.0
18.6424139623016,19.311533506312426,18.549480692300097,19.255773544311523,943200,0.0,0.0
19.18140888029648,19.25575542634414,19.014129151689243,19.218582153320312,562000,0.0,0.0
19.21858314845873,19.441622798150707,18.73533057412611,18.809677124023438,983200,0.0,0.0
18.660986890849724,18.884026574804103,18.47512048755441,18.69816017150879,637600,0.0,0.0
18.753923647508223,18.828270222919553,18.19632433192324,18.233497619628906,793000,0.0,0.0
18.19632146608308,18.437947798114827,18.17773482515756,18.270668029785156,529800,0.0,0.0
18.345011165365577,19.311516312882304,18.345011165365577,19.032716751098633,1955400,0.0,0.0
19.0698881149292,19.1070613861084,18.02903652191162,18.14055633544922,1433600,0.0,0.0
18.066212708095335,18.25207909398109,17.713066574912403,17.731653213500977,964200,0.0,0.0
17.86176020317846,17.898933481436895,17.304161029301923,17.52720069885254,1738600,0.0,0.0
17.582961637827502,17.69448147908222,17.26698875427246,17.26698875427246,1722200,0.0,0.0
17.266983050469005,17.545782561509945,16.98818353942806,17.490022659301758,758200,0.0,0.0
17.917520120566113,18.02903995534142,17.52720069885254,17.52720069885254,1137400,0.0,0.0
17.52720069885254,17.694480451015497,17.43426750320645,17.52720069885254,717000,0.0,0.0
17.601546312981508,17.601546312981508,17.17405363589748,17.415679931640625,707400,0.0,0.0
17.49002605781221,17.5086126954932,16.951013565063477,16.951013565063477,782600,0.0,0.0
16.96959498443769,17.155461304091993,16.80231529674882,17.118288040161133,1641200,0.0,0.0
17.155468410915798,17.471441285223023,17.081121852255276,17.3970947265625,1110000,0.0,0.0
17.322749964187363,17.41568317214974,16.969603773930324,16.978897094726562,766000,0.0,0.0
16.913840298085486,16.951013573465893,16.802320471944263,16.876667022705078,947000,0.0,0.0
16.932425956315893,17.471438418152513,16.765146226780388,17.285572052001953,1169400,0.0,0.0
17.28556919507203,17.397088996330556,17.136876126727323,17.322742462158203,875600,0.0,0.0
17.843167477601106,17.843167477601106,17.266981861136905,17.406381607055664,1594600,0.0,0.0
17.47144594694439,17.95469870717902,17.47144594694439,17.657312393188477,3848000,0.0,0.0
17.76883439191683,17.76883439191683,16.133209468811515,16.523529052734375,1835800,0.0,0.0
16.39341068699349,16.504930487585284,16.244717619537766,16.430583953857422,1495200,0.0,0.0
16.653629286024305,16.87666896396213,16.523522807227238,16.727975845336914,1186600,0.0,0.0
16.746558666229248,16.913838386535645,16.356239318847656,16.504932403564453,1075200,0.0,0.0
16.504944474014753,16.709397615021693,16.11462484118332,16.300491333007812,1361000,0.0,0.0
16.22613424660747,17.062532919113007,16.22613424660747,16.85807991027832,1114000,0.0,0.0
16.930429199811485,17.377929531084035,16.594803951357072,17.280038833618164,1404200,0.09,0.0
17.154184181596978,17.154184181596978,16.557516905715346,16.688037872314453,938400,0.0,0.0
16.53887004601328,17.019000715331025,16.426994938599435,17.005016326904297,1808200,0.0,0.0
17.00500683906751,17.45250701904297,16.949069316570576,17.45250701904297,570000,0.0,0.0
17.452512960371898,17.58303389063109,17.023658475234555,17.191471099853516,836200,0.0,0.0
17.228760950773665,17.471156938176325,17.060948344110283,17.284698486328125,947600,0.0,0.0
17.48980345118941,17.60167852657015,17.02365730376965,17.13553237915039,1539400,0.0,0.0
17.005009183947674,17.042300870754577,16.57615478566829,16.669384002685547,1657600,0.0,0.0
16.706680314171123,17.433868408203125,16.63209691991143,17.433868408203125,1909000,0.0,0.0
17.601681045287435,17.63897274241728,17.15418067972928,17.433868408203125,1103800,0.0,0.0
17.3779335388379,17.48980864745703,17.172829173036163,17.471162796020508,1021200,0.0,0.0
17.452512972524477,17.825429916381836,17.43386712533161,17.825429916381836,1058800,0.0,0.0
17.825429843582267,17.88136738493242,17.0236584175634,17.098241806030273,1125000,0.0,0.0
17.098239138739142,17.284697580819177,16.557509656707044,16.613447189331055,2474200,0.0,0.0
16.613441571593285,16.799899950623512,16.44562903046608,16.7066707611084,1340400,0.0,0.0
16.781264778197283,17.005014975239913,16.40834778312623,16.576160430908203,1556800,0.0,0.0
16.65073953155483,16.81855213601619,16.44563523721317,16.46428108215332,1376000,0.0,0.0
16.5388687314011,16.68803552942952,16.352410233865573,16.576160430908203,564000,0.0,0.0
16.65074052174886,16.930428212483722,16.632094675699868,16.781261444091797,964200,0.0,0.0
16.78125882069534,17.191467369645668,16.762612977561233,16.837196350097656,1790600,0.0,0.0
17.005012570446684,17.228762735847297,16.781262405046068,17.098241806030273,1035200,0.0,0.0
17.098236622008603,17.601674341522486,16.706673951275583,16.8558406829834,1415200,0.0,0.0
16.8558408541022,17.471153628643545,16.818549170796665,17.042299270629883,1300800,0.0,0.0
17.228759291904424,17.228759291904424,16.911779954282807,17.116884231567383,889600,0.0,0.0
17.04230182639284,17.06094767084185,16.818551693004753,16.89313507080078,1128200,0.0,0.0
17.00501422283361,17.191472712119065,16.52022215069142,16.632097244262695,955800,0.0,0.0
16.650738877747063,16.706676410371074,16.445634591459026,16.613447189331055,1140600,0.0,0.0
16.576152580618064,16.799902671695023,16.482923376002663,16.74396514892578,1072000,0.0,0.0
16.59480848455327,17.527101096045026,16.59480848455327,17.415225982666016,1767400,0.0,0.0
17.452512078366038,17.6016788482666,17.340637000940614,17.6016788482666,848600,0.0,0.0
17.52709038237221,17.657611268198387,17.415215337378346,17.45250701904297,715600,0.0,0.0
17.471159482304056,17.75084720080412,17.41522193860404,17.6762638092041,743200,0.0,0.0
17.732199771929597,17.732199771929597,17.228761923515194,17.6016788482666,690000,0.0,0.0
17.564387940453173,17.67626302287644,17.35928362267718,17.63897132873535,881600,0.0,0.0
17.489798482259115,17.75084025065104,17.452506801060267,17.620319366455078,754400,0.0,0.0
17.583032811291122,17.73219957957355,17.228761736620356,17.321990966796875,1192600,0.0,0.0
17.28470501705717,17.583038652734533,17.28470501705717,17.415225982666016,846600,0.0,0.0
17.41521780359138,17.564384551373745,17.04230093413546,17.210113525390625,926000,0.0,0.0
17.172825194497143,17.247408582964017,17.060950111796835,17.098241806030273,667800,0.0,0.0
17.06094759815144,17.116885131260133,16.743968243868846,16.79990577697754,885600,0.0,0.0
16.874484517285236,16.967713713513334,16.725317803320284,16.762609481811523,646200,0.0,0.0
16.762615461214583,17.17282407094397,16.66938623173063,17.13553237915039,1381400,0.0,0.0
17.07958997062463,17.19146501410034,16.706673159038942,16.81854820251465,953600,0.0,0.0
16.76262175919065,17.06095540562786,16.743975906288323,16.986371994018555,1375000,0.0,0.0
17.005007414691217,17.005007414691217,16.79990315859297,16.8558406829834,756200,0.0,0.0
16.781256530370577,16.986360776852884,16.725319008602675,16.72998046875,639800,0.0,0.0
16.78125674086482,16.837194263334368,16.632090014279356,16.65073585510254,643800,0.0,0.0
16.650734446337808,16.930422035022094,16.650734446337808,16.762609481811523,1009800,0.0,0.0
16.781265300940415,17.02366135528733,16.74397360027166,16.874494552612305,1303000,0.0,0.0
17.154175683377456,17.284696585316198,16.81855050696355,16.837196350097656,1646200,0.0,0.0
16.83719798095634,16.9677188955374,16.42698939227302,16.46428108215332,1395000,0.0,0.0
16.50157237539486,16.818551731758376,16.445634841918945,16.445634841918945,1021200,0.0,0.0
16.44563233774131,17.15417432054649,16.315111446171933,17.042299270629883,2733800,0.0,0.0
17.005013687884222,17.284701413013895,17.005013687884222,17.060951232910156,2170000,0.0,0.0
17.266057536913,17.37793263974397,17.1355365836102,17.15418243408203,1506600,0.0,0.0
17.172820131966237,17.21011181520612,16.557507358508165,16.594799041748047,1978400,0.0,0.0
16.557520343707157,16.557520343707157,15.215018694217388,15.513352394104004,4503400,0.0,0.0
15.513342372557428,15.923550944908706,15.457404839964072,15.62521743774414,2885800,0.0,0.0
15.625211635106048,15.923545031480387,15.625211635106048,15.886253356933594,1894800,0.0,0.0
15.904908125130635,15.960845668360873,15.569282865749216,15.811678886413574,1607200,0.0,0.0
15.886260329845339,16.110010475336118,15.830322793472645,16.03542709350586,2294600,0.0,0.0
16.035428945084064,16.110012335526314,15.774387078536183,15.94219970703125,1206800,0.0,0.0
15.998137474060057,16.128658409163112,15.531991277263435,15.998137474060059,1870400,0.0,0.0
15.927022248471772,16.132894451448493,15.88959093883964,16.039316177368164,1332400,0.1,0.0
16.058018433196203,16.975084753973142,16.020587154797145,16.76921272277832,2129800,0.0,0.0
16.844080598562353,16.881511888781382,16.488483341481594,16.731786727905273,974600,0.0,0.0
16.69436442230294,16.713080077484893,16.357482629027768,16.5072078704834,1455600,0.0,0.0
16.50720207363951,17.461700152727513,16.50720207363951,17.180965423583984,1615800,0.0,0.0
17.218402038186284,17.68629339791961,17.18097072940762,17.667577743530273,1770600,0.0,0.0
17.667577809855356,18.00445959012802,17.667577809855356,17.76115608215332,3267000,0.0,0.0
17.817293401071783,18.13545935466235,17.817293401071783,18.00444984436035,2146400,0.0,0.0
18.004457218130838,18.36005460601492,17.96702591414304,18.15418243408203,1225800,0.0,0.0
18.15418202029772,18.491063748509433,18.09803506559577,18.116750717163086,2049000,0.0,0.0
18.116741224358844,18.472338417812168,17.817290956187623,17.873437881469727,1554400,0.0,0.0
17.85473093082165,17.85473093082165,17.10610489598636,17.36812400817871,3137000,0.0,0.0
17.386849630835222,17.499143600463867,17.10611470676361,17.499143600463867,1216200,0.0,0.0
17.42427646138336,17.72372696984967,17.349413834266784,17.611433029174805,1216400,0.0,0.0
17.573989071711544,17.66756728828083,17.031235415609697,17.255823135375977,2009800,0.0,0.0
16.993809031510274,17.311975059633266,16.563349111108582,17.27454376220703,2404600,0.0,0.0
17.18096757392066,17.18096757392066,16.54463544155323,16.60078239440918,4289600,0.0,0.0
16.469770890695077,16.638211729349912,16.076742267167127,16.170320510864258,2645600,0.0,0.0
16.170317629550365,16.282611501977797,15.721142139840632,15.833436012268066,3290000,0.0,0.0
15.852152402283714,15.983161926269531,15.608849000595772,15.983161926269531,3787800,0.0,0.0
15.8708760726855,15.889591728431592,15.402984679033215,15.496562957763672,2067600,0.0,0.0
15.533981623067243,15.571412904086683,15.103521891343693,15.477834701538086,3598800,0.0,0.0
15.36555304346353,15.36555304346353,14.822799038274198,15.290690422058105,5096800,0.0,0.0
15.271970385174418,16.3949093840843,15.271970385174418,16.095458984375,4837400,0.0,0.0
16.207755986697492,16.71307863293402,16.03931510461865,16.638216018676758,3097200,0.0,0.0
16.619496415301068,17.068671994092988,16.469771222370426,16.881515502929688,3218000,0.0,0.0
16.825358904325046,17.06866220327524,16.45104613670936,16.54462432861328,1755400,0.0,0.0
16.600782643948534,16.91894871491485,16.1141757118824,16.45105743408203,2216000,0.0,0.0
16.69435420257366,17.068667077070828,16.60077598394937,16.95637321472168,2295200,0.0,0.0
16.956372418610947,17.330685275533924,16.84407856153405,17.21839141845703,2151800,0.0,0.0
17.29326411889858,17.59271457983189,17.162254542240255,17.442989349365234,1333400,0.0,0.0
17.36813396923045,17.648868893302062,17.18097735318271,17.499143600463867,1913400,0.0,0.0
17.461705072457914,17.742439880696786,17.386842456927546,17.53656768798828,2041400,0.0,0.0
17.36812400817871,17.630143120371063,17.255830102953418,17.36812400817871,2201200,0.0,0.0
17.424268855508373,17.48041580133708,16.806652451392612,17.180965423583984,1789600,0.0,0.0
17.25582705089318,17.36812093625691,17.12481751796883,17.34940528869629,1898000,0.0,0.0
17.311975714164575,17.36812266242673,16.918947076329488,17.162250518798828,847600,0.0,0.0
17.29325915561633,17.55527823373173,16.61949581189102,16.65692710876465,2400200,0.0,0.0
16.731779982093183,17.106092733370435,16.469761056199104,16.806642532348633,1820000,0.0,0.0
16.41362386703491,16.95637767791748,16.41362386703491,16.844083786010742,2811800,0.0,0.0
16.881520138786158,16.881520138786158,16.282619202598624,16.432344436645508,1117000,0.0,0.0
16.65692414746722,16.900227533890895,16.432336406153052,16.731786727905273,387400,0.0,0.0
16.694362418545555,16.787940683223503,16.39491197157613,16.41362762451172,2286600,0.0,0.0
16.413625884889345,16.750507602025046,16.37619458298538,16.60078239440918,1554800,0.0,0.0
16.600774540249997,17.143528161069895,16.58205889815276,16.993803024291992,2101200,0.0,0.0
16.769220451668282,17.10610211252769,16.73178915601724,16.8627986907959,2519400,0.0,0.0
16.731788316299287,16.937660432047934,16.694357022526805,16.787935256958008,1589000,0.0,0.0
16.86279936122079,17.667572249714127,16.76922111837273,17.517847061157227,2015600,0.0,0.0
17.592709806450177,18.135463619627895,17.592709806450177,18.041885375976562,2342400,0.0,0.0
17.96702766418457,18.378772048155465,17.705008510748545,17.96702766418457,2052800,0.0,0.0
17.66757244085913,17.967022821212673,17.66757244085913,17.70500373840332,1420600,0.0,0.0
18.079314009314984,18.079314009314984,17.51784463014371,17.723716735839844,1285800,0.0,0.0
17.686291134234555,18.32262330202712,17.667575482240657,18.15418243408203,1595600,0.0,0.0
17.96702443817515,18.3974843986731,17.96702443817515,18.191612243652344,1655200,0.0,0.0
17.742439950347705,18.19161564529322,17.38684252518251,17.630146026611328,3400600,0.0,0.0
17.255824028313494,17.368117894007508,16.338757458479044,16.75050163269043,3120800,0.0,0.0
16.675639286357395,17.218392978057018,16.24517946190597,16.937658309936523,2816400,0.0,0.0
16.993803704303243,17.21839141845703,16.71306906161101,17.21839141845703,2251400,0.0,0.0
17.143535014802378,17.311975861017682,16.825368971951242,16.918947219848633,1927400,0.0,0.0
16.544637750855177,17.012529089963074,16.413628175904968,16.638216018676758,1804000,0.0,0.0
17.08738319405212,17.461696078916347,16.544629510998984,17.330686569213867,2108200,0.0,0.0
17.405552231378156,17.77986518259059,16.975092337483858,17.34940528869629,1774800,0.0,0.0
17.2745457538243,17.461702262533123,16.91894838727754,17.36812400817871,1202800,0.0,0.0
17.39065819266457,17.97285085354211,17.01505002435648,17.9165096282959,1021000,0.1,0.0
17.7662645173499,17.99162939494842,17.31553476215286,17.860166549682617,1308400,0.0,0.0
17.935290691860075,18.386020510294255,17.878949464555802,17.897729873657227,1508800,0.0,0.0
17.916511717296782,17.991633359717316,17.52212309458899,17.747488021850586,1526600,0.0,0.0
17.7287083576635,18.367242345121717,17.46578259812188,18.216999053955078,1271800,0.0,0.0
18.029185703822545,19.193570613861084,18.01040530204773,18.930644989013672,2350800,0.0,0.0
19.005775451660156,19.043336272710867,18.461143546424836,19.005775451660156,2599200,0.0,0.0
18.930657022306235,19.212363227995315,18.724072471467576,18.968217849731445,3041000,0.0,0.0
18.893088834369603,19.212355743101494,18.592602332033703,18.686504364013672,2846400,0.0,0.0
18.423584510540138,18.53626698461072,17.916513377222522,18.517486572265625,1697200,0.0,0.0
18.592603947566104,18.64894517164964,18.104313338842147,18.310897827148438,1554000,0.0,0.0
18.235777670911734,18.310899309102926,17.89773029905137,18.10431480407715,2737000,0.0,0.0
18.17942839050293,18.7804012298584,18.02918518066406,18.7804012298584,3236000,0.0,0.0
18.930641769303737,19.193567349432957,18.51747300052925,19.02454376220703,1878600,0.0,0.0
18.949434649932275,18.949434649932275,18.479924376148027,18.611387252807617,2288600,0.0,0.0
18.648941080497973,18.705282292221533,18.31089381015662,18.592599868774414,1747000,0.0,0.0
18.442359724754777,18.836748272840165,18.179434026031185,18.667724609375,1897200,0.0,0.0
18.893083444981304,19.212350262640033,18.780401038748813,19.11844825744629,1841000,0.0,0.0
19.13724365082395,19.13724365082395,18.51748993102298,18.85553741455078,1110400,0.0,0.0
18.930644755460776,19.437715597124903,18.799181944658965,19.32503318786621,1724200,0.0,0.0
19.32503437351536,19.531618803164214,19.024547930389758,19.456497192382812,1598200,0.0,0.0
19.456501510929794,19.52861763137847,19.080893373653154,19.3994083404541,1159600,0.0,0.0
18.269579354854354,19.528617403669493,18.269579354854354,19.477535247802734,3288000,0.0,0.0
19.480544063614552,19.877186227623614,19.222125440885716,19.681869506835938,3259400,0.0,0.0
19.684874558762242,20.138607599247774,19.468523875667728,20.132598876953125,2660800,0.0,0.0
20.072504031428387,20.162648627980744,19.291237106124218,19.519607543945312,1846000,0.0,0.0
19.456505025942633,19.660835981236765,19.396408630133408,19.58571434020996,2332400,0.0,0.0
19.531622830770623,19.531622830770623,19.231136325681845,19.438472747802734,1962000,0.0,0.0
19.438470085608134,19.573688077367276,19.156012075899074,19.414430618286133,1276400,0.0,0.0
19.414426896077146,19.53161641114165,19.351325025852365,19.453489303588867,1065200,0.0,0.0
19.45349687558049,19.45349687558049,19.15902022031273,19.183059692382812,1411400,0.0,0.0
19.110948728783853,19.63680031805677,19.050852321307914,19.486557006835938,2029000,0.0,0.0
19.516594002510168,19.81407723850993,19.324282857991154,19.615755081176758,1266000,0.0,0.0
19.645808584441586,19.645808584441586,19.30926513671875,19.30926513671875,1631600,0.0,0.0
19.47152929156595,19.772015840555976,19.366357165395094,19.639801025390625,2094200,0.0,0.0
19.669847527900433,19.669847527900433,19.083898578576253,19.20709800720215,1975400,0.0,0.0
19.17104196263692,19.26719871471512,19.038828291210407,19.174047470092773,2010000,0.0,0.0
19.110938214863,19.186059829145112,18.858529545024513,18.939661026000977,1183200,0.0,0.0
19.080891486124965,19.195076669515803,18.570064240707996,18.888580322265625,1487000,0.0,0.0
18.88857797396993,18.88857797396993,18.51597428061717,18.729320526123047,1267400,0.0,0.0
18.660210498606645,18.75035736227135,18.509967254185447,18.69927406311035,2145400,0.0,0.0
18.660216002068754,18.735337646435,18.13436449150505,18.299633026123047,3387800,0.0,0.0
18.344707032576082,18.473916364614524,18.023186456461474,18.1944637298584,2136200,0.0,0.0
18.194460115018178,18.35972748591954,17.99012917221697,18.17643165588379,2192000,0.0,0.0
18.479920273880776,18.870552505701667,18.419822742924087,18.518983840942383,1738600,0.0,0.0
18.585088230701885,19.588714260682494,18.479918421766914,19.46851921081543,2477400,0.0,0.0
19.95230158485812,20.20470911315069,19.576693506425286,19.678857803344727,2457800,0.0,0.0
19.937273212825527,20.111555884047995,19.78402449898995,19.967321395874023,2103600,0.0,0.0
19.967323886184687,20.333917725674162,19.838114619684788,20.276826858520508,1647200,0.0,0.0
20.252799078623994,20.282847282758915,19.321290995255346,19.408430099487305,2020600,0.0,0.0
19.46851263478271,19.528608993152073,19.008767698658055,19.08088493347168,2210800,0.0,0.0
19.156016857965984,19.216114395008717,18.4829265063647,18.7503604888916,2777000,0.0,0.0
18.750354506065765,18.780402691866826,18.254551416494554,18.645183563232422,1854800,0.0,0.0
18.64519509031595,18.930657616967775,18.500961646024248,18.660219192504883,1702800,0.0,0.0
18.585094393177098,18.63016783838901,17.518367270393373,17.969097137451172,2927000,0.0,0.0
17.36812194374364,17.833875855807985,17.202854574464702,17.815847396850586,4913800,0.0,0.0
17.743728463262403,17.933035288472084,17.368120319898402,17.506343841552734,2766200,0.0,0.0
17.506346609682282,17.548415691253748,16.917393222864966,17.043598175048828,2408200,0.0,0.0
17.06462539085846,17.39516001999702,16.68000196395753,17.33806800842285,3000800,0.0,0.0
17.19382954242983,17.434218396373375,16.707040823646626,17.271955490112305,2108000,0.0,0.0
17.274972591042264,17.710677179782273,17.157781871459903,17.65658950805664,1755200,0.0,0.0
17.638560874908443,18.029193164213353,17.368122518939153,17.626541137695312,2649600,0.0,0.0
17.563224554834278,17.638603200992364,17.156180325655352,17.424528121948242,1346200,0.1,0.0
17.216481135961228,17.270753849469802,16.957179577204098,17.10793685913086,2162400,0.0,0.0
17.095870662543017,17.183310134803396,16.468720013458615,17.13808250427246,3539800,0.0,0.0
17.186330923913758,17.659708718750473,16.94511949186111,17.07778549194336,1685200,0.0,0.0
17.00541469978342,17.02049019158987,16.432536809647782,16.6164608001709,2848400,0.0,0.0
16.91496160736142,17.119991542617985,16.73405338222278,17.005416870117188,1908000,0.0,0.0
17.186322966380096,18.121017264126248,17.06571673110291,18.015487670898438,2634800,0.0,0.0
17.789362042674,18.090876653566777,17.27980276433251,17.771270751953125,2972800,0.0,0.0
17.879808413606096,18.151171905371726,17.74412666772328,17.97026252746582,1831400,0.0,0.0
18.000419543084387,18.30796453369152,17.952177259274645,18.18132781982422,2629400,0.0,0.0
18.22654582971016,18.271772299895417,17.50291080488441,17.85869789123535,2241600,0.0,0.0
17.879809135221794,18.211475766341877,17.713976394755004,18.151172637939453,2088000,0.0,0.0
18.33208107176455,18.347156566482017,18.03358236572453,18.307960510253906,913200,0.0,0.0
18.277803467005658,18.528060982884515,18.0908648522512,18.41951560974121,1347800,0.0,0.0
18.347160819374388,19.634629300077385,18.271782178127676,19.173311233520508,3444000,0.0,0.0
19.22155094417094,19.25170193655773,18.543143263788437,18.953203201293945,3062600,0.0,0.0
18.88083385699816,19.007470519534532,18.62153125530653,18.751182556152344,1273200,0.0,0.0
18.693907480168317,18.80848336419592,18.573301165382727,18.681846618652344,976200,0.0,0.0
18.603451520780236,18.699936103206735,18.473800147484575,18.50093650817871,1271400,0.0,0.0
18.310980428272558,18.769282730970897,18.16926820666166,18.67279815673828,1054400,0.0,0.0
18.603452285885,19.20648152594489,18.51299812991342,19.00145149230957,1517200,0.0,0.0
18.784357808076628,19.369295669995587,18.754206810626297,19.251705169677734,1215800,0.0,0.0
19.266784534911714,19.399449402471625,19.034618141214402,19.109996795654297,908600,0.0,0.0
19.185364956047895,19.221546368336114,18.892895568736716,19.146167755126953,674800,0.0,0.0
19.221557120966505,19.221557120966505,18.78436068974634,19.034618377685547,893400,0.0,0.0
18.9954221815402,19.070800840990756,18.627573955361623,18.9803466796875,1104600,0.0,0.0
18.874808004625727,19.345172207935914,18.65771833795733,19.32707977294922,1096600,0.0,0.0
19.296926350121062,19.41150102219067,18.99842651456059,19.302955627441406,1075400,0.0,0.0
19.302962336251333,19.51402392178468,19.176326765155533,19.39040184020996,1561600,0.0,0.0
19.34215583349578,19.41753445926905,19.23662506730127,19.37230682373047,1541800,0.0,0.0
19.507987290616743,19.779350801536633,19.447685310578137,19.661760330200195,2098200,0.0,0.0
19.89996328105165,19.89996328105165,19.477842387742463,19.652721405029297,1993000,0.0,0.0
19.643670826752327,19.909002767960683,19.538141208111117,19.860761642456055,1569800,0.0,0.0
19.71905097557708,20.16529119750476,19.688899982264125,20.08388328552246,1961600,0.0,0.0
20.095939475958428,20.97033188121023,19.908999680234604,20.958271026611328,2841800,0.0,0.0
21.060790300985317,21.706031236907748,21.01857844913046,21.46783447265625,3299800,0.0,0.0
21.392460353978894,21.392460353978894,20.952249305707657,21.130144119262695,2180600,0.0,0.0
21.205505960518376,21.24470200005251,20.834642277341334,21.121082305908203,1577600,0.0,0.0
21.19647709982953,21.36230874803801,20.958280292035777,21.175371170043945,1434400,0.0,0.0
21.19647309046851,21.19647309046851,20.756259837567157,20.967321395874023,1807800,0.0,0.0
20.96430669989661,21.106018909203883,20.735154993349244,21.087928771972656,1280600,0.0,0.0
20.95526167275249,20.95526167275249,20.457762194547694,20.80450439453125,2030200,0.0,0.0
20.876860737343815,20.8798765260729,20.59343870687517,20.74419593811035,1699400,0.0,0.0
20.68389306776424,20.864801297437516,20.47283384987425,20.539167404174805,1120200,0.0,0.0
20.623595349249534,20.77133683227503,20.566306849548997,20.641685485839844,1142800,0.0,0.0
20.56631092128751,20.732144874108705,20.472842129901316,20.638673782348633,820200,0.0,0.0
20.774349632423267,20.864802602732134,20.57233546832306,20.765304565429688,763200,0.0,0.0
20.744190960560914,21.102991520553292,20.502978528314205,21.09394645690918,1343400,0.0,0.0
20.925111400430765,21.090943031981766,20.50299054674656,20.650732040405273,1738200,0.0,0.0
20.683891665392604,20.804497910455307,20.43363410945273,20.74419593811035,1353200,0.0,0.0
20.683885682609162,20.744189937883995,20.385387095208156,20.4969482421875,1154200,0.0,0.0
20.442681331466066,20.445694819801105,19.978348786491715,20.24669647216797,1149400,0.0,0.0
20.249712969797017,20.252726458237557,19.779348830940076,20.053728103637695,1258800,0.0,0.0
19.8396583981504,20.13514137025191,19.791414965757152,20.023582458496094,1330800,0.0,0.0
19.7793433374929,19.884872912923772,19.628586143913882,19.767282485961914,1681000,0.0,0.0
20.26178460134698,20.32208891467128,20.008513386507957,20.2376651763916,3168200,0.0,0.0
20.201476187262028,20.261778181104408,19.975340259792677,20.005491256713867,1710400,0.0,0.0
20.065788696014206,20.141167312752994,19.643667982202434,19.703969955444336,1142200,0.0,0.0
19.56830918770647,19.89997497725231,19.53815817054324,19.893945693969727,1977200,0.0,0.0
19.893927440768877,20.1260925903208,19.830607372336218,20.026592254638672,1401400,0.0,0.0
20.06579022187247,20.346198789478713,19.77332079862614,19.85472869873047,1148400,0.0,0.0
19.93011008964237,20.020565369321424,19.46879322410048,19.694929122924805,865400,0.0,0.0
19.523066718816615,19.746186837212818,19.239643461599076,19.716035842895508,2138000,0.0,0.0
19.507344873399358,19.761392908370286,19.204905417997818,19.33797836303711,2383200,0.1,0.0
19.295643098955416,19.58598594437641,19.23817999967471,19.458959579467773,2153400,0.0,0.0
19.534568658456188,19.534568658456188,19.114179038803815,19.14442253112793,2437600,0.0,0.0
19.220031231427523,19.93076479440568,19.07788544180406,19.688812255859375,2150600,0.0,0.0
19.688812609090437,19.979154276096686,19.546665663201548,19.93076515197754,942400,0.0,0.0
20.051750756068806,20.218091187721544,19.785602373533973,20.018482208251953,1574000,0.0,0.0
19.945889885526626,19.945889885526626,19.265401966927875,19.477109909057617,1201200,0.0,0.0
19.325879588350837,19.800709390093992,19.31378173454105,19.71904945373535,816200,0.0,0.0
19.71906200776919,19.734184911516756,19.47711169982614,19.522478103637695,805800,0.0,0.0
19.44685766425731,19.477101147936626,18.75124600248354,18.947832107543945,3419000,0.0,0.0
18.947840254436574,19.658572809924593,18.947840254436574,19.60110855102539,1716800,0.0,0.0
19.658567996425486,19.855154137875804,19.422665549657232,19.80978775024414,1044200,0.0,0.0
19.88540437776219,19.994282822067618,19.425697185363457,19.46501350402832,1152400,0.0,0.0
19.477097898998462,19.93075700080388,19.43475656742432,19.73719596862793,1309800,0.0,0.0
19.70393594167874,20.142472339447586,19.658569550460808,20.124326705932617,1946000,0.0,0.0
20.081985815263646,20.085010856728807,19.492227330807324,19.57993507385254,2277600,0.0,0.0
19.431739690068138,19.50734957213066,19.132324049465844,19.47408103942871,1790200,0.0,0.0
19.471067838440927,19.477117924846063,19.05672575581675,19.20492172241211,805200,0.0,0.0
19.129305722002993,19.204915626042528,18.60608532449526,18.75428009033203,1830600,0.0,0.0
18.82685842968169,19.114176178628686,18.796614941883103,19.053688049316406,911000,0.0,0.0
18.978091485466535,19.201897374762815,18.75126170675578,19.123262405395508,910200,0.0,0.0
19.292615525556602,19.395443845557843,18.96598031949936,19.053688049316406,1055200,0.0,0.0
19.174672792266847,19.204916293447447,18.44881722677629,18.86618423461914,1757400,0.0,0.0
18.932711790691847,19.628323547210407,18.90246830289326,19.053688049316406,1730200,0.0,0.0
19.11418143737059,19.144424933489844,18.84501039927679,18.975059509277344,743000,0.0,0.0
19.083931537114992,19.144419666427275,18.917590046792554,19.053688049316406,747200,0.0,0.0
19.174665940363095,19.247250778745205,18.79661654212025,19.068811416625977,927200,0.0,0.0
19.144425781525115,19.174670432699532,18.64540115115973,18.66959571838379,1018200,0.0,0.0
18.70588264247874,18.993200398666662,18.536517260594177,18.76637077331543,1647200,0.0,0.0
18.630269348763548,18.74217277407778,18.33992775848241,18.412513732910156,1558800,0.0,0.0
18.297589378843053,18.563736456484637,18.282467634892818,18.460906982421875,1635800,0.0,0.0
18.494179709679077,19.120229511801462,18.494179709679077,19.023448944091797,1247400,0.0,0.0
18.962958444824956,18.978080190329187,18.78149403762853,18.826860427856445,914800,0.0,0.0
18.82686809364462,18.962966166028565,18.72403856714516,18.89945411682129,913400,0.0,0.0
19.129292544338114,19.201878509848367,18.9780728404303,18.993194580078125,1044600,0.0,0.0
19.008325844746878,19.295643656888856,18.902472460454476,19.177692413330078,1553600,0.0,0.0
19.08392516423339,19.204901382459177,18.96295009972232,19.01436424255371,1289800,0.0,0.0
19.159546199322186,19.159546199322186,18.97203398992838,19.147449493408203,1018200,0.0,0.0
19.147444595030098,19.507347174066922,19.062760753004007,19.09602928161621,1198800,0.0,0.0
19.171651127376016,19.39545584445746,18.932723503324468,19.24726104736328,745600,0.0,0.0
19.20491610113413,19.30472173071879,19.053696289314175,19.093013763427734,685800,0.0,0.0
19.023447450278017,19.50432520935966,18.962959311780455,19.39847183227539,743600,0.0,0.0
19.356130028214476,19.567836777425867,19.356130028214476,19.38637351989746,550200,0.0,0.0
19.38637324763204,19.46500817084784,19.050666341290732,19.22003173828125,1401600,0.0,0.0
19.35612949087364,19.39242306434399,18.841982070529266,18.87222671508789,1987200,0.0,0.0
18.947837093781377,18.947837093781377,18.397397239218623,18.581884384155273,1915000,0.0,0.0
18.657490600656676,19.129296592018573,18.442758852562775,18.90549087524414,1532800,0.0,0.0
18.78148926367787,19.204904952462222,18.615147797982207,18.73612403869629,1865000,0.0,0.0
18.66051386258255,18.896416258917842,18.376220047804207,18.863147735595703,1540400,0.0,0.0
18.630281302146486,18.857111031411495,18.512330027523188,18.60608673095703,1352200,0.0,0.0
18.569783563695115,18.600027048629652,18.116124367387076,18.11914825439453,3196000,0.0,0.0
17.93466355534141,18.237103079558683,17.862078715609787,18.206859588623047,3490600,0.0,0.0
17.14831785214747,17.151341739155097,16.24099945948057,16.634170532226562,6017400,0.0,0.0
16.63417339660849,16.857979146306633,16.331733880306516,16.543441772460938,3014200,0.0,0.0
16.6946574505238,16.870071727176697,15.778265155564036,16.331729888916016,2958600,0.0,0.0
16.120025451360224,16.180513583349423,15.608903101167579,15.817585945129395,3558400,0.0,0.0
15.121973680064338,15.636121015929533,14.864900588989258,14.864900588989258,4279400,0.0,0.0
15.212708576370787,16.543443009055725,15.185488971720382,16.4345645904541,3876400,0.0,0.0
16.180515923051328,16.301492204522887,15.681490204125296,16.03534507751465,2937200,0.0,0.0
16.09608247902048,16.308672479315778,15.124243305186482,15.397573471069336,4474800,0.11,0.0
15.364170066122671,15.485650426901001,15.01795254398379,15.473502159118652,2857000,0.0,0.0
15.792386566513064,16.46660036373373,15.646610829537192,16.43319320678711,2819800,0.0,0.0
16.399779350813045,16.402815837239395,16.020154828803484,16.323854446411133,2189800,0.0,0.0
16.399782269914574,16.585039254993845,16.14467449937501,16.24793243408203,1833400,0.0,0.0
16.020160728974513,16.673115610720874,16.020160728974513,16.493932723999023,2313600,0.0,0.0
16.569854111632157,16.703481546939653,16.363338247097303,16.445337295532227,3208800,0.0,0.0
16.74903910545234,16.879630070592494,16.250970618731376,16.551633834838867,3303800,0.0,0.0
16.5820081937387,16.633637760853965,16.36030748441495,16.4757137298584,1721400,0.0,0.0
16.475714752293744,16.688304851769846,16.254014029211888,16.396753311157227,2267400,0.0,0.0
16.49089705593672,17.049704671508934,16.323862416403635,17.007186889648438,3936200,0.0,0.0
17.083115584218078,18.221989956499282,17.052746064366413,17.77251434326172,3966600,0.0,0.0
17.77251027856446,17.8727305979722,17.365552549602466,17.854509353637695,2431600,0.0,0.0
17.778584589306163,18.05495133017481,17.614586437531976,17.960803985595703,1496000,0.0,0.0
18.03976269699945,18.343462397901646,17.948651859910857,18.14605712890625,1916600,0.0,0.0
18.07013434611507,18.161244035483406,17.483993761197933,17.62065887451172,2927600,0.0,0.0
17.544727605672833,17.811983602045395,17.30784226713928,17.31087875366211,1986200,0.0,0.0
17.310888083796254,17.341257599481526,16.885707913065836,17.174222946166992,2447600,0.0,0.0
17.29266253761558,17.884877254069533,17.189404581113237,17.80591583251953,1592400,0.0,0.0
17.918281758753523,18.237166202416695,17.796801419014038,18.02457618713379,2836000,0.0,0.0
17.887912253079843,18.33738765648013,17.796801419014038,18.02457618713379,1395200,0.0,0.0
17.887909098342778,18.188571090463135,17.660134370393703,18.149089813232422,1061200,0.0,0.0
17.994205748981177,18.701826548027604,17.948650334309004,18.53782844543457,1309800,0.0,0.0
18.434575973319614,18.464945486420625,17.748213855419245,17.924360275268555,1107600,0.0,0.0
17.7968002939756,17.7968002939756,17.39288033314233,17.43539810180664,1016400,0.0,0.0
17.614575798000313,17.70568544111316,17.37161636352539,17.37161636352539,1332400,0.0,0.0
17.28051914080736,17.887918742824873,17.174223515340618,17.553848266601562,1068000,0.0,0.0
17.614587783813477,18.06710097973387,17.483996781699936,17.614587783813477,1481000,0.0,0.0
18.13087109979189,18.404200116257694,18.02457551684213,18.273609161376953,1233000,0.0,0.0
18.34346966987565,18.6745025214326,18.149100811085,18.638057708740234,1248200,0.0,0.0
18.449750637327476,18.829375136037918,18.434565889083466,18.501379013061523,969600,0.0,0.0
18.616794283650517,19.102714574597158,18.370798229714477,18.440649032592773,1730600,0.0,0.0
18.510497683788262,18.659309893941376,18.358647827741635,18.522645950317383,867800,0.0,0.0
18.449765204366017,18.510505403821607,18.13088060537786,18.307025909423828,802200,0.0,0.0
18.464939338290282,19.25455915975211,18.419385083806624,19.163448333740234,3121000,0.0,0.0
19.436784559119573,19.725298403100894,19.360859619435512,19.555227279663086,2545400,0.0,0.0
19.55522362799138,19.737442985797088,19.342633604869775,19.43678092956543,2629800,0.0,0.0
19.13308268398475,19.366931611367264,18.917456157178894,19.193822860717773,2532600,0.0,0.0
19.527892538190113,19.55826204618295,18.868863556338873,19.224191665649414,2756600,0.0,0.0
19.148267201188442,19.36085723785765,18.83849334636002,19.057157516479492,1667800,0.0,0.0
18.981229019473577,19.005525548709198,18.543901919932928,18.786861419677734,1564600,0.0,0.0
18.862791533245755,18.981234249599638,18.84153264356801,18.917457580566406,613600,0.0,0.0
18.95086319166578,18.96604794612174,18.464942939417487,18.90530776977539,2552400,0.0,0.0
18.96604927717904,18.975159898787506,18.61679410756831,18.783828735351562,1229600,0.0,0.0
18.707896465931608,18.738267123592518,18.48012174682438,18.54693603515625,1805200,0.0,0.0
18.677536509218456,18.69879540118128,18.4193921590855,18.510501861572266,1449000,0.0,0.0
18.656271704792168,18.97819378731418,18.467978224856296,18.631975173950195,2107800,0.0,0.0
18.67753315180349,18.67753315180349,18.379907559301518,18.568201065063477,2138200,0.0,0.0
18.559085678615094,19.051078784094155,18.52567853196439,19.04804229736328,2254200,0.0,0.0
19.057155963327073,19.734407306304387,19.057155963327073,19.667593002319336,2441200,0.0,0.0
19.603819015736402,19.716186435893363,19.315302874394344,19.451969146728516,1780200,0.0,0.0
19.892335549908168,19.892335549908168,19.324417286839136,19.43071174621582,2208200,0.0,0.0
19.43070034000796,19.436774471052807,19.060186455926463,19.09359359741211,1376800,0.0,0.0
19.123963241463088,19.737435383769164,19.06625957884911,19.50358772277832,2551200,0.0,0.0
19.497525829430877,19.53700828552246,19.342639444388265,19.53700828552246,2434400,0.0,0.0
19.436777917245006,19.467147419331805,19.16344776437485,19.260631561279297,1357000,0.0,0.0
18.920489627065077,19.02678520902549,18.783824540843014,18.98426628112793,3505000,0.0,0.0
19.34567025344439,19.710110108792314,19.072340072302854,19.512704849243164,2045200,0.0,0.0
19.451969658360564,20.323586446482512,19.345674052145686,19.983444213867188,2434800,0.0,0.0
19.92270423505217,20.530103768541842,19.75870608296452,20.344846725463867,2479200,0.0,0.0
20.5301052738055,20.65158565281942,20.2841091861603,20.575660705566406,4221200,0.0,0.0
20.590848048215655,20.706253141898255,20.50884780195655,20.514923095703125,2994600,0.0,0.0
20.499734324559363,20.891507303029716,20.49366134870389,20.630325317382812,646600,0.0,0.0
20.560468863554046,21.016018415777946,20.51187811618015,20.87935447692871,1859000,0.0,0.0
20.88240128696373,21.144421678158775,20.7757656218223,20.84279441833496,1668800,0.11,0.0
20.85497985948236,20.943335791143355,20.656943187103572,20.790998458862305,1214400,0.0,0.0
20.790996237902068,21.0225496090893,20.629519054850977,20.632566452026367,1463000,0.0,0.0
20.63257177416612,20.67217864973083,20.367503939124678,20.63866424560547,1824200,0.0,0.0
20.504610230495885,20.870218976197837,20.47414089795096,20.714834213256836,1292400,0.0,0.0
20.76053590196104,21.278482012811278,20.76053590196104,21.0834903717041,2374000,0.0,0.0
21.1139548260237,21.199263358737625,20.8519344329834,20.8519344329834,1504800,0.0,0.0
20.83974669414169,20.861073826835568,20.580773704435124,20.65694236755371,1978400,0.0,0.0
20.778812668404356,21.092629547746697,20.586868452918306,20.623430252075195,1872400,0.0,0.0
20.727018197498825,20.794046999304026,20.266958777867675,20.41015625,2051600,0.0,0.0
20.48632886143344,20.687415305533527,20.27610487153692,20.385787963867188,1629400,0.0,0.0
20.276107223986344,20.428444611621153,19.998852062738646,20.017131805419922,1664400,0.0,0.0
20.014078734840655,20.120714398682832,19.547926886842607,19.797760009765625,2960400,0.0,0.0
19.816045064045433,19.864791812964818,19.368172831210014,19.43520164489746,1787800,0.0,0.0
19.383402836195277,19.797761749623643,19.352935833060474,19.761199951171875,1221000,0.0,0.0
19.761203067271722,19.950102235667945,19.614958174886954,19.916587829589844,1338800,0.0,0.0
19.94704676722516,20.004935686026936,19.73072807654848,19.782522201538086,1482800,0.0,0.0
19.782523609856277,20.08719823663707,19.678933028019685,19.94704818725586,1482600,0.0,0.0
20.108529260259182,20.474137953379632,20.01712592473738,20.288286209106445,2006600,0.0,0.0
20.413199948224737,21.037783861508366,20.352265952799325,20.885446548461914,2817000,0.0,0.0
21.05303005345115,21.156620703228484,20.888505368146763,21.141386032104492,1379400,0.0,0.0
20.809280522794502,21.22059085512409,20.72092459111903,20.931148529052734,4203400,0.0,0.0
21.14442554547191,21.327229908361147,20.842798230480497,21.324182510375977,4056800,0.0,0.0
21.327230387522594,21.814709474340667,21.327230387522594,21.7476806640625,4303600,0.0,0.0
21.601434599268927,21.93352887429927,21.1444225936052,21.20535659790039,3514600,0.0,0.0
21.144426697716156,21.449101427295687,20.65694759528565,20.714834213256836,2440800,0.0,0.0
20.687413604489194,21.001228188886696,20.489374574927744,20.82451629638672,2839800,0.0,0.0
20.870222049999228,21.05302644977394,20.72093206137302,20.809288024902344,1799600,0.0,0.0
20.717870952907546,21.202302407966567,20.68740396052036,21.00731086730957,2890200,0.0,0.0
21.0530289887332,21.30895703886953,20.824522880336346,21.190134048461914,1639200,0.0,0.0
21.278474023305954,21.817749394262226,21.23581976310954,21.78423500061035,2356600,0.0,0.0
21.77814517846997,21.781190251366418,21.324178272721397,21.577058792114258,2047000,0.0,0.0
21.500884908792948,21.930477180170183,21.4795577812802,21.851261138916016,1288800,0.0,0.0
21.78423500061035,21.960946835414262,21.60143069627103,21.78423500061035,1823200,0.0,0.0
21.784234012792766,21.997505304103935,21.729392491529502,21.86649513244629,2178800,0.0,0.0
21.570952814032907,21.778131540928605,21.51001652701554,21.64712142944336,2236400,0.0,0.0
21.72331027268639,22.2717234196119,21.692840938565112,22.195554733276367,1924600,0.0,0.0
22.19859589746402,22.838412218103496,22.19859589746402,22.50022315979004,4727800,0.0,0.0
22.503278555566116,23.216216397096236,22.454529476922684,23.063879013061523,4399600,0.0,0.0
22.957237405815718,23.240584960238483,22.56725417488619,22.686077117919922,4205600,0.0,0.0
22.68607775189788,22.91153637773897,22.40273018955677,22.637331008911133,3218800,0.0,0.0
22.71348926549453,22.792702977075542,22.442329094393774,22.61599349975586,2015600,0.0,0.0
22.591620631079586,22.652554617446185,22.241244398265195,22.411861419677734,2801200,0.0,0.0
22.41796173910557,22.807944926742138,22.332653207370466,22.622093200683594,2612600,0.0,0.0
22.652567158477726,23.703696438852543,22.58553834167608,23.57573127746582,3226600,0.0,0.0
23.52088991275863,23.52088991275863,22.710456281578477,22.874980926513672,3276600,0.0,0.0
23.094336161774724,23.496506550407755,23.06082176901507,23.377683639526367,1846000,0.0,0.0
23.38378577615931,23.484328996004564,23.097390783079042,23.359411239624023,2107000,0.0,0.0
23.58183209040023,23.58183209040023,23.16442674031787,23.331998825073242,2379400,0.0,0.0
23.408150160678932,23.43861715589276,23.216203674314603,23.32284164428711,1871600,0.0,0.0
23.155277477406838,23.52088619199354,23.033407131050097,23.420345306396484,2342000,0.0,0.0
23.45994707738759,23.45994707738759,23.15527244001892,23.237533569335938,1944600,0.0,0.0
23.240586634855433,23.240586634855433,22.93286452520558,23.009033203125,2903800,0.0,0.0
23.185741507534445,23.188788905035267,22.942003170582524,23.133947372436523,2384800,0.0,0.0
23.109575595439146,23.246680605516865,22.91153657498255,23.015127182006836,2625000,0.0,0.0
23.033405072690094,23.228396679642216,22.93895666683359,23.076059341430664,2644600,0.0,0.0
22.999899157523604,23.240592519633246,22.789675133883772,22.957244873046875,3252000,0.0,0.0
22.850610771957708,22.853658170916248,22.088923746225785,22.393598556518555,3042800,0.0,0.0
22.393587653436466,22.40882231632732,21.93657566050919,22.256484985351562,2680800,0.0,0.0
22.210784923063944,22.302185933551566,21.92438997633932,21.930484771728516,1585400,0.0,0.0
21.930493018081265,22.49281221596535,21.930493018081265,22.340007781982422,2230600,0.11,0.0
22.187203334273914,22.611999473954825,21.973278059474403,22.15664291381836,2608800,0.0,0.0
22.187198173905784,22.187198173905784,21.85408570467851,22.110795974731445,2213800,0.0,0.0
21.91214989397094,22.12607745163477,21.585148573225887,21.98855209350586,2175600,0.0,0.0
21.988547846838443,22.18719399358655,21.685995847963117,22.00077247619629,1822800,0.0,0.0
21.94270440919038,21.973264811220275,21.627925506615753,21.728776931762695,3781400,0.0,0.0
21.75933837890625,21.933535243613555,21.606534029808287,21.75933837890625,2478400,0.0,0.0
22.064954407801924,22.43168636644299,22.034393994151028,22.349170684814453,2677000,0.0,0.0
22.187204080671048,22.321672733131887,21.9732787986749,22.248327255249023,2222400,0.0,0.0
22.5233686400578,23.07346543743545,22.315554553449605,22.856483459472656,2837400,0.0,0.0
22.890105194318156,23.229331231956166,22.856488031553262,23.226274490356445,2840800,0.0,0.0
23.14985482069959,23.391285929645832,22.99093935146872,22.993993759155273,2015800,0.0,0.0
22.981783180534578,23.088748136775152,22.50503414983395,22.81369972229004,1628200,0.0,0.0
22.832023174569404,22.890089567268824,22.526414508335133,22.633377075195312,1081000,0.0,0.0
22.709776017002422,23.174302429417605,22.67921562104034,23.13762855529785,1866800,0.0,0.0
23.226269732521693,23.226269732521693,22.676172937791574,22.978727340698242,1929800,0.0,0.0
22.935939103967833,22.963442774074494,22.547814660656957,22.72201156616211,2362400,0.0,0.0
22.767841912439103,22.890085825270585,22.541692189246522,22.599756240844727,1905000,0.0,0.0
22.69755489136129,22.755621284766917,21.881580302178,21.997713088989258,2386400,0.0,0.0
22.141347757186978,22.141347757186978,21.744057875313562,21.957983016967773,2121200,0.0,0.0
21.9885498843477,22.080233447222327,21.7165582678588,21.9671573638916,2170400,0.0,0.0
21.71349447020887,22.248309581971565,21.53318416294942,22.17801856994629,2266000,0.0,0.0
22.327779571039887,22.456137047049513,22.05273349921558,22.083293914794922,1680600,0.0,0.0
22.083293486256434,22.11385390124273,21.60654215235141,21.61876678466797,1581200,0.0,0.0
21.851026611244034,22.064951813255636,21.74100726974954,22.034391403198242,2051000,0.0,0.0
21.851024454830025,21.881584861871506,21.18785406243058,21.78990364074707,3128000,0.0,0.0
21.942705203303316,22.333883959304938,21.921312687947268,22.260536193847656,2032800,0.0,0.0
22.248317325321732,22.413343994000368,22.000772659084454,22.361391067504883,1717400,0.0,0.0
22.156634154480585,22.23303634122017,21.331491470336914,21.331491470336914,2146800,0.0,0.0
21.514849253495544,21.69515723637485,21.32842779196433,21.47511863708496,2052200,0.0,0.0
21.560693383532225,22.1260689772266,21.527076242083606,22.095508575439453,1903800,0.0,0.0
21.973267357308192,22.003827762879183,21.698219043950306,21.771564483642578,1009600,0.0,0.0
21.728779862585885,21.80518204377051,21.35288243685886,21.441509246826172,1039400,0.0,0.0
21.453739620497252,21.65238583268175,21.349833734142212,21.530141830444336,1107200,0.0,0.0
21.881583590159636,22.171913269204328,21.719611343804647,22.144407272338867,2212200,0.0,0.0
22.003839235048037,22.69145921114329,22.003839235048037,22.61505699157715,3628800,0.0,0.0
22.69145337989076,22.69145337989076,22.278881966578403,22.349170684814453,1376400,0.0,0.0
22.3094410464568,22.550872263602063,22.190253808216855,22.297216415405273,1929400,0.0,0.0
22.306377596485518,22.306377596485518,21.72572062004257,21.933534622192383,1751200,0.0,0.0
22.156640884654596,22.187201302311347,21.50569489528518,21.530141830444336,1191200,0.0,0.0
21.499573319032006,21.71350082531468,21.27342351557618,21.441509246826172,1683000,0.0,0.0
21.698222229347223,22.034391403198242,21.469015656502005,22.034391403198242,1717600,0.0,0.0
21.774623864249786,22.339999596508353,21.744063454972792,22.080232620239258,2318800,0.0,0.0
22.126070275764157,22.126070275764157,21.73794592230061,21.847965240478516,1393600,0.0,0.0
21.912156029360887,21.97327920506933,21.643221051075976,21.698230743408203,1052400,0.0,0.0
21.667651806718364,21.698212202653874,21.07171359373656,21.30703353881836,2241800,0.0,0.0
21.35288113027811,22.040500718864372,21.331488614119802,21.707386016845703,1688000,0.0,0.0
21.70738794466655,21.75322972096536,21.151180143544646,21.178686141967773,1448800,0.0,0.0
20.964756569851804,21.138953437383623,20.38715630742475,20.912803649902344,2909000,0.0,0.0
20.934195605935667,21.346766877832977,20.87001805978358,21.175626754760742,2189200,0.0,0.0
21.19396052317834,21.29786868206683,20.530790277469418,20.653034210205078,1294200,0.0,0.0
20.64998453417662,20.708050946700155,20.41466680674577,20.698883056640625,2646800,0.0,0.0
20.69888136135567,21.016712404901096,20.494121729820275,20.854740142822266,1999600,0.0,0.0
20.915863337231894,21.267311530094112,20.59191648074689,20.63164710998535,1413400,0.0,0.0
20.75083681941576,21.028939599339623,20.396329512178337,20.986154556274414,2279600,0.0,0.0
20.986154590193046,21.041164264452934,20.61331150149935,20.680545806884766,1308000,0.0,0.0
20.680549482567656,20.769176325272454,20.234360859426886,20.71416664123535,1953600,0.0,0.0
21.010598675477976,21.456787109375,20.83640180517839,21.456787109375,3235200,0.0,0.0
21.453733061290478,21.60653743446665,21.33454583674184,21.548473358154297,2026800,0.0,0.0
21.545414439309084,21.548471179314244,21.041159592492722,21.105337142944336,2262800,0.0,0.0
21.08700766340358,21.29482174523486,21.007548720806575,21.047279357910156,1729800,0.0,0.0
20.726382457720028,21.14201048661591,20.717214569548844,20.93419647216797,2747800,0.0,0.0
20.704988847555608,21.05338256931046,20.521624098991364,21.02587890625,1970000,0.0,0.0
21.148125986247305,21.374278155179535,20.640816639647458,20.704994201660156,1800800,0.0,0.0
20.70499293010072,20.75711511209048,20.34933307388184,20.71112632751465,2137400,0.11,0.0
20.735656636484972,21.217025495177566,20.692732203674638,21.137310028076172,1870600,0.0,0.0
21.263019098929767,21.505236906062066,20.941085815429688,20.941085815429688,3523400,0.0,0.0
21.063727668768017,21.290616677120425,20.588492109600608,20.68660545349121,2508000,0.0,0.0
20.747923922253733,20.77858390141061,20.015139426133928,20.4075927734375,2732000,0.0,0.0
20.41678690191439,20.5486268941256,19.821975926603898,20.370798110961914,2316800,0.0,0.0
20.573153502241162,21.189428963178027,20.542493531974895,21.03306007385254,1291600,0.0,0.0
21.033065425767685,21.033065425767685,20.496507622359292,20.683536529541016,2714600,0.0,0.0
20.704994423230488,21.309005455745424,20.63141002339693,20.879758834838867,2783200,0.0,0.0
20.833759379621334,20.895081637641155,20.048853190607296,20.104042053222656,2551000,0.0,0.0
20.051930056243233,20.35546778494316,19.454051187806048,19.947683334350586,3095400,0.0,0.0
19.898625327423673,20.44438076594052,19.68706755032446,19.984474182128906,2291600,0.0,0.0
19.984483989506703,19.984483989506703,18.76419806195739,19.717737197875977,3085600,0.0,0.0
19.365130958675035,19.438716518286174,18.457582351220125,18.702865600585938,3483400,0.0,0.0
18.82550447831911,19.31607089022995,18.67220232839665,19.00640106201172,2456800,0.0,0.0
19.009469871713076,19.205696470349153,18.396261166173947,18.469846725463867,2549000,0.0,0.0
18.181635822935846,18.733523361398813,17.95168258444272,18.02833366394043,2618200,0.0,0.0
18.028336169666087,18.38093165220321,17.35380634241405,17.706401824951172,3521400,0.0,0.0
17.87502770630304,18.334934085554075,17.3384702638435,17.543895721435547,2675000,0.0,0.0
17.237299940057344,18.68447192933248,17.17291212642029,18.61088752746582,2399400,0.0,0.0
18.426920102740294,19.144374294868168,18.077391347273352,18.748855590820312,2325200,0.0,0.0
18.886830914654855,19.147445361142648,18.70286873916005,19.144378662109375,3048000,0.0,0.0
19.346741090787166,20.542498960825768,19.297684423634994,20.416790008544922,2262000,0.0,0.0
20.26347538619455,20.395315317845295,19.59201361545677,20.238948822021484,2434600,0.0,0.0
20.082592606273632,20.23282814025879,19.720799241325178,20.23282814025879,2083400,0.0,0.0
19.85263766956559,20.251224380853273,19.500042092535143,19.769855499267578,2660600,0.0,0.0
19.561355730124824,19.61961130050704,18.472910608679197,18.764184951782227,2742400,0.0,0.0
18.641546545958523,18.932820948314717,18.426923240559066,18.457584381103516,3130600,0.0,0.0
18.61088642624236,19.5276328835389,18.61088642624236,19.009471893310547,1637600,0.0,0.0
19.11678549368943,19.59815434895203,18.81018106768252,19.533767700195312,1693600,0.0,0.0
19.6073487048667,20.10404743168492,19.343668772851228,20.076454162597656,1824200,0.0,0.0
20.07952243590504,20.343202419318196,19.74839144628442,20.235891342163086,1380600,0.0,0.0
19.852631065089994,20.217490979156324,19.59201784327354,20.134706497192383,1801800,0.0,0.0
19.852630009311223,20.28800758864668,19.71159230076053,19.889423370361328,1565800,0.0,0.0
19.736130654729322,20.410659555737006,19.23023280937032,20.355470657348633,2600000,0.0,0.0
20.31866953346109,20.582349465337717,19.855698642622045,20.196029663085938,1882600,0.0,0.0
19.89862763542934,20.32480759872347,19.785183156150147,20.146976470947266,1850800,0.0,0.0
20.08258634680039,20.950277280140224,20.05192637747085,20.882823944091797,2123800,0.0,0.0
20.66512596357619,20.87974799298356,20.545550498734276,20.67125701904297,2168600,0.0,0.0
20.925744865530806,21.1710292575122,20.588480580960386,20.885887145996094,1435400,0.0,0.0
20.971729435159414,21.250738063221267,20.86441842436639,21.183284759521484,1323800,0.0,0.0
21.183290299783955,21.183290299783955,20.567017331248195,20.665130615234375,1213800,0.0,0.0
20.818433247592868,20.980933158640624,20.40451789433429,20.947206497192383,1306200,0.0,0.0
20.947212466486793,21.44697679522877,20.941081407751437,21.00240135192871,2081000,0.0,0.0
20.99933562051571,20.99933562051571,20.78778016591241,20.84910011291504,2228400,0.0,0.0
20.803112000640795,21.017736524694282,20.637545312670294,20.735658645629883,1563600,0.0,0.0
20.818440237654393,21.27834685996249,20.787780264008397,21.008533477783203,2088000,0.0,0.0
20.69579988079216,20.72645985721875,20.15617540670042,20.168439865112305,2112000,0.0,0.0
20.16537478318606,20.300281497331518,19.806648117888123,20.23282814025879,2331200,0.0,0.0
20.229758079549775,20.379993571202142,19.831171448726675,20.11324691772461,1726400,0.0,0.0
20.20215532684941,20.39225081790342,20.073382093815226,20.104042053222656,2240600,0.0,0.0
19.898628725749003,20.064195404901675,19.63801541825556,19.821977615356445,2746000,0.0,0.0
19.97527997275554,20.30641333332556,19.910893320290192,20.303346633911133,1468400,0.0,0.0
20.379995099644105,20.508768387860908,20.039664024209717,20.324806213378906,962600,0.0,0.0
20.2052279429698,20.24201896935338,19.82810354809855,19.904754638671875,1385400,0.0,0.0
19.622683407543157,19.714665671698473,19.22409788474805,19.40806007385254,3839000,0.0,0.0
18.917486325271685,18.917486325271685,18.325739908262506,18.71819305419922,5911800,0.0,0.0
18.856174066020778,18.94815516900756,18.353342944730066,18.439191818237305,2952200,0.0,0.0
18.00687359418596,18.405459020999267,17.522439322410566,18.322675704956055,4083800,0.0,0.0
18.24295549378686,18.45757873351663,18.150974439503404,18.212295532226562,2797000,0.0,0.0
18.365601198738105,18.53116666033555,18.242958989789162,18.469846725463867,2448200,0.0,0.0
18.150977425108856,18.316544051814223,17.712533118983217,17.859703063964844,2027600,0.0,0.0
17.78611394038403,17.859699482921606,17.507104089666694,17.675737380981445,3018200,0.0,0.0
17.798379524858095,18.258285978573305,17.694134015231874,18.1816349029541,2817800,0.0,0.0
18.455580034890442,18.775690448932203,18.230887486810254,18.7541446685791,2672400,0.115,0.0
18.73567257903284,18.80031108122664,18.21241550268261,18.37554931640625,2464400,0.0,0.0
18.37247731890854,18.37247731890854,17.54757790603642,17.953872680664062,2572200,0.0,0.0
18.107765834030157,18.797233036535925,17.932319807279534,18.778764724731445,2490800,0.0,0.0
18.778769598367703,18.868031367353552,18.190875022818926,18.3971004486084,2424000,0.0,0.0
18.621792413078197,18.858797184688946,18.335539972961126,18.538686752319336,2821600,0.0,0.0
18.775690870658007,18.94190218639266,17.701474597658496,17.99388313293457,3083000,0.0,0.0
18.040050693502092,18.132389908452183,17.236697292538338,17.492170333862305,2481000,0.0,0.0
17.846139145346193,18.255511306918507,17.31364841068097,17.99080467224121,2714800,0.0,0.0
17.66761075996771,17.799964032033184,17.153587341308594,17.153587341308594,3006000,0.0,0.0
17.04893669758432,18.046203065609784,16.938129192897428,17.969253540039062,3124400,0.0,0.0
18.126235678231343,18.79723584328107,18.067754443353408,18.507905960083008,2595400,0.0,0.0
18.292450466337545,18.547922408511745,18.040055990097272,18.160097122192383,2983800,0.0,0.0
18.77568330216429,19.286628079486434,18.618706794463588,19.21891212463379,2547800,0.0,0.0
18.8988072892638,18.901884754201525,17.956944507154013,18.003114700317383,4642800,0.0,0.0
18.006199152689586,18.714134952921146,18.006199152689586,18.520221710205078,3921000,0.0,0.0
18.54483836048933,19.07117291016784,18.26166462878747,18.95113182067871,2944000,0.0,0.0
18.93573745477176,19.74832534790039,18.71720110632143,19.74832534790039,1960200,0.0,0.0
19.54519034100645,19.57596969865223,18.938827367295307,19.04963493347168,1723200,0.0,0.0
19.04963472183084,19.37590131037455,18.788006662276707,19.111194610595703,1820400,0.0,0.0
19.391289600883855,19.699087848516932,19.021931468892735,19.129661560058594,2576800,0.0,0.0
19.052701158301073,19.382045001958915,18.77568242337557,19.26508140563965,1706800,0.0,0.0
19.591355952701857,19.591355952701857,18.714130375832802,18.815704345703125,1525200,0.0,0.0
18.88649779099595,19.00653890145582,18.31399294958091,18.815704345703125,1503000,0.0,0.0
18.82186465980524,19.249704066777337,18.671042991039194,19.111194610595703,1747600,0.0,0.0
19.065021488203325,19.280480478889267,18.809549573966034,18.89881134033203,1711600,0.0,0.0
18.883412436664546,19.351265676464998,18.637174198389715,19.249692916870117,2017800,0.0,0.0
19.437452400973243,19.914538094020553,19.34511202254428,19.443607330322266,2012200,0.0,0.0
19.5759555818043,19.83142852783203,19.492851141258523,19.83142852783203,1310000,0.0,0.0
19.83144381348508,20.00073381141333,19.526722991371518,19.939172744750977,1710600,0.0,0.0
19.976093409616603,19.976093409616603,19.17581779535576,19.32356071472168,2239600,0.0,0.0
19.391286206378805,19.788346158116607,19.240464574811256,19.42514419555664,1797600,0.0,0.0
19.23738013872167,19.335875431099403,18.88341187450659,18.954206466674805,1355600,0.0,0.0
19.221996611290884,19.689849986652774,19.052707846809966,19.477468490600586,2106400,0.0,0.0
19.391283231002856,19.67445696220956,19.083485084479,19.271242141723633,2033400,0.0,0.0
19.545186793738957,19.914543715082427,19.514407441679342,19.874530792236328,1875600,0.0,0.0
19.899156658316116,20.148472480912943,19.736023967070576,20.114614486694336,2340200,0.0,0.0
20.280826616908623,20.308529680685417,19.75141324824753,19.76064682006836,1089600,0.0,0.0
19.729855126427253,19.936079262510493,19.523630990344014,19.689842224121094,1345400,0.0,0.0
19.5143942096149,19.81911358051885,19.452834373080336,19.766788482666016,2368000,0.0,0.0
19.729862116654573,20.31160046682598,19.65599121379681,20.268508911132812,2365000,0.0,0.0
20.268513611844927,20.499362291588753,20.16386333755188,20.323917388916016,1810200,0.0,0.0
20.28390269784819,20.58554363140573,19.98841669528991,20.19771957397461,1641800,0.0,0.0
20.09922285133978,20.123844921949914,19.579043156061523,19.594432830810547,2010000,0.0,0.0
19.822201555702865,20.82254555461017,19.760640516012746,20.751750946044922,2271000,0.0,0.0
20.976445336092212,21.145732917221952,20.816388975834183,20.927196502685547,1773600,0.0,0.0
21.238075996568877,21.462769717906646,20.93027779372005,21.194984436035156,4143600,0.0,0.0
20.961058945612177,21.03800850293697,20.662494287461698,20.684040069580078,2440600,0.0,0.0
20.60709039535049,20.930279473606827,20.52398590716938,20.77945899963379,1834800,0.0,0.0
20.89949319106503,20.89949319106503,20.468575345703343,20.517824172973633,1170600,0.0,0.0
20.26851250092555,20.988761563372737,20.237733148309566,20.908733367919922,2224600,0.0,0.0
20.90872433015336,20.90872433015336,20.3454532623291,20.3454532623291,1537000,0.0,0.0
20.468588337411198,20.49936769983457,20.237739596763706,20.330080032348633,1951600,0.0,0.0
20.330067843797945,20.68403382192455,20.145387083350336,20.490121841430664,1613400,0.0,0.0
20.490121654342776,20.680957342516592,20.314676812170205,20.508588790893555,1505000,0.0,0.0
20.23773991409476,20.43473065467095,20.000736236572266,20.000736236572266,1450400,0.0,0.0
20.053050849185347,20.465499261650375,20.022271502455865,20.382394790649414,2266600,0.0,0.0
20.43472113877327,20.65017892709721,20.206951141357422,20.206951141357422,1325400,0.0,0.0
20.21002697448778,20.283897870468262,19.899150195946152,20.049970626831055,1283200,0.0,0.0
20.006883028177267,20.333148369176325,19.766800807569364,19.83759307861328,2329000,0.0,0.0
20.099219259440673,20.30852208626262,20.01303380860882,20.27158546447754,2213800,0.0,0.0
20.271595404417006,20.499365479659172,20.09922911486235,20.357778549194336,1335800,0.0,0.0
20.280821119661383,20.407019495843986,20.23465092475766,20.268508911132812,444600,0.0,0.0
20.314679200881773,20.563994966886767,20.19771674178477,20.259275436401367,709600,0.0,0.0
20.123392007601083,20.182068187261056,19.826912720502577,19.851619720458984,807000,0.11,0.0
19.820734470476385,20.126475896010973,19.619994246285216,20.043092727661133,1049000,0.0,0.0
20.00295239438661,20.259282299810774,19.737359128146423,20.03074836730957,933000,0.0,0.0
20.259275746402267,20.944879678318774,20.030741887826498,20.923261642456055,2045200,0.0,0.0
20.861489495982436,20.864576102791553,20.444566670288047,20.605159759521484,1731000,0.0,0.0
20.670017521358044,21.006641506113546,20.5217779015629,20.991201400756836,2151800,0.0,0.0
20.846051325227243,20.991201985519048,20.521778473248155,20.611339569091797,1993000,0.0,0.0
20.63295876357519,20.66384368926515,20.120301512530308,20.15118408203125,1801800,0.0,0.0
20.321040390077407,20.515602685496667,20.209861262355297,20.42913055419922,2019400,0.0,0.0
20.135744003485637,20.382809301126528,20.012213710854493,20.290159225463867,2319200,0.0,0.0
20.367376705576525,20.531058899385563,20.030752489521742,20.12031364440918,1870000,0.0,0.0
20.123388172699446,20.13882827758789,19.935001457263667,20.13882827758789,1387600,0.0,0.0
20.26854026150066,20.336483333053483,19.833090580659043,19.93500518798828,1476800,0.0,0.0
19.99677700175027,20.274724952549274,19.981334532632005,20.002952575683594,1311200,0.0,0.0
20.002940060534343,20.05544300897319,19.533518981033247,19.802202224731445,1855600,0.0,0.0
20.02765930380984,20.02765930380984,19.360585409312925,19.366762161254883,1732800,0.0,0.0
19.36676306028324,19.428529404475125,18.931312041968248,18.971460342407227,1938000,0.0,0.0
19.28028860032294,19.913392080640506,19.11660880899327,19.910303115844727,2849400,0.0,0.0
19.826914158580625,19.84853219606317,19.24013700419122,19.39455223083496,2345200,0.0,0.0
19.394559320605772,19.44088437677111,18.74601560286178,18.770721435546875,2591600,0.0,0.0
18.813952980435417,18.94675018605441,18.641008659141722,18.909690856933594,1921000,0.0,0.0
18.52982272375721,19.61381683473547,18.36923078544665,19.345134735107422,3845200,0.0,0.0
19.24939889375667,19.252486679314295,18.523646765891854,18.53291130065918,2892400,0.0,0.0
18.536001698861693,19.14748578081309,18.48967666525094,18.783065795898438,3238200,0.0,0.0
18.81395053085148,19.113516445652788,18.77071445615741,19.02704429626465,2295000,0.0,0.0
19.02704372172142,19.02704372172142,18.6039463460122,18.724390029907227,2363000,0.0,0.0
19.332785504449603,19.456318154445853,18.64409374924296,18.681154251098633,3193400,0.0,0.0
18.452613148959056,18.721295219755326,18.37540556256174,18.483495712280273,1966800,0.0,0.0
18.79233525743456,18.79233525743456,18.115996893614557,18.211734771728516,2233000,0.0,0.0
18.217909528667747,18.33526425636625,17.939961640761346,18.258056640625,2359000,0.0,0.0
18.359970946667374,18.5452687500574,17.9739328745259,18.199378967285156,2382000,0.0,0.0
18.27040817099137,18.40011756405371,18.001726027062045,18.12525749206543,1754600,0.0,0.0
18.08510987012077,18.143787225971575,17.507596134870273,17.668188095092773,4447600,0.0,0.0
17.668193266789608,17.918346405029297,17.603339142166508,17.918346405029297,3478200,0.0,0.0
18.15922890286724,18.418646509112254,18.153052152945385,18.35688018798828,2344600,0.0,0.0
18.177760992166103,18.34144075832812,18.020256798456305,18.224084854125977,1792200,0.0,0.0
18.403198635153586,18.437170158514963,18.066573542536407,18.153045654296875,1288800,0.0,0.0
18.267315223002953,18.545261824288218,17.88745286515285,18.403200149536133,1628400,0.0,0.0
18.22100311504066,18.29512296810775,17.905995801171933,17.946144104003906,1217800,0.0,0.0
17.68053677040589,18.19937183014307,17.60641697126019,18.159223556518555,2081000,0.0,0.0
18.12835209206484,18.4340936527385,18.02026070122565,18.069673538208008,1982800,0.0,0.0
18.196287950025813,18.353792125422565,18.023343667199036,18.22099494934082,2139400,0.0,0.0
18.313639817434694,18.600852141856603,18.211726412885092,18.397024154663086,2137600,0.0,0.0
18.529826156329314,18.653358801942687,18.34143940191149,18.424823760986328,1699000,0.0,0.0
18.42482203587857,18.43717553490218,18.03878402709961,18.03878402709961,2187600,0.0,0.0
18.04187220081966,18.23025894165039,17.868927923147805,18.23025894165039,1831200,0.0,0.0
18.06657928404753,18.143786887825513,17.717600585104584,17.788631439208984,2328600,0.0,0.0
17.64038915916758,18.174665520177722,17.541563541991962,18.128341674804688,2052400,0.0,0.0
18.131435614564953,18.131435614564953,17.43347930908203,17.43347930908203,2269000,0.0,0.0
17.47980182446877,17.523039074163613,17.04435096634615,17.137001037597656,2137200,0.0,0.0
17.072150521500497,17.133916860225455,16.849793351423543,17.03200340270996,2769000,0.0,0.0
17.5724502107618,17.924516677856445,17.41185826157759,17.924516677856445,3396000,0.0,0.0
18.057314351415435,18.128345203957515,17.421123286163805,17.597156524658203,3584400,0.0,0.0
17.63421709710998,18.742918388898712,17.603334525320935,18.653358459472656,4731600,0.0,0.0
18.59159126795678,18.807772794649384,18.390851026436245,18.783065795898438,2744200,0.0,0.0
18.671887238761443,18.705858774053887,18.329085278038896,18.69659423828125,2106400,0.0,0.0
18.607031301473164,18.838654097757065,18.285847407883487,18.721298217773438,2407200,0.0,0.0
18.99308247828768,19.388385281333093,18.823225878735055,19.32662010192871,3535000,0.0,0.0
18.91586962636147,19.064108136755845,18.42791683214689,18.622480392456055,1965800,0.0,0.0
18.69968087126101,18.813947791758636,18.511294134868336,18.69041633605957,2190800,0.0,0.0
18.693507989361635,18.718214992469914,18.350705978850108,18.61321258544922,2376000,0.0,0.0
18.492301036853423,18.68450902675543,18.259790971088833,18.52640151977539,2426600,0.115,0.0
18.32179401282118,18.32179401282118,18.027282187983758,18.067583084106445,3220400,0.0,0.0
17.825775383939593,18.07378593536854,17.534363133836532,18.027284622192383,3173800,0.0,0.0
18.02418879269061,18.22879770183726,17.686273953671815,18.176095962524414,2556000,0.0,0.0
18.507806170260107,19.450247493257887,18.17609182016017,19.140233993530273,5049600,0.0,0.0
19.140231891238415,19.31383867514866,18.948022691041327,19.099929809570312,2164400,0.0,0.0
19.130932784365243,19.313840796508842,18.886021835754594,19.140233993530273,2515600,0.0,0.0
19.760255958483302,19.964864768869152,19.22393169990406,19.282835006713867,2559600,0.0,0.0
19.28594132179051,19.323143796683528,18.99142823323013,19.273540496826172,1782400,0.0,0.0
18.966620691406558,19.35413745744117,18.966620691406558,19.072025299072266,2378800,0.0,0.0
19.072032761857006,19.25804040929449,18.833322198660635,19.19293785095215,1925400,0.0,0.0
19.43784168833891,19.6548513190593,19.068924961332048,19.23943328857422,2467000,0.0,0.0
19.239433580253564,19.84085919898412,19.09682650597927,19.77885627746582,2953600,0.0,0.0
19.716856165752777,19.719956962704632,19.360341385779325,19.639352798461914,3718800,0.0,0.0
19.639356573162804,19.89666836967563,19.41614763663729,19.509151458740234,2691000,0.0,0.0
19.50916245974262,19.670369727507683,19.44095906652436,19.664169311523438,3086400,0.0,0.0
19.664157856331794,19.695158735585284,19.447148153734158,19.54635238647461,1612600,0.0,0.0
19.549456023485583,19.878070831298828,19.394449239488225,19.878070831298828,2738400,0.0,0.0
19.980369709201824,19.986571303902505,19.620755268669534,19.96487045288086,2351000,0.0,0.0
19.96487793599132,19.995878825468175,19.66106354259913,19.763368606567383,985000,0.0,0.0
19.68586215081903,19.732364660438947,19.36344774672774,19.409950256347656,1289400,0.0,0.0
19.577351936829228,20.12917555848252,19.53084944130689,20.060972213745117,2152800,0.0,0.0
20.026872066935788,20.14777714537478,19.840864435892367,19.980369567871094,1535800,0.0,0.0
19.902867470169895,20.02687335390618,19.738560679435906,19.834665298461914,2842600,0.0,0.0
19.840864749416262,19.871865627544146,19.338643191576818,19.73855972290039,2535800,0.0,0.0
19.73855525846066,20.026867853749078,19.614550591388635,20.00516700744629,2440800,0.0,0.0
19.980373323286884,20.209785064401082,19.837768549784112,19.95557403564453,1782800,0.0,0.0
19.983480385902958,20.30279407960329,19.92147859953618,20.088886260986328,2182400,0.0,0.0
20.0888703335428,20.091968764752973,19.72305322488862,19.91216278076172,2053200,0.0,0.0
19.778864274034447,20.005174023856707,19.63935793986789,19.741662979125977,1386400,0.0,0.0
19.902876171452913,20.150888047353106,19.778871416111087,20.088886260986328,1220000,0.0,0.0
20.088878691663577,20.591099121564998,19.964872800437874,20.5414981842041,1829800,0.0,0.0
20.463986756488506,20.4918868293127,20.188074998669425,20.31207847595215,1578600,0.0,0.0
20.389580145128512,20.43298419684452,20.02376424089136,20.070266723632812,1767600,0.0,0.0
20.305891248741133,20.516700596008462,20.107482729573775,20.488798141479492,2038000,0.0,0.0
20.30588097248919,20.52288944137639,20.163275069332613,20.346181869506836,2396200,0.0,0.0
20.268685646363945,20.271786444215948,19.623858058268485,19.670360565185547,1804000,0.0,0.0
19.747856859536686,19.800558578006186,19.459544258501023,19.642452239990234,2160600,0.0,0.0
19.54634965333254,19.6114522002263,19.28283866870109,19.3293399810791,2850200,0.0,0.0
19.468848813985886,19.757161482113165,19.406845873481835,19.654857635498047,1914800,0.0,0.0
19.59285583243274,19.602155860135547,19.295243119865024,19.40684700012207,1560800,0.0,0.0
19.313841698407728,19.676558124982794,19.220837880667975,19.61765480041504,3254200,0.0,0.0
19.68586215081903,19.797467227820473,19.39754942943462,19.409950256347656,2080200,0.0,0.0
19.437845318657743,19.459546167522017,18.89222093479368,19.081329345703125,2909200,0.0,0.0
19.143328152804294,19.37583821134038,19.065824799958932,19.236331939697266,3596000,0.0,0.0
19.375841662589057,20.067172733804856,19.329339169555833,19.716856002807617,3701400,0.0,0.0
19.840872415183842,20.048580980628383,19.732368117206565,19.868772506713867,2870000,0.0,0.0
19.816062927864326,20.08577553217507,19.809863698379015,19.96487045288086,3203600,0.0,0.0
19.918366288680325,20.321384762786384,19.809862042641054,20.166378021240234,2281600,0.0,0.0
20.460898798519366,20.730611497795863,20.21598775634751,20.24078941345215,3080000,0.0,0.0
20.135381281439386,20.1973854172049,19.918372719299924,20.029977798461914,1504800,0.0,0.0
20.029979707385973,20.147784028743693,19.94317627425753,20.073381423950195,1191400,0.0,0.0
20.073370937131486,20.53839111328125,20.048569293418584,20.53839111328125,1942400,0.0,0.0
20.60040482602064,21.04062597943743,20.510502954455212,20.86391830444336,3095400,0.0,0.0
20.86390404780124,20.86390404780124,20.392682326332913,20.467084884643555,2771600,0.0,0.0
20.600396610392693,21.025115966796875,20.49189235589976,21.025115966796875,2299000,0.0,0.0
20.9569129931741,21.164621479107694,20.876308817582185,21.10572052001953,2937600,0.0,0.0
20.956922952507163,20.960023751369203,20.460901569324424,20.801916122436523,2316600,0.0,0.0
20.770898081786875,20.8949039165121,20.47638629387722,20.507387161254883,2102800,0.0,0.0
20.739900725394588,20.916608301097504,20.507390632879435,20.618995666503906,2542600,0.0,0.0
20.619000463750957,20.622098896083934,20.470192929224893,20.535295486450195,2331000,0.0,0.0
20.612803254598763,20.76161082078776,20.532201422911744,20.581802368164062,1878200,0.0,0.0
20.600393847248192,20.780202224984585,20.463989530702516,20.60349464416504,2729800,0.0,0.0
20.60661065778051,20.87414837388091,20.426180176457713,20.78082275390625,2909600,0.115,0.0
20.65638535842962,20.684382331224743,20.348406790536433,20.44173240661621,2003200,0.0,0.0
20.519502999304034,20.62527486897232,20.267520774263254,20.48528289794922,2978400,0.0,0.0
20.454184612776274,20.45729617993947,19.943996775807307,20.438629150390625,3145200,0.0,0.0
20.407503952030563,20.687485432570583,20.37639542606576,20.64082145690918,1605600,0.0,0.0
20.516387303314637,20.62527071666621,20.24262892101865,20.41061782836914,1152600,0.0,0.0
20.54750704757074,20.861706416054595,20.544395481254455,20.759048461914062,1285000,0.0,0.0
20.759044549846475,20.936365821583312,20.587944036140215,20.91147804260254,1200800,0.0,0.0
20.858597061339225,20.964366580975444,20.625279431451446,20.696828842163086,1089400,0.0,0.0
20.68127020770584,20.68127020770584,20.220855830637927,20.391956329345703,1396400,0.0,0.0
20.469728222193403,20.734154315621574,20.4230642354875,20.538166046142578,1687000,0.0,0.0
20.65638240664494,20.724822606047667,20.41062095125744,20.435508728027344,1821200,0.0,0.0
20.531948248777432,20.58794456621127,20.18974958598367,20.292409896850586,2820000,0.0,0.0
20.423066629060287,20.500839158208706,20.189749041615034,20.28618621826172,2081000,0.0,0.0
20.28618989102537,20.79637758473285,20.28618989102537,20.718605041503906,3021800,0.0,0.0
20.96747518135232,21.023471499541717,20.93325507726828,21.01413917541504,2742600,0.0,0.0
21.107467758327974,21.107467758327974,20.818153802569814,20.976810455322266,2760800,0.0,0.0
20.905253984896625,20.908365550488668,20.441730395705893,20.61594009399414,3875800,0.0,0.0
20.619057088559217,21.057695388793945,20.547507675107294,21.057695388793945,2811400,0.0,0.0
21.154131776491877,21.225683560633183,20.65327640779174,20.696828842163086,1803400,0.0,0.0
20.73416253456435,21.247461844941242,20.594170518954346,21.182130813598633,2194400,0.0,0.0
21.107466886191165,21.24745888228125,20.889704723512676,21.219459533691406,2653800,0.0,0.0
21.297222301936145,21.496319723156205,21.091904124677914,21.44654655456543,3713600,0.0,0.0
21.480770253234358,21.542987317776966,21.32211365319317,21.44965934753418,1585000,0.0,0.0
21.620751651438,21.978505570715736,21.434098155032046,21.667415618896484,3011400,0.0,0.0
21.651861543173208,21.686081629914764,21.446543396152,21.57408905029297,1788000,0.0,0.0
21.527439277786197,21.667431281355878,21.16968747333296,21.589658737182617,1624600,0.0,0.0
21.527433829691446,21.54298928396125,21.272340044298673,21.36255645751953,1848400,0.0,0.0
21.36255583742694,21.47143689386779,21.151014482015132,21.256786346435547,1631400,0.0,0.0
21.247458933286374,21.250568126025268,21.02036207157974,21.154130935668945,1705600,0.0,0.0
21.23189856969792,21.263007103905444,21.116794382358147,21.256786346435547,1196200,0.0,0.0
21.256791122983454,21.465220959781426,21.191462474439145,21.328340530395508,1255400,0.0,0.0
21.44966541487676,21.71720314025879,21.235014820087578,21.71720314025879,1254000,0.0,0.0
21.717190654798888,21.84162712097168,21.65186204407951,21.84162712097168,1826000,0.0,0.0
21.77630615234375,22.314493048703298,21.77630615234375,22.16516876220703,2076600,0.0,0.0
22.16516616608014,22.21183014848395,21.776303601762944,22.190053939819336,1195400,0.0,0.0
22.19006723800976,22.470048926792916,22.17140020980411,22.448272705078125,1784400,0.0,0.0
22.429600494591117,22.46070903650613,22.19317130386369,22.361160278320312,1576400,0.0,0.0
22.320715310588987,22.351823846788992,22.177614145325634,22.286495208740234,1301400,0.0,0.0
22.39849579909752,22.613148810003146,22.370498818595056,22.554040908813477,1645200,0.0,0.0
22.61625966550148,22.70336692702555,22.230508429615675,22.264728546142578,1341600,0.0,0.0
22.255389256666703,22.28649779647879,22.118508833378165,22.28338623046875,1306800,0.0,0.0
22.2833866766881,22.2833866766881,22.000295873270968,22.14028549194336,2432800,0.0,0.0
22.140284191514834,22.174504296012273,22.00651533941468,22.059402465820312,1834200,0.0,0.0
22.137169191402638,22.252270991397822,21.928737053210277,22.211830139160156,1239000,0.0,0.0
22.211836552993507,22.5135943696604,22.211836552993507,22.488706588745117,1472000,0.0,0.0
22.476261580552034,23.020669300496202,22.476261580552034,22.958452224731445,1912200,0.0,0.0
22.955334786989805,23.02066341186067,22.73446113906583,22.80912208557129,1723800,0.0,0.0
22.809129050213453,22.974006445245568,22.66291630414968,22.790464401245117,1092200,0.0,0.0
22.725133106453217,22.725133106453217,22.364267445616335,22.557144165039062,1413600,0.0,0.0
22.588253901250138,22.921120236159712,22.554033798027067,22.603809356689453,1355000,0.0,0.0
22.479377784607887,22.666031423844274,22.3736058858684,22.43582534790039,1678600,0.0,0.0
22.420258545979596,22.43270243209027,21.913182647469608,21.950511932373047,1471000,0.0,0.0
22.012739433831868,22.314497255725772,22.012739433831868,22.130952835083008,1894800,0.0,0.0
22.025176583051998,22.302046538855322,21.82918833172401,22.211830139160156,1656800,0.0,0.0
22.211838519303562,22.258502519293305,22.009629434967756,22.12162208557129,1523800,0.0,0.0
22.087402617241203,22.420269012451172,22.087402617241203,22.420269012451172,1834000,0.0,0.0
22.49181854431721,22.49181854431721,22.130952835083008,22.130952835083008,1795400,0.0,0.0
22.196273274203982,22.445146248790717,22.134056217271592,22.370485305786133,1282600,0.0,0.0
22.373609475327044,22.678478954620346,22.31139237674319,22.43893814086914,1759000,0.0,0.0
22.19005628588155,22.205609366041358,21.938071703631184,22.003402709960938,1582800,0.0,0.0
22.009619798041616,22.009619798041616,21.885183310363434,21.950511932373047,1389000,0.0,0.0
21.91941365727929,21.947413007483004,21.303456433954,21.480777740478516,2471200,0.0,0.0
21.49632570864133,21.511881163210763,21.22256727159495,21.24123191833496,1593000,0.0,0.0
21.197532160326656,21.2412382206773,21.010220132852233,21.078899383544922,1770800,0.12,0.0
21.08201208220756,21.181911942336907,20.838506322004804,21.15381622314453,2151000,0.0,0.0
21.150705638371086,21.16007088339572,20.657448758124225,20.685546875,3305200,0.0,0.0
20.685538134292646,21.116355895996094,20.566905395970757,21.116355895996094,4697600,0.0,0.0
21.11324087414053,21.475379536385745,21.11324087414053,21.42542839050293,1644000,0.0,0.0
21.425420395326483,21.956140404178477,21.425420395326483,21.578393936157227,2060800,0.0,0.0
21.578394464869746,21.78131437431363,21.540931118519648,21.640830993652344,1117600,0.0,0.0
21.64083471397928,21.64083471397928,21.387963632596936,21.572153091430664,2371800,0.0,0.0
21.57215255824612,21.6189811526265,21.44415694086108,21.594005584716797,1155600,0.0,0.0
21.59400335277588,21.849996942887888,21.59400335277588,21.753219604492188,1944800,0.0,0.0
21.753217756183464,21.946774798329876,21.750095215332497,21.899946212768555,1802600,0.0,0.0
21.946773916761416,22.196522393388427,21.946773916761416,22.159061431884766,948200,0.0,0.0
22.096617971998164,22.177787341527292,21.99671812557778,22.127836227416992,1718400,0.0,0.0
22.180910110473633,22.24958932038361,21.956134858258466,22.180910110473633,2287200,0.0,0.0
22.180921604977467,22.52120481795428,22.102874734279872,22.187164306640625,4660400,0.0,0.0
22.243341641554622,22.433776055275416,22.05602976724884,22.318265914916992,2004200,0.0,0.0
22.318279145679007,22.764707274689954,22.27457309515775,22.47437286376953,1614600,0.0,0.0
22.415055113021594,22.527442761751004,22.352616207171522,22.39632225036621,1418000,0.0,0.0
22.402558304611006,22.402558304611006,22.102858822698455,22.134077072143555,1731400,0.0,0.0
22.118470695267973,22.28705213045138,22.090374980304162,22.202762603759766,1259000,0.0,0.0
22.16529956299972,22.190275120054867,21.943646853185747,22.127836227416992,1316600,0.0,0.0
22.16843524753325,22.446281934566358,22.16843524753325,22.361989974975586,1444800,0.0,0.0
22.35886116590666,22.46812627329352,21.909310573457045,22.159061431884766,3179800,0.0,0.0
22.19652639440794,22.527446698744587,22.17779591027986,22.465007781982422,2057400,0.0,0.0
22.59613059969817,22.91144064449318,22.483742908123745,22.886465072631836,2529400,0.0,0.0
22.889579670848395,23.014455105016086,22.82714314466495,22.961383819580078,2119400,0.0,0.0
23.101877291542372,23.239240567344346,23.04880598291046,23.17055892944336,1824400,0.0,0.0
23.170552565472008,23.357864556245026,23.055042353291405,23.2080135345459,1733800,0.0,0.0
23.20490070352077,23.3297761974078,23.179925128382976,23.2891902923584,1345400,0.0,0.0
23.22674546824604,23.635710242889186,23.220500385783698,23.607614517211914,1974000,0.0,0.0
23.60760655354306,23.6856533853868,23.523314641343656,23.54204750061035,1789800,0.0,0.0
23.542057432148614,23.6044939712432,23.070653702040236,23.389083862304688,2083400,0.0,0.0
23.43902704936537,23.523316586735277,23.261080353317357,23.46400260925293,1964000,0.0,0.0
23.46088680763159,23.85736381207706,23.042554395656477,23.813657760620117,1724400,0.0,0.0
23.81365914996878,23.844877419716354,23.660687960944752,23.751222610473633,2146400,0.0,0.0
23.819902219646462,23.960385612536985,23.585761643628185,23.682538986206055,1708800,0.0,0.0
23.682543837562577,23.682543837562577,23.3703563389201,23.576398849487305,1544400,0.0,0.0
23.616990005640535,23.695036897673848,23.32977801459046,23.367238998413086,2215400,0.0,0.0
23.35162456301921,23.5701548472934,23.264210067508074,23.476497650146484,1202200,0.0,0.0
23.47962312575397,23.4921109123874,23.21114166763969,23.279823303222656,2006000,0.0,0.0
23.282927309099414,23.304780322859635,23.045664315559957,23.17990493774414,1422200,0.0,0.0
23.179926588329575,23.532697677612305,23.179926588329575,23.532697677612305,1635000,0.0,0.0
23.52956841183676,24.453642956337582,23.52956841183676,24.409936904907227,3327800,0.0,0.0
24.41305111124932,24.41305111124932,24.228861708250914,24.272567749023438,1560200,0.0,0.0
24.278813521865562,24.409934042582524,24.278813521865562,24.3818359375,672400,0.0,0.0
24.356863375879797,24.987483347681565,24.356863375879797,24.940654754638672,2158000,0.0,0.0
24.740856729983136,24.900073004865956,24.725246403931376,24.865732192993164,2392400,0.0,0.0
24.865720188283802,25.54004355210495,24.865720188283802,25.12795639038086,2982600,0.0,0.0
25.068652124105036,25.349618911743168,25.046799098804264,25.349618911743164,2285800,0.0,0.0
25.34961774648383,25.55254004740663,25.318399480603635,25.38083839416504,2417800,0.0,0.0
25.318402461301257,25.568153381347656,25.16230873172258,25.568153381347656,1954600,0.0,0.0
25.518197960708697,25.986479070831273,25.518197960708697,25.821020126342773,3016200,0.0,0.0
25.814781124273527,25.814781124273527,25.35898773094272,25.521324157714844,2587000,0.0,0.0
25.524454705801116,25.636842414129067,25.443285276052713,25.50884437561035,2540600,0.0,0.0
25.521320715463688,25.521320715463688,25.36522701078195,25.424543380737305,1419600,0.0,0.0
25.75546474631773,25.955264524714764,25.521324157714844,25.521324157714844,2137400,0.0,0.0
25.52132802250508,25.59937489719164,25.29030994033731,25.527570724487305,2440600,0.0,0.0
25.44953107921021,25.543188308159785,25.287194581740188,25.54006576538086,1885600,0.0,0.0
25.56813891043128,26.086368560791016,25.443263521084376,26.086368560791016,1913000,0.0,0.0
26.067657006910657,26.173799616727887,25.730493925488275,25.864734649658203,2430000,0.0,0.0
25.942779275228883,26.170677185058594,25.927171330211333,26.170677185058594,1354200,0.0,0.0
26.16442394579483,26.4422705275941,26.083256940680943,26.192522048950195,1524000,0.0,0.0
26.19565397968629,26.19565397968629,25.94278048784692,25.97087860107422,513400,0.0,0.0
26.048921521494847,26.17067443612973,26.030188654919407,26.126968383789062,299600,0.0,0.0
26.330475149505205,26.34613037109375,26.098792679633743,26.34613037109375,1271200,0.12,0.0
26.349255844919707,26.349255844919707,26.073739295572825,26.20523452758789,1342400,0.0,0.0
26.24280192426585,26.333596920826913,26.079998667823972,26.270980834960938,994800,0.0,0.0
26.349248207554663,26.37116407320483,25.79821765722875,25.87022590637207,1697000,0.0,0.0
25.923460938982295,26.299162302123655,25.923460938982295,26.289770126342773,1481800,0.0,0.0
26.25846579197793,26.36178212883351,26.017388765795094,26.314821243286133,1564600,0.0,0.0
26.236542270523422,26.31481357516263,25.98294161920994,26.189579010009766,2247000,0.0,0.0
26.23655441149088,26.249075724014812,25.910945346878066,26.23029136657715,1343200,0.0,0.0
26.23029587456517,26.23029587456517,25.71683598137626,25.773191452026367,1185400,0.0,0.0
25.81387771382157,26.167665572410023,25.798224884629267,26.14261817932129,1176400,0.0,0.0
26.17393131598924,26.49327966834205,25.954772555473657,26.24907112121582,1320400,0.0,0.0
26.346121611360452,26.53710378571471,26.236542262628664,26.49953269958496,1051400,0.0,0.0
26.54963615196923,26.612252260651367,26.267858885596755,26.543373107910156,1240200,0.0,0.0
26.596583083048472,26.612238296329913,26.402471814799593,26.465087890625,1725600,0.0,0.0
26.339861526240142,26.339861526240142,25.287894883020655,25.375560760498047,4240200,0.0,0.0
25.40687060653202,25.7324795799718,25.3066834138314,25.698040008544922,2375000,0.0,0.0
25.569678818070788,25.892156331969403,25.535239240018356,25.591594696044922,1415800,0.0,0.0
25.735605675248266,25.90154285828764,25.585326098260843,25.71368980407715,1584400,0.0,0.0
25.68238550881894,25.710564426526346,25.325468475532833,25.600982666015625,1395000,0.0,0.0
25.766921891207016,25.766921891207016,25.281638706701436,25.291030883789062,2029800,0.0,0.0
25.353646845511253,25.541497534448148,24.858971533344924,24.94037437438965,2045400,0.0,0.0
24.924721039378426,25.13135609623553,24.076260159092126,24.279766082763672,3882800,0.0,0.0
23.88840754563583,24.59284941756105,23.88840754563583,24.45195960998535,3707600,0.0,0.0
24.66799123531263,24.758786259545854,24.354905933260664,24.42691421508789,2459000,0.0,0.0
24.14513326629934,24.765040670416397,24.107562179611673,24.414386749267578,2836800,0.0,0.0
24.417512867903618,24.417512867903618,24.095035510084763,24.107559204101562,2253200,0.0,0.0
24.1858419511103,24.686778005700727,24.032430806909503,24.517711639404297,1913600,0.0,0.0
24.498933437378685,24.924729787893668,24.48327821135082,24.846458435058594,2210400,0.0,0.0
24.768174987880002,24.780698684856524,24.448826686606044,24.542753219604492,1597600,0.0,0.0
24.451944996065727,24.714937713169807,24.420636964866343,24.6679744720459,1337000,0.0,0.0
24.517712035866555,25.143882711392926,24.517712035866555,25.031171798706055,1679400,0.0,0.0
24.843315053921895,25.225279455622317,24.818267659693774,24.99359703063965,2031000,0.0,0.0
25.056213667776177,25.09691628143718,24.642941208705857,24.68364143371582,1613000,0.0,0.0
24.749384927376905,24.88401165300419,24.245317586445708,24.805740356445312,2389800,0.0,0.0
24.846439779493682,24.962282154625903,24.589710030502278,24.686765670776367,1212400,0.0,0.0
24.890281427955745,25.09691887315554,24.702430725097656,24.702430725097656,1547000,0.0,0.0
24.81199906867176,24.89027035910921,24.614756276683465,24.852699279785156,2089200,0.0,0.0
24.868363551263542,24.952895524719406,24.733736787129327,24.887147903442383,1981000,0.0,0.0
24.88713800347654,24.987325156328264,24.40185745224012,24.5615291595459,2875600,0.0,0.0
24.567803955829024,24.88402077871512,24.458224578190663,24.827665328979492,1366400,0.0,0.0
24.984212975489303,24.984212975489303,24.602248449640424,24.959165573120117,1738000,0.0,0.0
24.511431119822173,25.04680631823653,24.511431119822173,24.89652442932129,2508000,0.0,0.0
25.04682815328647,25.203370829244513,24.974817471339037,25.015520095825195,2098800,0.0,0.0
24.952892662873353,25.046819190297292,24.671117857903162,24.783828735351562,1505400,0.0,0.0
24.777558505156158,24.921577387083648,24.636671143541253,24.796342849731445,1314400,0.0,0.0
24.796349967241323,24.824528880842816,24.473872553334765,24.671117782592773,1577800,0.0,0.0
24.671121691402405,24.97794393651438,24.514579047138817,24.646074295043945,1991400,0.0,0.0
24.498920521460516,24.570931179111444,24.176443099975586,24.176443099975586,2305600,0.0,0.0
24.198353478391184,24.242185211828147,23.744378541150763,23.929100036621094,3424200,0.0,0.0
23.929113003238964,23.966684104536814,23.3655584270293,23.415653228759766,2222600,0.0,0.0
22.86461796882741,23.42190939363762,22.830178396404204,22.98672103881836,4377200,0.0,0.0
23.418778246496224,23.7099476318907,23.41564672509494,23.697423934936523,3703800,0.0,0.0
23.90405972242873,23.99485473674264,23.3874685527501,23.8508358001709,4728600,0.0,0.0
24.10756462677437,24.35803378614928,23.850834813308005,24.091909408569336,4135000,0.0,0.0
24.138869795197884,24.533357838130172,24.138869795197884,24.436302185058594,2466600,0.0,0.0
24.23279511305063,24.461345972871243,24.101299901483934,24.339242935180664,1760800,0.0,0.0
24.235935548594778,24.40187038451005,24.101308766666108,24.148269653320312,1733400,0.0,0.0
24.029293055348937,24.145135458331396,23.57218887474523,23.731863021850586,2277400,0.0,0.0
23.857102398633675,23.916589378714505,23.556540753251785,23.641075134277344,2510400,0.0,0.0
23.528355592931774,23.71620625384595,23.327981236136555,23.59723472595215,1977400,0.0,0.0
23.69428699137015,24.254709761405728,23.531483745523413,24.207746505737305,2394000,0.0,0.0
24.176434778085163,24.379940595848012,23.99797634467929,24.1701717376709,1697000,0.0,0.0
24.41515480158285,24.653842353878865,24.330359200637172,24.525075912475586,1338600,0.12,0.0
24.528218340288127,24.801452882435854,24.499953937359376,24.757484436035156,2495000,0.0,0.0
24.807731610105478,24.9396393376873,24.622436367705564,24.883108139038086,2220200,0.0,0.0
24.795176985306664,24.949068985261277,24.660130321814595,24.77005386352539,1692800,0.0,0.0
24.96475981974868,25.0558379855332,24.773182022081286,25.015010833740234,2160000,0.0,0.0
25.07781774995497,25.523784637451172,24.97103795834312,25.523784637451172,2401800,0.0,0.0
25.313373256173616,25.646280296930485,25.313373256173616,25.62115478515625,1967400,0.0,0.0
25.523785072166426,25.539489110541425,25.15633357674993,25.247411727905273,1622400,0.0,0.0
25.310229414121526,25.55205824736937,25.26940225868378,25.3259334564209,1780000,0.0,0.0
25.50494921554452,25.602307571387527,25.38560663754017,25.432716369628906,959200,0.0,0.0
25.43899104691677,25.4421323340034,24.98360265945517,25.099803924560547,1740200,0.0,0.0
25.11863625151257,25.420134961096746,25.080948014277514,25.31963539123535,2499600,0.0,0.0
25.435845697252933,25.781312942504883,25.42014405652761,25.781312942504883,2995800,0.0,0.0
25.93836344371314,26.17077090567143,25.790756407411756,26.126802444458008,2679000,0.0,0.0
26.07653106907928,26.308935953691297,26.07653106907928,26.129920959472656,2559600,0.0,0.0
26.66069499242539,26.663836280035596,26.26497661705288,26.268117904663086,4004400,0.0,0.0
26.271241644960902,26.88051924886582,26.164459502440195,26.85225486755371,4936800,0.0,0.0
26.867969728577055,28.077106359410035,26.867969728577055,28.073965072631836,6315600,0.0,0.0
27.926355553301452,27.929496840058274,27.26368541749684,27.668825149536133,3518400,0.0,0.0
27.474113947408497,27.857267144213488,27.288816329614903,27.335926055908203,2698200,0.0,0.0
27.574610962555052,28.014295309977584,27.52435995364963,27.6813907623291,3615600,0.0,0.0
27.602877374073536,27.60601866138456,26.915081615069607,27.043848037719727,2127800,0.0,0.0
27.0438448282677,27.32650075021119,26.908798243122472,27.07210922241211,2223400,0.0,0.0
27.1003761290243,27.345343797060583,26.94648661378867,27.07525062561035,2832800,0.0,0.0
27.260549098029667,27.486671447753906,27.131782685952007,27.486671447753906,2332800,0.0,0.0
27.38932094605577,27.79446083215829,27.23857266979941,27.492961883544922,2031600,0.0,0.0
27.398749774466264,27.640578693574806,27.26370310948522,27.511812210083008,1750600,0.0,0.0
27.461544603326242,27.48352881750696,27.112936066960806,27.32649803161621,1471200,0.0,0.0
27.182040121687866,27.543209146895652,26.82400998817542,27.00302505493164,4300200,0.0,0.0
26.883656928099192,26.88679821318986,26.123628870853107,26.31520652770996,3414600,0.0,0.0
26.36546484202101,26.582168067406727,26.22727939629766,26.48166847229004,3931800,0.0,0.0
26.459694952823096,26.893099182629307,26.10166485078746,26.877397537231445,3349200,0.0,0.0
26.6324293743475,26.861693041300356,26.48167872525635,26.513084411621094,2295200,0.0,0.0
26.977902906607323,27.100386788803785,26.45970057633723,26.902528762817383,2318200,0.0,0.0
26.69209503501515,26.701516499752803,26.27439492301332,26.64812660217285,1684200,0.0,0.0
26.61672507382385,26.955912233899475,26.610444895052193,26.845991134643555,2096600,0.0,0.0
27.07211998731954,27.427011273361295,26.858557916497354,26.902528762817383,2260800,0.0,0.0
26.93079855056518,27.226017400554117,26.833440162207683,27.134939193725586,2943800,0.0,0.0
27.260561063553787,27.4144506513034,27.21659260991104,27.401887893676758,2731800,0.0,0.0
27.543201704253214,27.79759323276626,27.540062813406053,27.763046264648438,3572200,0.0,0.0
27.763025045616388,28.41313197299013,27.69393116218858,28.29692840576172,4990000,0.0,0.0
28.139920001562864,28.32207631188192,28.092810280466562,28.17132568359375,3927200,0.0,0.0
28.171333536039317,28.3472097174157,27.973475527604077,28.202741622924805,4543000,0.0,0.0
28.20272876416289,28.27810286690061,28.12421337494874,28.22785186767578,2457800,0.0,0.0
28.26554892280139,28.736641404848083,28.227860661641557,28.673830032348633,3247400,0.0,0.0
28.67381538910478,29.358469542548416,28.67381538910478,29.22342300415039,3604000,0.0,0.0
29.192016214356748,29.28623562520995,29.053830780164304,29.144908905029297,2669600,0.0,0.0
29.207709251374453,29.264240397382334,28.975304493830166,28.984725952148438,2406200,0.0,0.0
29.063265548674842,29.710231784710253,29.060124261248387,29.52179527282715,2748600,0.0,0.0
29.52179526549741,29.62543618564247,29.314513425207288,29.572046279907227,2634000,0.0,0.0
29.641118278856656,29.86724290234524,29.562602917706382,29.634838104248047,4105200,0.0,0.0
29.616003876017864,29.744767860122618,29.553190131003888,29.625425338745117,1963800,0.0,0.0
29.396170508526783,29.462123168723668,29.1700457329373,29.19202995300293,2014800,0.0,0.0
29.443276726438263,29.443276726438263,28.8811061419428,28.937637329101562,5129400,0.0,0.0
28.8905236822891,29.050695756829253,28.626713108787353,28.934492111206055,3679800,0.0,0.0
28.93134611511502,29.088376864423093,28.85911091614971,29.034984588623047,2294000,0.0,0.0
28.843414953545043,29.349054299489485,28.843414953545043,29.1354923248291,1897400,0.0,0.0
29.08211100293987,29.257987172569063,28.975331182183268,29.009878158569336,1540600,0.0,0.0
29.082112890183023,29.273690718537768,29.025581688437352,29.17319107055664,2595400,0.0,0.0
29.14492354237947,29.66312337402828,29.066408125935666,29.606592178344727,1859200,0.0,0.0
29.528068702479384,29.78874038898889,29.51864723845369,29.7698974609375,2223200,0.0,0.0
29.84213791287713,30.294387470543903,29.773046360322763,30.00859260559082,3504800,0.0,0.0
30.383266105873844,30.44623564472156,29.93932292995544,29.967660903930664,2456200,0.12,0.0
29.98026380275885,30.172324073539514,29.98026380275885,30.09990692138672,2198200,0.0,0.0
29.992849768519413,30.247879524376724,29.781896768277974,30.191205978393555,1929800,0.0,0.0
30.383263733676017,30.41474850064168,29.602428541405395,29.807083129882812,3309000,0.0,0.0
29.90783478039249,29.90783478039249,29.385180941050965,29.47963523864746,2427400,0.0,0.0
29.375743976507007,29.419823141487292,29.05459302921139,29.167940139770508,2006800,0.0,0.0
29.218311968762887,29.567798424066996,29.133300451454396,29.139598846435547,2215400,0.0,0.0
29.060869695799106,29.230887832376116,28.71767942262636,29.03253173828125,2057200,0.0,0.0
29.303313087408466,29.548897577711237,29.224599986561,29.419809341430664,2423600,0.0,0.0
29.422969094081715,29.47019745581665,29.114414948064095,29.2403564453125,2065800,0.0,0.0
29.218307988523602,29.297021100128315,29.171079641134067,29.208860397338867,1181000,0.0,0.0
29.123854441091837,29.36314299882692,29.016805750765016,29.24979591369629,1937000,0.0,0.0
29.24979035155294,29.422957741587464,29.117552911424756,29.227750778198242,1816600,0.0,0.0
29.40722002587801,29.637060974775043,29.337952100851414,29.49852752685547,2033400,0.0,0.0
29.50167762138466,29.61187791559746,28.97272533727198,29.142745971679688,2545200,0.0,0.0
29.152188157036605,29.22145608266985,28.809000128205625,29.004209518432617,1955000,0.0,0.0
28.26116429465945,28.40914537087224,27.200110383920226,27.313457489013672,8213600,0.0,0.0
27.313455659543834,27.769990845160972,27.30715966618667,27.527555465698242,5297000,0.0,0.0
27.44882677424687,27.644036087517282,27.1402704277398,27.344924926757812,3072200,0.0,0.0
27.307145494530342,27.70071093379,27.29140191610683,27.650333404541016,3475600,0.0,0.0
27.650340685694626,27.94315354569542,27.593667151432104,27.940004348754883,2609800,0.0,0.0
27.83296269264614,28.314686654285413,27.80777391503694,28.195043563842773,2721800,0.0,0.0
28.19817892838081,28.57285403649512,28.132060215560593,28.450061798095703,2727400,0.0,0.0
28.453226080381786,28.604353960631883,28.22338265974457,28.500452041625977,2837800,0.0,0.0
28.50045863101332,28.506757028724984,28.23283437950526,28.39970588684082,2483600,0.0,0.0
28.368192211647827,28.478390038016297,28.125756993637193,28.42486572265625,3095000,0.0,0.0
28.33672261611996,28.74288259520706,28.32097903159084,28.67046546936035,2671000,0.0,0.0
28.6704599234229,28.71768826574079,28.10372702200805,28.14780616760254,2778200,0.0,0.0
28.0218830068336,28.0218830068336,27.458296532260206,27.56534767150879,2883400,0.0,0.0
27.568480302005966,27.870738371765707,27.568480302005966,27.666086196899414,1698000,0.0,0.0
27.719615921803662,28.17300431556958,27.719615921803662,28.16985511779785,2326200,0.0,0.0
28.132060371063215,28.295784957922823,27.82665317053899,28.210773468017578,2146800,0.0,0.0
28.21078231616183,28.213931513624996,27.66608885959229,27.801475524902344,2376000,0.0,0.0
27.804613735000753,28.223367989350983,27.530693693629615,27.688119888305664,2430000,0.0,0.0
27.688116309092816,28.383939711356632,27.54958050700368,28.157245635986328,3010200,0.0,0.0
28.258002917910297,28.490993021460678,28.23911254258094,28.302082061767578,2419000,0.0,0.0
28.298920607905995,28.695635132923652,28.128900097184143,28.64211082458496,2642400,0.0,0.0
28.64212869104813,28.793256526761496,28.106878067384727,28.336721420288086,2664600,0.0,0.0
28.258010144404473,28.67046612546171,28.144663059175432,28.57286262512207,2238200,0.0,0.0
28.635836488033988,28.777521567049494,28.475263428137566,28.497303009033203,1677400,0.0,0.0
28.654723192196297,28.871969757168923,28.396544269865302,28.5413761138916,3067200,0.0,0.0
28.620081603516198,29.001052692146246,28.27689126283203,28.805843353271484,1848000,0.0,0.0
28.742880637732537,28.997910355226548,28.686207100274583,28.878267288208008,1329200,0.0,0.0
28.956975778300812,28.98531134143928,28.74917204008591,28.979015350341797,949200,0.0,0.0
28.979021950341394,28.979021950341394,28.66731867416152,28.67046546936035,1024400,0.0,0.0
28.749173951721207,29.123849103464668,28.468955487653133,28.742877960205078,1732800,0.0,0.0
28.821593750750054,29.06088228692071,28.620088373595898,28.878267288208008,1473400,0.0,0.0
28.884559301653898,29.22774967624753,28.771212242350792,29.155332565307617,1363000,0.0,0.0
29.218313050344037,29.435559642558342,29.1553411088708,29.287578582763672,1390000,0.0,0.0
29.42294860852056,29.49851489553756,29.04512678196591,29.17106819152832,2656800,0.0,0.0
29.12384846138596,29.18052199231507,28.846779200251035,28.849925994873047,2027000,0.0,0.0
28.544531300431427,28.55712328765525,27.996686172963134,28.273757934570312,4287800,0.0,0.0
28.163546555558877,28.204478905413044,27.71960591536528,28.012418746948242,3346600,0.0,0.0
28.069102077930808,28.5445300462348,28.047062498056267,28.195043563842773,2727600,0.0,0.0
28.273740524916033,28.289481700320206,27.63144147596202,27.83294677734375,3960200,0.0,0.0
27.785729544872318,27.92426539570515,27.568480579181486,27.85814666748047,3415800,0.0,0.0
28.33671900475598,28.761769309400634,28.16354920554021,28.648422241210938,4619200,0.0,0.0
29.215156738112967,29.215156738112967,28.742878101678162,28.96642303466797,4205200,0.0,0.0
28.755471861612715,29.04198631237684,28.746026673430745,28.79010581970215,2131000,0.0,0.0
28.98216517430942,29.237194856608852,28.96642159302513,29.126996994018555,2193800,0.0,0.0
29.130152324166456,29.130152324166456,28.736586698070674,28.799558639526367,2025200,0.0,0.0
28.752315487098706,28.837324561648046,28.494136665332384,28.535066604614258,2363400,0.0,0.0
28.494142369832645,28.88455867556234,28.428023653694538,28.752321243286133,1749000,0.0,0.0
28.714555376794184,28.714555376794184,28.4532295515366,28.525644302368164,1798800,0.0,0.0
28.525621517702522,29.01515651056259,28.392974165555234,28.863557815551758,1868200,0.14,0.0
28.787772725323318,29.277305530559936,28.771980334039945,29.226774215698242,2133000,0.0,0.0
29.226766316323896,29.59944399982689,29.084642061928548,29.425737380981445,2787200,0.0,0.0
29.608924207602357,29.981601963345263,29.529967076382086,29.908960342407227,2744000,0.0,0.0
30.0826738004,30.51535984482078,29.79842758178711,29.79842758178711,3797800,0.0,0.0
29.861583529572865,29.87737350770941,29.596286355330292,29.646820068359375,2332400,0.0,0.0
29.624718162303907,30.098460974646205,29.624718162303907,30.076353073120117,2316800,0.0,0.0
30.06687381009262,30.130040959147397,29.76683768321858,29.769996643066406,1583200,0.0,0.0
29.75737304332487,29.864753617819623,29.340479360167834,29.454177856445312,1565600,0.0,0.0
29.52996114367774,29.672082987489134,29.447845069023632,29.451004028320312,829600,0.0,0.0
29.37205505909895,29.375214019271745,29.12255021622145,29.226774215698242,1916600,0.0,0.0
29.419421600341956,29.57417687142478,28.64564042576798,28.72775650024414,3139800,0.0,0.0
28.8351455971939,28.8351455971939,28.377192785417435,28.53194808959961,3047800,0.0,0.0
28.771975381233904,28.97726438467626,28.58247876635642,28.83198356628418,2661200,0.0,0.0
28.740402815196102,28.74356177590243,28.20033619430203,28.614070892333984,3659600,0.0,0.0
28.645636910449088,28.882508226939834,28.042405877434064,28.067672729492188,3922400,0.0,0.0
28.10242345974429,28.345610365899283,28.02978183814553,28.14348030090332,2679400,0.0,0.0
28.11190669295316,28.544590368718403,27.628689280396568,28.345619201660156,2951200,0.0,0.0
28.361402756119148,28.560373861155053,28.140321340943256,28.14348030090332,1591200,0.0,0.0
27.982418121637885,28.29508781284131,27.95083573831313,28.197181701660156,1602400,0.0,0.0
28.228744104374936,28.51930809020996,28.036088570001798,28.51930809020996,1908000,0.0,0.0
28.44035367349678,28.800397923695602,28.235064693398872,28.70564842224121,1720000,0.0,0.0
28.58247834178215,28.95199709674131,28.434038565966034,28.768815994262695,1642000,0.0,0.0
28.787762334140826,29.18570683695045,28.74670309545698,29.1446475982666,1691200,0.0,0.0
29.097287374629907,29.207829309726847,28.857259379103997,28.958324432373047,1853000,0.0,0.0
28.91410699434889,29.340475088524457,28.705658978327488,28.740400314331055,2560800,0.0,0.0
28.850941839116523,29.261519978836624,28.83515185502327,29.198352813720703,2801200,0.0,0.0
29.340469228717673,29.90580255400052,29.26782761078689,29.899484634399414,2485400,0.0,0.0
29.902650335407547,30.27216919922536,29.81737767821146,29.934232711791992,3121000,0.0,0.0
29.918434353594716,29.962650150072186,29.845792739621622,29.89316749572754,2840200,0.0,0.0
29.972131744013797,29.991080687128417,29.798425066860588,29.82685089111328,2131200,0.0,0.0
29.956337198708887,29.956337198708887,29.62787522070471,29.6405086517334,2163600,0.0,0.0
29.687881549655973,30.243740432076738,29.6720891594676,30.142675399780273,2075000,0.0,0.0
30.063714277971002,30.31321907043457,29.91527450439064,30.31321907043457,1472400,0.0,0.0
30.313241366174303,30.47747123905994,30.079526380322967,30.17743492126465,2069400,0.0,0.0
30.098466194048868,30.120574099408703,29.74789625935647,29.79842758178711,2466400,0.0,0.0
29.68788133882263,30.171098596357833,29.66577343846417,29.908960342407227,1921400,0.0,0.0
29.940537365292744,30.27215578475092,29.896321576031657,30.224781036376953,1803800,0.0,0.0
30.224780461004208,30.240572846688167,29.826838365229808,29.965801239013672,1903000,0.0,0.0
30.02896928426909,30.3195308768733,29.912111891565736,30.31637191772461,1581800,0.0,0.0
30.29427359533554,30.31954045734934,30.003711910918618,30.12372589111328,1676000,0.0,0.0
30.234249237787914,30.29109843760744,30.098442949862324,30.190031051635742,1073000,0.0,0.0
30.221625614285177,30.351114027786235,30.148984009457834,30.23110008239746,728600,0.0,0.0
30.335326722523835,30.401650414731073,29.719459735605042,30.079504013061523,1822000,0.0,0.0
29.845791657945988,30.05423961342533,29.71945978276882,29.76051902770996,2664000,0.0,0.0
29.90896374453265,30.262692600084854,29.766841856002053,30.20268440246582,1988800,0.0,0.0
30.16162423365994,30.171098703907276,29.861588097785546,30.02581787109375,2186000,0.0,0.0
29.90895770408509,30.385859409269713,29.85526743789072,30.013181686401367,2816800,0.0,0.0
29.79841728764585,30.098455796256502,29.735252554033153,29.950016021728516,1511800,0.0,0.0
30.013188894307696,30.130046333718695,29.68788584978447,29.70683479309082,2346800,0.0,0.0
29.801569079493827,29.940534351514774,29.656288299462634,29.852100372314453,1688800,0.0,0.0
29.751050299493283,29.987921726749057,29.432065179020316,29.82685089111328,2090600,0.0,0.0
29.747888094974947,29.968967087897642,29.571022491056482,29.586814880371094,1543600,0.0,0.0
29.719470568029987,29.747896394811193,29.46365017490401,29.624723434448242,1803200,0.0,0.0
29.627871001196084,29.653137859655036,29.425740952684947,29.498382568359375,2526800,0.0,0.0
29.50153769413945,29.548910035618327,29.049902898594667,29.113067626953125,3580600,0.0,0.0
29.18255827918884,29.242564064716046,28.857255260704516,29.01201057434082,3256400,0.0,0.0
28.740386900171075,29.02463296681398,28.72143796558811,28.96146583557129,5164400,0.0,0.0
28.96148127493715,29.38469284634838,28.96148127493715,29.293102264404297,2481400,0.0,0.0
29.451024393500802,29.649995594339956,29.160462586363167,29.413124084472656,2410400,0.0,0.0
29.324676882245193,29.529965897136,29.3120434526048,29.51417350769043,1785600,0.0,0.0
29.577342104241374,29.69104056699219,29.479433622129015,29.612083435058594,1366200,0.0,0.0
29.6215632415304,29.760528589833168,29.403640747070312,29.403640747070312,1625000,0.0,0.0
29.482585239701976,29.605758142076787,29.34362236062107,29.4920597076416,1551200,0.0,0.0
29.46038436889648,29.523739067475205,29.327338051785066,29.460384368896484,968400,0.14,0.0
29.577593323494334,29.650450985432666,29.301995308374124,29.428707122802734,886000,0.0,0.0
29.42871759878598,29.56176396372555,29.343186066447895,29.359025955200195,860800,0.0,0.0
29.4635416161185,29.526896290586734,29.035891521393157,29.19428062438965,2381800,0.0,0.0
29.27348759190965,29.343176796652234,28.87117774624084,29.010560989379883,2747400,0.0,0.0
29.00106178547622,29.51740967712846,29.00106178547622,29.181625366210938,3396600,0.0,0.0
29.34001297763014,29.39703317988909,28.855340050015485,28.868011474609375,4081600,0.0,0.0
28.899689795076085,28.921864182796483,28.52589124719865,28.83316421508789,3391600,0.0,0.0
28.83317210378348,29.073924391207846,28.80466320469742,28.90920066833496,3338400,0.0,0.0
28.795160093121826,28.93137491622172,28.7318029563151,28.801494598388672,3554200,0.0,0.0
28.71595777292021,28.833164215087887,28.605085834318217,28.83316421508789,2788200,0.0,0.0
28.826834364280806,28.890189077471348,28.50688750396558,28.589250564575195,2005400,0.0,0.0
28.595582934430382,29.08659038389798,28.582913926199957,29.02006721496582,2245400,0.0,0.0
29.020054955772334,29.127758398023293,28.570230431972117,28.944028854370117,3336800,0.0,0.0
28.890181235752184,29.124598927948984,28.849000925038727,28.906021118164062,2155400,0.0,0.0
28.906029729505537,28.906029729505537,28.266138408760565,28.319990158081055,2796200,0.0,0.0
28.25664284422881,28.399194627452825,27.781475067138672,27.781475067138672,4141200,0.0,0.0
27.86066250348449,28.145763579495778,27.65475845336914,27.65475845336914,2986400,0.0,0.0
27.71809231733294,28.050710391871274,27.695917940152107,27.714923858642578,2564200,0.0,0.0
27.718106357530615,27.847986644540043,27.464682704102366,27.559717178344727,3344000,0.0,0.0
27.24294097496867,27.512202117518605,27.11622913823127,27.32530403137207,5482600,0.0,0.0
27.32530053767003,27.493192672729492,27.103554247524343,27.493192672729492,2491000,0.0,0.0
27.493203727535988,27.680101864936805,27.32531152496836,27.55339241027832,2552200,0.0,0.0
27.559710902026577,27.958852219388046,27.426664601848262,27.79729461669922,2595400,0.0,0.0
27.686431665920765,27.76245780252506,27.572391252600667,27.749786376953125,2218400,0.0,0.0
27.645257915620583,27.686440666324025,27.48686866972265,27.610414505004883,1714200,0.0,0.0
27.5375455451943,27.718109130859375,27.417170627026685,27.718109130859375,1703600,0.0,0.0
27.714936867668374,27.730776751729366,27.528038803248993,27.66108512878418,1821800,0.0,0.0
27.924010791857643,27.955688142081026,27.59456103251531,27.844816207885742,1887400,0.0,0.0
27.813148288919944,27.841657188740097,27.47419545125658,27.53121566772461,2116800,0.0,0.0
27.547065906374073,28.044408196181344,27.534394472750016,27.936704635620117,2167800,0.0,0.0
27.93668026688812,28.430853663022397,27.756116724698543,28.186935424804688,2200800,0.0,0.0
28.266132836908845,28.297810188098538,28.047555005094104,28.117246627807617,1038200,0.0,0.0
28.174265191221423,28.231285386783757,27.89549871654921,27.974693298339844,1288800,0.0,0.0
27.71812148581365,28.209129176007995,27.711786978592816,28.158443450927734,1735000,0.0,0.0
28.60508243746297,28.915523828683618,28.351658822043625,28.877511978149414,3778800,0.0,0.0
28.963045566905606,29.032737192835075,28.871179552437408,28.985219955444336,3156000,0.0,0.0
28.98521949863005,28.98521949863005,28.332656860351562,28.332656860351562,2633200,0.0,0.0
28.335820119898923,28.620921094912877,28.228116649797435,28.55122947692871,2067200,0.0,0.0
28.510047462078905,28.541724809226995,28.27246373322825,28.487873077392578,2669000,0.0,0.0
28.38334768138755,28.712797548319188,28.38334768138755,28.65260887145996,2251600,0.0,0.0
28.418196719776528,28.620934750555467,28.294653307796487,28.43086814880371,2201000,0.0,0.0
28.510038279033243,28.93451991111131,28.491032360231504,28.91551399230957,1851800,0.0,0.0
28.725463050502317,28.763477325439457,28.573408367580946,28.763477325439453,2756000,0.0,0.0
28.826832138367738,29.02640164465249,28.70012030494354,28.93770408630371,2333200,0.0,0.0
29.143608139031482,29.71381013456942,28.953541612794503,29.659955978393555,2793800,0.0,0.0
29.656785876946408,29.688463224180186,29.45721399740293,29.51740264892578,1781600,0.0,0.0
29.412873223188658,29.57443087987169,29.324175660092823,29.40020179748535,1671400,0.0,0.0
29.30198623853022,29.469878313529083,29.235463100332147,29.27981185913086,1854000,0.0,0.0
29.492054893897432,29.545906616911054,29.238633741395876,29.53640365600586,2299000,0.0,0.0
29.463551371484794,29.647280955005797,29.381188333945005,29.48255729675293,2051200,0.0,0.0
29.47939919503055,29.663131259935714,29.406541511351733,29.44455337524414,2127200,0.0,0.0
29.644115774185032,29.979900020097272,29.542746808428877,29.869028091430664,3342800,0.0,0.0
29.634614099022357,29.70430330233624,29.41603627527665,29.62510871887207,2875000,0.0,0.0
29.53959532851171,29.612455447418064,29.397045969260883,29.498414993286133,1742000,0.0,0.0
29.539590430832863,29.66630229406258,29.263992309570312,29.263992309570312,5306200,0.0,0.0
29.26714762046155,29.355845159820433,29.099255504271277,29.200624465942383,1988600,0.0,0.0
29.162618037758545,29.46039050006872,29.07708893519463,29.137277603149414,1777200,0.0,0.0
29.134110849668932,29.254485775804703,28.997896036250374,29.143613815307617,2490000,0.0,0.0
29.14362243824959,29.289340260421454,28.969393293898342,29.016910552978516,2036600,0.0,0.0
29.020068667247795,29.020068667247795,28.687450389114215,28.744470596313477,3841800,0.0,0.0
28.725392088200422,28.84613954298609,28.11847169928556,28.12800407409668,3686800,0.14,0.0
28.312316327309492,28.598299810273815,28.128015591142717,28.480728149414062,2583000,0.0,0.0
28.48072903334272,28.658675663992117,28.375870439924668,28.44895362854004,2048200,0.0,0.0
28.626889515385354,28.674553820891255,28.27100120613017,28.36315155029297,2329600,0.0,0.0
28.391762249580943,28.452137227033333,28.13755653922416,28.414005279541016,1600600,0.0,0.0
28.413995855703224,28.776240751657877,28.410820012696835,28.766708374023438,1947800,0.0,0.0
28.84615192246892,28.95736705017205,28.598300373785385,28.6777400970459,1796200,0.0,0.0
28.7412832623295,29.01138018903068,28.636424697986286,28.966894149780273,4293000,0.0,0.0
28.979607183760848,29.03680387577293,28.72222328186035,28.72222328186035,1201400,0.0,0.0
28.68727119294517,28.75082442329602,28.576056070216,28.674560546875,1177000,0.0,0.0
28.661842043356216,29.081283551453378,28.487076162494926,28.992311477661133,1832400,0.0,0.0
28.992316111107574,29.011383290186863,28.267826338091442,28.328201293945312,2099000,0.0,0.0
28.325033438538693,28.359987118006963,27.54652495796385,27.679983139038086,2737800,0.0,0.0
27.759404191775992,27.83566561186522,27.031736373901367,27.031736373901367,3633000,0.0,0.0
27.03175462687834,27.613254105440323,26.8347431989517,27.403532028198242,4522200,0.0,0.0
28.121668896106595,28.280548381395334,27.67680585243642,27.89923858642578,3301800,0.0,0.0
27.899237524844295,28.070825229035602,27.336802810710328,27.339981079101562,2140800,0.0,0.0
27.613249065176817,27.625959712172175,27.346330326890328,27.48614501953125,4250600,0.0,0.0
27.724464151796177,27.724464151796177,26.72670139517761,27.04446029663086,2466400,0.0,0.0
27.247820305501,27.42258863578408,27.152491684563408,27.282773971557617,1778800,0.0,0.0
27.263715139951017,27.270069251383728,26.713991165161133,26.713991165161133,1557200,0.0,0.0
26.640903342513784,26.926886819450303,26.230996520597284,26.853803634643555,1582800,0.0,0.0
26.628193905908724,26.768006158237707,26.27230310370056,26.294546127319336,1939600,0.0,0.0
26.53286544658855,26.694923147882868,26.10071319267554,26.63454818725586,2005200,0.0,0.0
26.596413396547003,26.9459500528735,26.437533979783144,26.679031372070312,1567400,0.0,0.0
26.612310475619875,27.006330871318266,26.555113771058153,26.787078857421875,2073800,0.0,0.0
26.841089992841354,27.19697834725758,26.80613632598868,27.190624237060547,2316800,0.0,0.0
27.120706834497888,27.231921903963155,26.812480481760797,26.990427017211914,1722200,0.0,0.0
27.06988327008298,27.29231354517733,27.060350890337247,27.08259391784668,2110000,0.0,0.0
27.053988053992715,27.088941721125874,26.809314808368217,27.063520431518555,1704200,0.0,0.0
26.815676008432344,26.850629684806933,26.555113781836134,26.599599838256836,1489600,0.0,0.0
26.63772739226933,26.888757197444225,26.42482952530217,26.856979370117188,2632200,0.0,0.0
26.930062658354213,27.393990290519266,26.54557473904566,26.55510711669922,2972200,0.0,0.0
26.640905618852557,26.640905618852557,25.976790666400827,26.08165168762207,2652600,0.0,0.0
26.08165212862265,26.49473726042698,25.945015699229284,26.469318389892578,1657200,0.0,0.0
26.3580972682213,26.914175290118862,26.332678401122756,26.885578155517578,1678600,0.0,0.0
27.009502009333715,27.165203165640214,26.891930363130584,27.063520431518555,1671200,0.0,0.0
27.05716727668267,27.27641924044183,26.755294906628528,26.84109115600586,1605400,0.0,0.0
26.841086097531107,26.87603975931114,26.539213784367863,26.647253036499023,2030600,0.0,0.0
26.691742766915283,27.216045341841205,26.68538865676135,27.117538452148438,1563400,0.0,0.0
27.05399418767946,27.05399418767946,26.771188943526326,27.00950813293457,2603400,0.0,0.0
26.930073129078586,26.933251397634734,26.653621948099786,26.888765335083008,2097000,0.0,0.0
27.041277663774643,27.10165262108353,26.891930616310113,27.034923553466797,1937800,0.0,0.0
27.050805845862183,27.23510653220427,26.99360916473213,27.17790985107422,1113400,0.0,0.0
27.13025053129547,27.168382467158043,26.787072805763117,26.828380584716797,2049000,0.0,0.0
26.853810365778692,27.3590459480849,26.847453828971304,27.238298416137695,1954000,0.0,0.0
27.082583665395635,27.216041779930006,26.926880107464946,27.17790985107422,1654800,0.0,0.0
27.177913810443872,27.24782114471019,26.968194231952534,27.063520431518555,1885400,0.0,0.0
27.03174759992284,27.177916392590852,26.980907440185547,26.980907440185547,2282800,0.0,0.0
26.9840871947661,27.368575201184093,26.93006875961912,27.2224063873291,2356400,0.0,0.0
27.295492762484752,27.32408990271651,26.666329009995245,26.685396194458008,4120800,0.0,0.0
26.644077788472742,26.656788432769886,26.119775226676218,26.199214935302734,4459400,0.0,0.0
26.202392774459618,26.23734643962895,25.36986376890167,25.8973445892334,5282200,0.0,0.0
25.929138128454294,26.450262779188954,25.929138128454294,26.19287872314453,3485800,0.0,0.0
26.19286610468374,26.316791881174712,26.011743629480936,26.186511993408203,2489000,0.0,0.0
25.722576683543625,26.447068862635785,25.496968201961216,26.199214935302734,8329000,0.0,0.0
26.16744810576648,26.501095960980507,26.164269837574526,26.34221649169922,3497000,0.0,0.0
26.494741939071854,26.63455666108712,26.39305916605399,26.526519775390625,3919600,0.0,0.0
26.45342842719981,26.631372635436044,26.361278055275186,26.61548614501953,2273400,0.0,0.0
26.53605032605658,26.66315438963817,26.46614296987129,26.51380729675293,2638000,0.0,0.0
26.501090769485117,26.580530488563724,26.167442979631833,26.173799514770508,2373400,0.0,0.0
26.17698799207932,26.231008869599332,25.77978920498247,26.01493263244629,3540400,0.0,0.0
25.865573573494544,25.932302648039673,25.47790734815894,25.639965057373047,3222600,0.0,0.0
25.643150652056807,25.67175022305625,25.427074432373047,25.427074432373047,3158800,0.0,0.0
25.50359424066766,25.93726150374208,25.50359424066766,25.90537452697754,2100600,0.14,0.0
25.857554077251635,26.010615038155553,25.739571968692523,25.809724807739258,1806000,0.0,0.0
25.191095530494263,25.65984162138889,25.187906103034884,25.407930374145508,2999400,0.0,0.0
25.484473277760525,25.76508465706669,25.484473277760525,25.557815551757812,2079400,0.0,0.0
25.790588841753227,25.98829206209031,25.624775042595974,25.934083938598633,2810800,0.0,0.0
25.934088096402398,25.934088096402398,25.650289718715978,25.65347671508789,2461800,0.0,0.0
25.27401312134473,25.787401658496915,25.27401312134473,25.755512237548828,2631000,0.0,0.0
25.733189259302858,26.291220026424973,25.65984943514661,26.278467178344727,2025400,0.0,0.0
26.444282086998786,26.50486906564675,26.13497320226934,26.230636596679688,1950600,0.0,0.0
26.227439481176816,26.230628908808026,25.92450954236436,25.98509407043457,1456000,0.0,0.0
26.004229321546998,26.281648716879346,25.95320820853565,26.243385314941406,1474600,0.0,0.0
26.246577985436062,26.508055164109486,26.211501570860996,26.466602325439453,1860600,0.0,0.0
26.616463903265153,26.616463903265153,26.35179739490488,26.46978187561035,1475400,0.0,0.0
26.370935721423873,26.523996642087333,26.256140639131477,26.265708923339844,1621200,0.0,0.0
26.41875936998136,26.724878685312515,26.402817100128104,26.530364990234375,2380000,0.0,0.0
26.409202132680964,27.085217361642897,26.354994018428304,27.07246208190918,1668400,0.0,0.0
27.152186527401714,27.579477541617184,26.72170608436962,26.826932907104492,4821600,0.0,0.0
26.903459643809338,27.38495869506639,26.903459643809338,27.343505859375,3610000,0.0,0.0
27.231911198248095,27.911113716060854,27.215966483484856,27.3148193359375,3812200,0.0,0.0
27.311618377832584,27.5635296812609,27.311618377832584,27.353071212768555,2405000,0.0,0.0
27.356265810215753,27.506137335888546,27.289302402902205,27.423229217529297,1895000,0.0,0.0
27.410464861785716,27.678320835194974,27.391333161120958,27.544391632080078,2025600,0.0,0.0
27.391339393616278,27.579474313815137,27.298865431327982,27.311620712280273,2155600,0.0,0.0
27.311629127601588,27.4933876797387,27.24147627715887,27.266986846923828,1707600,0.0,0.0
27.378579705774932,27.656001547985674,27.343503297007345,27.51250648498535,2106600,0.0,0.0
27.432793199457812,27.64643868909503,27.381774506670663,27.60817527770996,1455000,0.0,0.0
27.5348292230873,27.589037336959468,27.397713007938332,27.455110549926758,1649200,0.0,0.0
27.330748439912696,27.53482803980792,27.30205088656215,27.471054077148438,1953400,0.0,0.0
27.56033732918635,27.598603164712806,27.298860201807095,27.37220001220703,1302200,0.0,0.0
27.455116206799367,27.51889261816084,27.33394467444457,27.423229217529297,1110400,0.0,0.0
27.48699508596579,27.630490144574548,27.321181330992374,27.37220001220703,1706600,0.0,0.0
27.372201379532818,27.595415115356445,27.29567213747765,27.595415115356445,1312800,0.0,0.0
27.58903306403142,27.815436201624884,27.531635530932597,27.710206985473633,2252000,0.0,0.0
27.630488369661364,27.844133797113653,27.585846114158514,27.80268096923828,1196600,0.0,0.0
27.694273199922993,27.74210490183527,27.534835815429684,27.534835815429688,2366000,0.0,0.0
27.486991174626265,27.620920363500726,27.426406651356192,27.553956985473633,1892600,0.0,0.0
27.451913331737188,27.48061331099758,27.317986582709082,27.391328811645508,2098600,0.0,0.0
27.391341715291894,27.420039275251128,27.276546609812385,27.340320587158203,1966600,0.0,0.0
27.37858445507063,27.42322672255142,27.101162564736192,27.30843162536621,1601800,0.0,0.0
27.340312616902732,27.34987846743384,27.00230625642727,27.120290756225586,2048200,0.0,0.0
27.024629789590612,27.10753788960396,26.884324148463534,26.957666397094727,2309200,0.0,0.0
26.973620414908737,27.08203912102239,26.756787868325144,26.830127716064453,1733400,0.0,0.0
26.801415858624022,26.858813394121132,26.57182571663559,26.718507766723633,1480200,0.0,0.0
26.68342872049323,26.96085052009161,26.590954787293768,26.916208267211914,1215600,0.0,0.0
26.817356888898466,26.833301594116694,26.348610776199752,26.488916397094727,1901800,0.0,0.0
26.594145147961264,26.874753952026367,26.31353391107575,26.874753952026367,3207600,0.0,0.0
26.989560264868043,27.324379745587212,26.948107420696346,27.27973747253418,2842000,0.0,0.0
27.337120500583957,27.48380252449607,27.21913602288894,27.30523109436035,2295800,0.0,0.0
27.42322013983573,27.64643142365967,27.413654289503352,27.544391632080078,1640600,0.0,0.0
27.57628150025452,27.58265792297485,27.266972692676227,27.442352294921875,2495200,0.0,0.0
26.78547221737845,27.148989145702934,26.76634051572579,26.95447540283203,3441600,0.0,0.0
27.072456153722317,27.078832575782474,26.858810738812434,26.986358642578125,1583800,0.0,0.0
26.801417420176676,26.9002677909731,26.70256461655955,26.79184913635254,2934200,0.0,0.0
26.689806545613983,26.702561823224475,26.44108471426049,26.488916397094727,2326600,0.0,0.0
26.45384132406179,26.514428287557624,26.163666650476603,26.243385314941406,2302400,0.0,0.0
26.37093783933448,26.37412726766009,26.004233864982666,26.198747634887695,2941400,0.0,0.0
26.19875353212803,26.358190924803136,25.90219988443947,26.016992568969727,12419800,0.0,0.0
26.036127588828634,26.036127588828634,25.45258612807277,25.7491397857666,4274400,0.0,0.0
25.8288582617338,25.965974520189203,25.53549403572463,25.631155014038086,3061200,0.0,0.0
25.509984290374405,25.545060713399405,25.034861514156255,25.146467208862305,3765600,0.0,0.0
25.146462088674895,25.481281537440594,25.031666988116434,25.353731155395508,2808200,0.0,0.0
25.318651246164602,25.71724461454622,25.063550517272027,25.573749542236328,2817000,0.0,0.0
25.685360420539396,25.787400236611674,25.07311909128462,25.245311737060547,2410200,0.0,0.0
25.414307989062745,25.6279558481025,25.337778756188158,25.545047760009766,3086400,0.0,0.0
25.54505185405088,25.705148696899414,25.397763051776302,25.705148696899414,4403800,0.165,0.0
25.775595058572083,26.172634596584725,25.68273858446962,26.089385986328125,3408000,0.0,0.0
26.0893870934966,26.36155128479004,25.890866094623405,26.36155128479004,2098600,0.0,0.0
26.2943123130767,26.36475288788518,26.009340063598327,26.243080139160156,2229800,0.0,0.0
26.25588207962129,26.319919839247277,25.903669515910476,25.919677734375,2612600,0.0,0.0
25.938895449648737,25.958106292242967,25.583480204349307,25.650720596313477,2802000,0.0,0.0
25.61549762821411,25.72116214222271,25.400968421870033,25.586681365966797,3191400,0.0,0.0
25.807607567491686,25.90686925963746,25.522635415901277,25.61549186706543,2239000,0.0,0.0
25.65071203167071,25.67632810849951,25.464999138987206,25.57706642150879,1262400,0.0,0.0
25.583480569559537,25.76919352690273,25.481018669453704,25.644315719604492,1966800,0.0,0.0
25.669928516089644,25.906873614566564,25.461802121107088,25.743574142456055,2111000,0.0,0.0
25.541849620109932,25.826824252150534,25.52263878039996,25.679533004760742,2520400,0.0,0.0
25.746772622052546,26.03174477570812,25.589875974353514,25.980512619018555,1447000,0.0,0.0
25.903664753940422,26.044548287795223,25.615490002831866,25.97410774230957,1803400,0.0,0.0
25.90687451689651,26.17263344235595,25.826826088567774,26.057363510131836,2268600,0.0,0.0
25.935676119559716,26.508822835594685,25.807598218047062,26.38074493408203,3387200,0.0,0.0
26.41597273927217,26.521637216521267,25.775585521350422,25.9068660736084,2415600,0.0,0.0
26.01573157016312,26.079769316874756,25.653913659763816,25.669921875,2471600,0.0,0.0
25.749976992235954,26.006132931623142,25.644312484022432,25.93568992614746,2474600,0.0,0.0
25.967706509557654,26.00292800917819,25.631504617112377,25.9613037109375,2711600,0.0,0.0
26.496020529179265,26.61449304119486,26.127797398807363,26.399961471557617,4904400,0.0,0.0
26.383956016600532,26.422377689360907,26.271888732910153,26.271888732910156,2414800,0.0,0.0
26.41278070892179,26.985927791901148,26.316724053451296,26.96351432800293,3585400,0.0,0.0
27.120398919315114,27.245274236985058,27.05636117180152,27.139612197875977,2225400,0.0,0.0
26.976320919502808,27.12040711639988,26.82903210139703,26.889869689941406,2467600,0.0,0.0
26.998733117368232,27.181243431566976,26.905876649739522,27.033954620361328,1943600,0.0,0.0
27.130013978049906,27.290110832193545,27.040357687706802,27.19405174255371,1750000,0.0,0.0
27.232471217614155,27.29010617298127,26.92508316040039,26.92508316040039,2078000,0.0,0.0
27.005132011996434,27.238874457801305,26.93148883848355,27.219663619995117,1209400,0.0,0.0
27.027559261487774,27.315731721112105,26.937902947352338,27.229280471801758,1268400,0.0,0.0
27.37336221811226,27.37336221811226,26.656128922698333,27.09479522705078,1412800,0.0,0.0
27.072377981345845,27.408579896507227,26.867454211280613,27.30611801147461,1092800,0.0,0.0
27.36055551221402,27.539865676992164,27.28691231624391,27.536663055419922,986200,0.0,0.0
27.434199866059863,27.533459144189646,27.347748630734625,27.479026794433594,1334800,0.0,0.0
27.366955003968197,27.92409133911133,27.366955003968197,27.924091339111328,2662600,0.0,0.0
27.936893179897346,28.10979802682152,27.61990218197808,27.74798011779785,2357400,0.0,0.0
27.747986275799846,27.92409133911133,27.69675411294881,27.924091339111328,1755000,0.0,0.0
28.17704889266073,28.17704889266073,27.773604099508194,27.898479461669922,1382400,0.0,0.0
27.87285380365697,27.99772911198663,27.792805403810604,27.946496963500977,1435600,0.0,0.0
27.90488239277895,27.93690127529128,27.651929068028497,27.933698654174805,1536600,0.0,0.0
27.872866293801962,28.129019822365624,27.8248367437949,28.02655792236328,972200,0.0,0.0
28.135422255482357,28.135422255482357,27.888871730080712,27.933698654174805,353800,0.0,0.0
27.9625313869933,28.21868501848595,27.904896392402517,28.193071365356445,1629600,0.0,0.0
28.19305773717342,28.289114386468526,27.978526090357548,28.042566299438477,2227000,0.0,0.0
28.202661258002166,28.44920932842403,28.145026295153883,28.26349639892578,2449600,0.0,0.0
28.276303624341814,28.71176723266176,28.273103446358782,28.682950973510742,1739400,0.0,0.0
28.6829564709009,28.775812950768806,28.465224625010332,28.714975357055664,1315200,0.0,0.0
28.593284027697038,28.625302893040452,28.410773808068456,28.494022369384766,1798600,0.0,0.0
28.532447881094765,28.567669367574926,28.289100095290827,28.308313369750977,1727200,0.0,0.0
28.308337532718394,28.401191593186986,27.959324989569563,28.010557174682617,2597800,0.0,0.0
28.103398521382196,28.103398521382196,27.667937359345828,27.79601287841797,2710800,0.0,0.0
27.872855454206455,28.20585466754927,27.863247593633975,28.135414123535156,1789000,0.0,0.0
28.253893212657776,28.43640353562576,28.241085170691782,28.375568389892578,1312800,0.0,0.0
28.13542604396171,28.55487907998678,28.13542604396171,28.465225219726562,1282400,0.0,0.0
28.407586311633835,28.99033876549428,28.407586311633835,28.881471633911133,2176400,0.0,0.0
28.977530295248624,28.977530295248624,28.612509667070697,28.705366134643555,2098400,0.0,0.0
28.846235109609932,28.955102184503826,28.788602617050824,28.83022689819336,2136000,0.0,0.0
28.91028709235506,29.09279738865398,28.5900934186458,28.602901458740234,1795800,0.0,0.0
28.769396130645205,28.88146340853182,28.500434663717336,28.532453536987305,1478800,0.0,0.0
28.705360531503068,28.9134868876526,28.63171491887774,28.86865997314453,1361800,0.0,0.0
28.980735075400364,29.041570222706234,28.801424926125254,28.884675979614258,898000,0.0,0.0
28.993547153820106,29.0960090635761,28.852661111823885,29.063987731933594,944400,0.0,0.0
29.13763489377364,29.16965378420084,28.513257980346676,28.51325798034668,1200000,0.0,0.0
28.580735906569494,28.82177438465752,28.50038974720682,28.754283905029297,960200,0.165,0.0
29.027469721865387,29.027469721865387,28.62252426147461,28.62252426147461,623200,0.0,0.0
28.625734901411764,28.625734901411764,28.27863883972168,28.27863883972168,887600,0.0,0.0
28.474682359139553,28.85070184892796,27.992605335727585,28.789640426635742,2982800,0.0,0.0
28.760711617165313,28.889265967448598,28.606448358401604,28.869983673095703,1346200,0.0,0.0
28.747865842142858,28.924628441182985,28.487544970802976,28.587173461914062,1876400,0.0,0.0
28.796056240775034,29.02745351753707,28.773559419532596,28.995315551757812,1263400,0.0,0.0
28.860335548681036,29.021027834693804,28.831409662174497,28.866762161254883,1169400,0.0,0.0
29.13993548272683,29.13993548272683,28.288265966319063,28.751060485839844,1560600,0.0,0.0
28.90854248518531,28.940682905311427,28.571090141589295,28.921398162841797,1776000,0.0,0.0
29.197805493298326,29.197805493298326,28.808930220773522,28.99854850769043,1587400,0.0,0.0
29.03066177383031,29.049944058735477,28.67392479127018,28.77676773071289,1175800,0.0,0.0
28.731787677701455,28.9246179737994,28.577521969640948,28.860342025756836,1180800,0.0,0.0
28.699651991598074,28.89569683631779,28.66751156304433,28.873197555541992,1232400,0.0,0.0
28.873193036083048,28.96639486996525,28.657865929512127,28.72857093811035,1806200,0.0,0.0
28.60323797031278,28.680369610871953,27.680863009234834,27.78692054748535,2907000,0.0,0.0
27.9990330071812,28.275424016321455,27.835126140837467,28.146869659423828,1407000,0.0,0.0
28.13401252316329,28.413618051053838,27.98296134552024,28.108301162719727,1548200,0.0,0.0
28.10187890841615,28.31399153505767,27.91226066068974,27.918689727783203,1550400,0.0,0.0
27.960464489415585,28.027954971532914,27.642294373156673,27.70335578918457,2267600,0.0,0.0
27.703359959792174,28.191866073379295,27.481606185728502,28.17901039123535,2208600,0.0,0.0
28.195080300301704,28.503609312489225,28.195080300301704,28.452186584472656,1703200,0.0,0.0
27.336978892523618,27.63908126305263,27.079872631026305,27.089513778686523,5613400,0.0,0.0
26.88383274639342,27.398047816185723,26.697429017352814,26.99631690979004,3770200,0.0,0.0
27.24699124060984,27.76763527554068,26.983455915959258,27.471961975097656,4383000,0.0,0.0
27.317702024213144,27.471967773334722,27.102374843789423,27.214859008789062,1902400,0.0,0.0
27.140928437608657,27.285552978515625,26.890248842400464,27.285552978515625,3733200,0.0,0.0
27.157005461710707,27.3530503126807,27.08630043979097,27.144149780273438,1900600,0.0,0.0
27.12164614627569,27.314476415515077,26.906319053157873,27.285552978515625,1419800,0.0,0.0
27.253412557512682,27.436601664607636,27.253412557512682,27.327329635620117,1401400,0.0,0.0
27.285543699798964,27.462303698171972,27.16020394481788,27.42052459716797,1759000,0.0,0.0
27.40126554657205,27.71622124082476,27.317704821741856,27.639089584350586,2038800,0.0,0.0
27.581235105374024,28.227219044768283,27.561952807830245,28.140443801879883,2148800,0.0,0.0
28.121149328413104,28.493956599312348,28.015091833901806,28.413610458374023,2393800,0.0,0.0
28.442558355912674,28.448984973848702,28.15652604431039,28.34292984008789,1982600,0.0,0.0
28.346123750147246,28.471463561303292,28.085802981126253,28.42325782775879,2775800,0.0,0.0
28.423266830124486,28.474687112848112,28.04724482559052,28.217580795288086,1245800,0.0,0.0
28.29792603334265,28.487541844255887,28.256144449807223,28.336490631103516,1458400,0.0,0.0
28.207936581004457,28.217580182528483,27.915477752685547,27.915477752685547,2432800,0.0,0.0
27.851200409706298,27.896194073375387,27.74835494763892,27.825489044189453,3131200,0.0,0.0
27.815841874772445,28.02473993146419,27.815841874772445,27.851194381713867,2791400,0.0,0.0
27.719421066115498,27.838334247890877,27.510520590875437,27.5876522064209,2537800,0.0,0.0
27.68728603680467,28.43611280430404,27.68728603680467,28.378263473510742,3766000,0.0,0.0
28.121150031456715,28.609653501707925,28.10829435434883,28.45860481262207,3575200,0.0,0.0
28.41039945524158,28.844268179808502,28.204713505047337,28.638582229614258,2872600,0.0,0.0
28.84427978161273,29.220299330682735,28.731795615476948,28.88284683227539,4010400,0.0,0.0
28.956762363192876,29.268505929403645,28.892486400909966,29.152807235717773,2735600,0.0,0.0
29.02746262169297,29.246004290292653,28.69643681160162,28.87641143798828,2858400,0.0,0.0
28.889267769818865,29.101382828815456,28.8217772834028,28.873197555541992,2075400,0.0,0.0
28.850691410154226,29.451681431266653,28.828194588613634,29.42597007751465,2987000,0.0,0.0
29.56417574032888,29.805214247994503,29.5256111483635,29.679874420166016,3615800,0.0,0.0
29.660590971457733,30.203731838919598,29.641308676224426,30.178020477294922,3080400,0.0,0.0
30.53154440294248,31.13896124806443,30.480121677528523,31.081111907958984,5376400,0.0,0.0
31.093961583700185,31.563182828607992,31.0682502259592,31.46355438232422,4744400,0.0,0.0
31.576053603060508,31.68211116546754,31.17432264118951,31.380008697509766,3873600,0.0,0.0
31.286793004942325,31.38642390683315,30.885062220461887,31.01361656188965,3205600,0.0,0.0
31.013629173352697,31.09397536292097,30.63439506051161,30.724382400512695,2872800,0.0,0.0
30.804710397253032,31.68209134803702,30.756502221588917,31.63066864013672,3399600,0.0,0.0
31.694964491332783,31.736743625547987,31.30287470941571,31.466781616210938,2250800,0.0,0.0
31.463559068918528,31.54069070166044,31.18073899558085,31.238588333129883,2153200,0.0,0.0
31.261087546759402,31.35107731912339,31.007195800779677,31.10039520263672,1679400,0.0,0.0
31.100383716491393,31.421768286041438,31.02968117084491,31.110027313232422,2599800,0.0,0.0
31.071350631673436,31.071350631673436,30.761766110322903,30.784339904785156,3176800,0.165,0.0
30.71662238838343,30.87786450065841,30.60697893300895,30.774669647216797,2134000,0.0,0.0
31.03263096506086,31.203547061455943,30.774642826122136,31.058427810668945,1778200,0.0,0.0
31.34866707868857,31.52925731831998,31.016508976356167,31.103578567504883,2043400,0.0,0.0
31.039085484547872,31.66470524162881,30.935890701351216,31.164854049682617,2254000,0.0,0.0
31.45833027887027,31.629246487224183,30.990726778284344,31.600221633911133,2612800,0.0,0.0
31.538955857752974,31.538955857752974,30.774667415270553,30.7972412109375,3442200,0.0,0.0
31.045544803997014,31.280959291532287,30.668238978286233,30.813358306884766,3133800,0.0,0.0
30.732734259153116,31.048767284390337,30.71338354102551,30.910099029541016,2595400,0.0,0.0
31.07134567761263,31.084245338157043,30.577945348492467,30.71016502380371,2877600,0.0,0.0
30.684352249123354,30.99071105656412,30.481185760075753,30.874616622924805,3941800,0.0,0.0
30.874616420672485,31.16807803165991,30.79722095220581,30.87784194946289,1999600,0.0,0.0
31.08745600508494,31.500235103716715,30.926214015909558,31.074556350708008,1615800,0.0,0.0
31.358347598288358,31.887221231066768,31.022963898904344,31.803377151489258,2390600,0.0,0.0
31.484104520048007,32.13229789424565,31.474430396014128,31.980730056762695,2570000,0.0,0.0
32.92561806390879,33.36419652945567,32.58378578883996,32.73212814331055,6325200,0.0,0.0
33.37709802768342,33.667334154778345,32.851449929981136,33.1062126159668,4044800,0.0,0.0
33.02560629491334,33.41581186030758,32.81921415468227,33.29326629638672,3023800,0.0,0.0
33.32871593864746,33.40933692662694,32.77404314769144,33.096527099609375,3377600,0.0,0.0
33.032053220788896,33.660896360326184,33.032053220788896,33.651222229003906,2767200,0.0,0.0
33.65443915273756,33.65443915273756,33.07396681826235,33.31260681152344,3172200,0.0,0.0
33.21584482657947,33.34483889079296,33.04492873714839,33.11909866333008,2580400,0.0,0.0
33.16748491265361,33.3867741707686,33.01591701155615,33.122337341308594,2911800,0.0,0.0
33.10942507267547,33.49640727155261,33.054603394117294,33.202945709228516,1741600,0.0,0.0
33.26423044538103,33.80922682004567,33.1352363325501,33.667335510253906,2766800,0.0,0.0
33.764073356694205,34.083334283810046,33.496413510205976,33.55123519897461,2865600,0.0,0.0
33.72860082762172,34.183304454641,33.6995784482074,34.13815689086914,2385400,0.0,0.0
34.138176135187685,34.531607235861934,34.138176135187685,34.370365142822266,1714600,0.0,0.0
34.28973898211625,34.39293380785615,34.1220458525647,34.19944381713867,1064000,0.0,0.0
34.167177158935765,34.35421846035112,33.99948656962521,34.141380310058594,1417200,0.0,0.0
34.05431144078688,34.48966436831153,33.941442527777944,34.07688522338867,1658600,0.0,0.0
34.080118778213645,34.080118778213645,33.144914423808345,33.14813995361328,2565600,0.0,0.0
32.95785802261966,33.31904092486073,32.69987234418224,33.009456634521484,2382800,0.0,0.0
32.9901249631029,33.396453164406175,32.96432564418757,33.180389404296875,1922000,0.0,0.0
33.09975628208701,33.22552484039068,31.906566512410983,32.3257942199707,3691400,0.0,0.0
32.067818728195775,32.66118827340258,32.00654596372134,32.01622009277344,2412600,0.0,0.0
32.20970694547268,32.44189586174177,31.906573602884148,32.23228073120117,3161800,0.0,0.0
32.16454982760863,32.329017337878454,31.577629112507328,31.8323917388916,3331800,0.0,0.0
32.18391485279567,32.258084819581995,31.974299691238762,32.02912139892578,3145400,0.0,0.0
31.87755879113347,32.40965814832704,31.60344774662736,32.06137466430664,3443600,0.0,0.0
32.490272521972656,32.70311320532187,32.08716740383404,32.490272521972656,1903800,0.0,0.0
32.7127906297456,32.764386810678396,32.248412699557214,32.41610336303711,1324300,0.0,2.0
32.2935427981702,32.435436524547846,31.71952175652581,31.78401756286621,2431700,0.0,0.0
31.732434576179397,32.13231415419262,31.50024564044323,32.02267074584961,3059200,0.0,0.0
32.119418518116085,32.66119194923239,32.07427093721961,32.52574920654297,2120000,0.0,0.0
32.499930475525474,32.76436720299658,32.05490353232498,32.293540954589844,1471500,0.0,0.0
32.151660761886646,32.44189691666067,31.56473985350284,31.764680862426758,2664900,0.0,0.0
31.861433594943612,32.26131323435686,31.493801877032304,31.725988388061523,3518800,0.0,0.0
31.725980698459196,31.848526214966725,31.139059812087766,31.319652557373047,3059900,0.0,0.0
31.345447081915758,31.442193276139356,30.190956111494664,30.97136688232422,4148600,0.0,0.0
31.184196814218346,31.69372204298135,31.074553452775746,31.416385650634766,2404900,0.0,0.0
31.409941187608126,31.725974120707523,30.784321458308675,30.848819732666016,2168800,0.0,0.0
30.67468413307596,31.255153954645223,30.468294535136923,30.571489334106445,2210100,0.0,0.0
30.53280883666816,30.73919855948961,29.984586596741103,30.507009506225586,3279600,0.0,0.0
30.63597981552352,31.655030430358924,30.565032942293506,31.584083557128906,2940500,0.0,0.0
31.326102699153807,31.551840566433082,30.97137071041857,31.106813430786133,3073300,0.0,0.0
31.100368690453756,31.2680593469009,30.35865424532714,30.590843200683594,2437300,0.0,0.0
30.468300637921136,30.958475416118574,30.352206158282005,30.70048713684082,2171200,0.0,0.0
30.64242699412375,31.055208559226013,30.494084657128457,30.913314819335938,3022100,0.0,0.0
30.91332089762467,30.95846846731086,30.268352804555693,30.635984420776367,2073000,0.0,0.0
30.423150826526314,31.01007428931482,30.371554646497902,30.66179084777832,2239000,0.0,0.0
30.661791853908504,30.91332908315256,30.519898048546757,30.719839096069336,1544400,0.0,0.0
30.687581741825543,30.939118893749047,30.28125117160255,30.345746994018555,2069200,0.0,0.0
30.443180709882483,30.6185524383819,30.07944895690894,30.391220092773438,2397500,0.33,0.0
30.618540181292357,31.047225631213514,30.332750707256835,30.949798583984375,2360400,0.0,0.0
31.11217972532154,31.11217972532154,30.722464100046754,30.85236930847168,2455600,0.0,0.0
31.144657713149783,31.177133398225745,30.741953767188765,30.85886573791504,899000,0.0,0.0
30.865371530802996,30.871865678653037,30.332762208578977,30.46266746520996,1880600,0.0,0.0
30.52762338443955,30.72897668598183,29.9885173566346,30.1768798828125,1912700,0.0,0.0
30.111917132356623,30.345746045294202,29.514354079545463,29.58580207824707,3340400,0.0,0.0
29.683239338538208,29.774172277724368,29.540343303967518,29.70922088623047,2302000,0.0,0.0
29.7027342906591,29.74820077560561,29.235076185223456,29.624792098999023,2468200,0.0,0.0
30.04047047186505,30.254814477518234,29.351974472849154,29.371461868286133,1825500,0.0,0.0
29.124639459487327,29.267535449938293,28.80637179286544,28.92978286743164,1881400,0.0,0.0
28.767413209901694,28.85834615656909,28.429660495324956,28.70245933532715,3217700,0.0,0.0
28.643995138404833,28.864833302911787,28.052928650715092,28.150358200073242,2230800,0.0,0.0
28.124384413439607,28.39068911369929,27.42939403769515,27.86457633972168,3135900,0.0,0.0
27.95550348454627,28.929789133589818,27.95550348454627,28.754417419433594,2637200,0.0,0.0
29.61827771901945,29.878088172483316,28.16334611728292,28.39067840576172,3020400,0.0,0.0
28.598528676100727,28.624510219627748,27.60475817468761,28.150358200073242,3451300,0.0,0.0
28.169848442469178,28.702457796745342,28.16335429422832,28.53358268737793,2048200,0.0,0.0
28.80637179286544,29.170105915042452,28.51408814364991,28.92978286743164,2740700,0.0,0.0
28.90379738577204,28.988236139316687,28.46212118255712,28.825855255126953,2812400,0.0,0.0
29.059689748604356,29.59879310002225,29.033708207449333,29.50786018371582,3357000,0.0,0.0
29.618286290947346,29.780667251923454,29.410438859116873,29.65076446533203,2212500,0.0,0.0
29.683226192075573,29.806634772352012,29.553320988884987,29.70271110534668,1605300,0.0,0.0
29.52085696293917,29.553332657124948,29.07918058435002,29.215579986572266,1532200,0.0,0.0
29.2805452706692,29.709231043203317,29.085686074095648,29.533859252929688,1767400,0.0,0.0
29.423418148061625,30.28078908912672,29.38444831839058,30.137895584106445,1995300,0.0,0.0
30.57309232401504,30.75495823830346,29.683245200584516,30.21585464477539,2925900,0.0,0.0
30.21584674563863,30.31327382665029,29.93655132014598,30.09893226623535,1514900,0.0,0.0
30.131402835225753,30.26780221208555,29.287022554718614,29.332489013671875,2111400,0.0,0.0
29.715707302627546,29.715707302627546,28.566050132607394,28.585535049438477,1935500,0.0,0.0
28.605029689849943,29.046706086632263,28.325734248421806,28.968761444091797,1563300,0.0,0.0
28.968747824350917,29.092158878149547,28.73492143987391,28.760900497436523,1607300,0.0,0.0
28.968740354894663,29.31948355777602,28.630990394047732,28.682950973510742,1238300,0.0,0.0
29.00124473316493,29.18960479152253,28.864842823526224,29.163625717163086,1050000,0.0,0.0
29.3584769031416,29.592305872737306,29.059696543207853,29.475391387939453,1357000,0.0,0.0
29.358461749261966,29.50785185211855,29.183090112586303,29.384443283081055,1412100,0.0,0.0
29.455903096830976,29.553332657124948,29.09866550531416,29.215579986572266,1469900,0.0,0.0
29.150618767588156,29.150618767588156,28.715436683500187,28.8128662109375,1491400,0.0,0.0
28.767413209901694,29.072687748322675,28.695965186738174,28.70245933532715,978700,0.0,0.0
28.702455966851705,28.91030338562367,28.48811440025291,28.63750457763672,1390400,0.0,0.0
28.890811535705257,28.890811535705257,28.267269428929534,28.384183883666992,1128100,0.0,0.0
28.221808390743416,28.397180106522963,27.903540652239077,28.267274856567383,1416700,0.0,0.0
28.254271248002784,28.618005287088263,28.254271248002784,28.397167205810547,1231300,0.0,0.0
28.39717360265852,28.579039424301282,28.195820387456894,28.52058219909668,2200200,0.0,0.0
28.520593112869214,28.676479932312247,28.403678617721173,28.48162078857422,1191300,0.0,0.0
28.60502824034911,28.741427641278047,28.416665747026318,28.514095306396484,1779900,0.0,0.0
28.644000006409367,28.806380964445108,28.540076292375968,28.68946647644043,1030300,0.0,0.0
28.689467459157157,28.90381152042004,28.455640952875203,28.663488388061523,1671900,0.0,0.0
28.514102391162623,28.520596540457117,28.065929279988318,28.176349639892578,2708000,0.0,0.0
28.02694816573285,28.449137076855067,27.981481705731017,28.260774612426758,2792400,0.0,0.0
28.49460710787992,28.78039915254912,28.384189256247947,28.553064346313477,3745800,0.0,0.0
28.553052572782907,28.682957768818817,28.182824374608654,28.455625534057617,2505300,0.0,0.0
28.579040482317396,28.618012793141908,28.332220802567644,28.384183883666992,2784300,0.0,0.0
28.403661866419515,28.618005807025405,28.31922311911397,28.507585525512695,2892100,0.0,0.0
28.51407889836832,29.098648484997064,28.397164485495534,29.014209747314453,2886800,0.0,0.0
29.066171536678937,29.066171536678937,28.20230424359441,28.273752212524414,6236900,0.0,0.0
27.916525386693756,28.663478554070746,27.903534616734433,28.54656410217285,5013000,0.0,0.0
28.579039515089807,28.988240092821947,28.488106603979553,28.92978286743164,3185100,0.0,0.0
29.118142909920586,29.137627824197,28.780390355293253,29.085664749145508,2217900,0.0,0.0
29.027216401280548,29.189597343847485,28.3776926310128,28.553064346313477,2320900,0.0,0.0
28.682957488416115,28.79337777117461,28.241281312853133,28.624500274658203,2461400,0.0,0.0
28.741414919626404,28.981737921233606,28.338711042767077,28.942768096923828,2592200,0.0,0.0
28.780400931023628,29.468894584301268,28.780400931023628,29.462400436401367,3032800,0.0,0.0
29.43628704367447,29.749508150190227,29.377557930624008,29.55374526977539,2725200,0.21,0.0
29.658159210953595,29.81476855604671,29.40366715823179,29.599430084228516,2595900,0.0,0.0
29.462406875061976,29.514609179103303,29.26011703490565,29.299270629882812,1741900,0.0,0.0
29.234006717495667,29.664686188508483,28.920785510328248,29.495025634765625,2304300,0.0,0.0
29.495026436200206,29.9191790767128,29.083922501570875,29.677738189697266,3009300,0.0,0.0
29.677749396034123,30.114955886041326,29.534188684500137,30.05622673034668,2145800,0.0,0.0
30.017055780263146,31.12638225260322,29.99748023610023,30.969770431518555,4154300,0.0,0.0
30.904529245222275,31.426564707622358,30.74791736187153,31.159021377563477,4149600,0.0,0.0
31.126389666096195,31.256899133207288,30.917575514422865,31.113338470458984,2367900,0.0,0.0
31.04808885644785,31.654953349120394,31.04808885644785,31.459190368652344,3830500,0.0,0.0
31.46570070233532,31.759343774336603,31.3873935598256,31.674514770507812,1581500,0.0,0.0
31.687571457118015,32.11825085858239,31.687571457118015,31.929012298583984,2635500,0.0,0.0
31.798500751164823,32.14434862187906,31.726720440806705,32.07257080078125,2111200,0.0,0.0
31.929021435153135,32.699024598906625,31.896394688742127,32.62071990966797,2991100,0.0,0.0
32.23571849170945,32.47715940349206,31.961648344088726,32.30097198486328,2698500,0.0,0.0
31.126394570934192,31.935548913858096,30.604359109489508,30.813173294067383,7830200,0.0,0.0
30.245442029512155,30.74790168376634,30.082305875115086,30.402053833007812,4458500,0.0,0.0
30.180200609939963,30.34986118295877,29.853928170913584,30.238929748535156,4345300,0.0,0.0
30.225878356481616,30.76096495387808,30.18672476791804,30.66960906982422,2844700,0.0,0.0
30.669603669517887,30.826215506934815,30.604350189329576,30.64350128173828,2691400,0.0,0.0
30.747912166174054,30.747912166174054,30.343335062335992,30.473844528198242,2679000,0.0,0.0
30.66960272307248,31.074179764128544,30.369432740652194,31.002399444580078,2997200,0.0,0.0
30.721809604732023,30.82621667053079,30.34333243542349,30.689180374145508,2128600,0.0,0.0
30.506457875332224,31.289511837363857,30.408575196605796,31.276460647583008,4040100,0.0,0.0
31.2503582680213,31.485274705556787,31.04807104956791,31.276460647583008,4299200,0.0,0.0
31.32214680243134,31.36130038206819,30.989350087930163,31.16553497314453,3334200,0.0,0.0
30.995860871563234,31.087216694797903,30.682639839361734,30.767471313476562,2981900,0.0,0.0
30.930617809268462,31.01544682260785,30.454258018004143,30.51298713684082,1491400,0.0,0.0
30.486877005393232,30.793571199215403,30.3824699946594,30.767471313476562,2731200,0.0,0.0
30.924102088478065,31.191645395102416,30.793592611994214,31.087238311767578,3161500,0.0,0.0
31.015451182987512,31.3743527870355,30.911044122517374,31.269943237304688,1531800,0.0,0.0
31.191637411167875,31.25689337733724,30.64349974164815,30.67612648010254,2614200,0.0,0.0
30.67612649225917,30.754433651693436,30.349854129064806,30.565195083618164,2292200,0.0,0.0
30.578259243129892,30.898004900658,30.49342769573479,30.702241897583008,1486800,0.0,0.0
30.70221794052195,30.721795968035785,30.3628945049786,30.663066864013672,1693700,0.0,0.0
30.741386025087067,30.976302552123844,30.604352214069237,30.819690704345703,2795400,0.0,0.0
30.989353746877097,30.989353746877097,30.63697895632193,30.819690704345703,1889000,0.0,0.0
30.66960640946946,30.83274261377515,30.55214814322849,30.71528434753418,2461800,0.0,0.0
31.22427459943743,31.22427459943743,30.310713170670375,30.343339920043945,1918000,0.0,0.0
30.278083141233047,30.83274528828073,30.173676060991326,30.66960906982422,3752800,0.0,0.0
30.70876620524328,31.04808987753597,30.623934664854747,31.041563034057617,1878400,0.0,0.0
30.81970710297657,31.22428439855242,30.715299978658212,30.924114227294922,894100,0.0,0.0
30.81315503912136,30.852306119746647,30.48035591824665,30.617389678955078,2543500,0.0,0.0
30.486873517320074,30.565178144096567,30.245430310098822,30.4803466796875,2262200,0.0,0.0
30.591304415346787,30.774016183653934,30.467319296057383,30.72833824157715,1368200,0.0,0.0
30.65003437357687,31.028509116518237,30.552151644073106,30.800119400024414,1670600,0.0,0.0
30.800097433354104,30.897977603788384,30.271535551675008,30.558656692504883,2501800,0.0,0.0
30.473829245787947,31.015439896999993,30.186708067028036,30.845779418945312,3233300,0.0,0.0
30.741380785416386,31.198162566881173,30.715278400358866,30.969770431518555,2241800,0.0,0.0
31.13290393929642,31.322142480874156,30.79358043037572,30.90451431274414,3342600,0.0,0.0
30.995861327811475,31.191624164661537,30.832725215559837,30.858827590942383,1538500,0.0,0.0
30.82622292686905,31.152495384866448,30.800120532806545,31.015459060668945,1426600,0.0,0.0
30.956729752358758,30.995883343242184,30.42164312325843,30.493423461914062,1728000,0.0,0.0
30.356367024125603,30.636961326704196,30.245433177188758,30.558656692504883,1860200,0.0,0.0
30.676137237336782,30.83274912180193,30.16062861475806,30.44122314453125,1930400,0.0,0.0
30.395535661655185,31.38087713926334,30.310704147129236,31.269943237304688,4177600,0.0,0.0
30.95020269558315,30.95020269558315,30.088843685461885,30.539098739624023,8531000,0.0,0.0
30.6696133936891,30.82622528076172,30.578257496755697,30.82622528076172,3245000,0.0,0.0
30.526037432111288,30.74137835794087,30.33680137853831,30.650022506713867,2656500,0.0,0.0
30.42817072555599,30.767494387227952,30.330287990535894,30.44774627685547,2235500,0.0,0.0
30.447731636474003,30.519511942405966,30.023576641017925,30.173664093017578,2592300,0.0,0.0
30.212809582845875,30.310692252677285,29.97136881699068,30.082300186157227,1926100,0.0,0.0
30.08230073901422,30.258488054392934,30.04967401155736,30.18018341064453,1236700,0.0,0.0
30.245738782612232,30.63249627574038,30.245738782612232,30.560388565063477,1710600,0.21,0.0
30.448954739084247,30.63905645288724,30.42928740621928,30.507951736450195,1599100,0.0,0.0
30.40307503160292,30.422739868101736,30.232638113229793,30.27852439880371,1302000,0.0,0.0
30.396515164030966,30.79638346745397,29.95076057994775,30.081865310668945,2301200,0.0,0.0
29.891766391948526,30.33752101802168,29.891766391948526,30.265413284301758,2493700,0.0,0.0
30.127756896893477,30.33752350274185,29.944211741929948,30.15397834777832,2337500,0.0,0.0
30.21952699931908,30.370299079250724,30.009760410651126,30.265413284301758,1832600,0.0,0.0
30.422727195290324,30.51449972820963,30.1736285340708,30.494834899902344,1692000,0.0,0.0
30.298195172719534,30.724282515754503,30.173644525792223,30.678396224975586,2727400,0.0,0.0
30.6652839374708,31.170035610952148,30.593176198314154,31.124149322509766,2344000,0.0,0.0
30.993031994888756,31.176579574803508,30.73082509597565,31.17002296447754,1506200,0.0,0.0
31.20281634741513,31.30769966704651,30.81605863740899,31.301145553588867,3062800,0.0,0.0
31.39944270994147,31.661649491074247,31.065125750684913,31.18967628479004,3883000,0.0,0.0
31.707562128278152,31.707562128278152,31.03237604170005,31.078262329101562,1695700,0.0,0.0
31.104484484781654,31.27491891319404,31.03893085799599,31.124149322509766,2131900,0.0,0.0
31.019276256052308,31.170045896487757,30.448973268211088,30.84228515625,4815600,0.0,0.0
30.80950931599354,31.176602242107982,30.80950931599354,31.117605209350586,2665000,0.0,0.0
31.09136390686035,31.242133449767156,30.93403775304512,31.09136390686035,2005800,0.0,0.0
31.143814134047986,31.379802189047588,30.71117020008711,30.861942291259766,2353600,0.0,0.0
30.87504863753651,30.94060226027873,30.612841648412676,30.776721954345703,4404000,0.0,0.0
30.645620233915515,30.855386846162613,30.553847653634318,30.750503540039062,3522700,0.0,0.0
31.668219499026144,33.398794489133756,31.347013117998035,32.8743782043457,6925600,0.0,0.0
32.36307244498108,33.56267712624879,31.805880571550873,33.425018310546875,4702900,0.0,0.0
33.36603738759821,34.02155873116112,33.31359447981775,33.95600509643555,3299300,0.0,0.0
33.844541130294466,33.87076006301055,33.53644554020549,33.746212005615234,2448600,0.0,0.0
33.634781881875696,33.96254236698245,33.549563455576006,33.90354537963867,2193100,0.0,0.0
33.923220050548046,34.0412140594687,33.89044449265115,34.021549224853516,2892800,0.0,0.0
34.087100982666016,34.14609798823753,33.955996247994335,34.087100982666016,1330400,0.0,0.0
34.09365216342975,34.178870608733185,33.87733149533902,33.9232177734375,1482400,0.0,0.0
34.087101433636455,34.15265255153212,33.49713137011604,33.64790344238281,1606700,0.0,0.0
33.59545233219707,33.92321284275509,33.59545233219707,33.86421585083008,1848600,0.0,0.0
34.087093025228185,34.45418569649023,34.01498531296115,34.054317474365234,2483700,0.0,0.0
34.11988179293723,34.69674121391434,34.10021695492484,34.59185791015625,1762800,0.0,0.0
34.46076095204677,34.8737401480499,34.46076095204677,34.79507827758789,1869900,0.0,0.0
34.65739837894333,34.8343893684697,34.323083732469804,34.4476318359375,1718400,0.0,0.0
34.48698522428487,35.0703989373497,34.42798819146843,34.958961486816406,1851800,0.0,0.0
34.78195584152873,35.05071943403968,34.4476386285182,35.024497985839844,1127100,0.0,0.0
34.93928448734747,35.16871844073005,34.473864968525085,34.650856018066406,1466700,0.0,0.0
34.644298311727695,34.70329532638007,34.3689805770934,34.59185791015625,1159000,0.0,0.0
34.57875217912775,34.768853976089645,34.35587481387273,34.48042297363281,1305700,0.0,0.0
34.07399442511803,34.13299143790269,33.31358987179092,33.68723678588867,2703200,0.0,0.0
33.7396673643303,34.316524055755906,33.56923050047993,33.851104736328125,3195500,0.0,0.0
33.30046925620435,33.93632548285051,33.254582982179826,33.77899932861328,3382900,0.0,0.0
34.33619491697126,34.33619491697126,33.339802573951076,33.366024017333984,1823900,0.0,0.0
32.97271236431894,33.654454940192494,32.867829083462595,32.91371536254883,2096000,0.0,0.0
33.234933125003295,33.346370554810996,32.907172448229325,33.12349319458008,3004300,0.0,0.0
33.01860515790479,33.582353841464524,32.97927548270816,33.28736877441406,1751400,0.0,0.0
33.50368874096911,33.779006443103334,33.215257814220976,33.523353576660156,2149100,0.0,0.0
33.8379970966304,33.87732926124153,33.22180818807605,33.35291290283203,1790900,0.0,0.0
33.28080963173028,33.60857021210901,33.03826750242215,33.4184684753418,1472000,0.0,0.0
33.14971222372215,33.26770625877788,32.454858739573446,32.540077209472656,2396200,0.0,0.0
32.90716861683706,33.20215369171152,31.95010815223566,32.44830322265625,3819000,0.0,0.0
32.44831203658075,32.920288284582654,32.21888052747756,32.730186462402344,2074800,0.0,0.0
32.7891774022948,33.20871065564338,32.7891774022948,33.044830322265625,2824500,0.0,0.0
33.36603175755383,33.70034648608923,33.36603175755383,33.60857391357422,2876300,0.0,0.0
33.529918981276005,33.661021254414166,33.444700503243745,33.56269454956055,2619400,0.0,0.0
33.52991899005446,34.63774920230159,33.49714092114577,34.48042297363281,2412500,0.0,0.0
34.441067808434326,34.65083429103943,34.2706309784341,34.51972961425781,1929100,0.0,0.0
34.382088143930844,34.75573503553027,34.323091134698565,34.657405853271484,1416900,0.0,0.0
34.53940756424636,34.70984445900624,33.98876971303269,34.382083892822266,1640000,0.0,0.0
34.13954847695773,34.2509858910448,33.575799792336845,34.11332702636719,2041400,0.0,0.0
34.027772657963894,34.080425545266166,33.56704796801805,33.79740905761719,2166500,0.21,0.0
34.1067635013644,34.251563378800185,33.68553023327665,33.935638427734375,1706300,0.0,0.0
33.93562321038584,34.27787571492199,33.59337070584969,33.96194839477539,1490200,0.0,0.0
33.92244822916447,34.139645365888605,33.724995601938986,34.06724548339844,906900,0.0,0.0
34.225202330589994,34.44898260010445,34.17254696800029,34.35683822631836,1173800,0.0,0.0
34.39633307817483,34.58062436778642,34.33051637450759,34.50822448730469,952900,0.0,0.0
34.35683718775467,34.554289770005546,34.1725459350075,34.43581771850586,1632400,0.0,0.0
34.554291083703205,34.70567148620897,34.43581902769941,34.54771041870117,1246400,0.0,0.0
34.66617960802708,34.84388769020817,34.547710063985555,34.75174331665039,1503100,0.0,0.0
34.817570019925455,34.82415068627749,34.2252096183856,34.363426208496094,1617300,0.0,0.0
34.409508619002665,34.416091798055206,33.98169487823238,34.11333084106445,2414100,0.0,0.0
34.65961614117452,34.65961614117452,33.92245827618909,34.40292739868164,2666700,0.0,0.0
34.55430030695977,34.903133392333984,34.435828219333324,34.903133392333984,1713300,0.0,0.0
35.06768087276004,35.25197219848633,34.7583392920083,35.25197219848633,1803000,0.0,0.0
34.883386189542556,34.883386189542556,33.244524111003564,34.06724548339844,5590000,0.0,0.0
34.73199870894524,34.73199870894524,33.56044451587782,33.771060943603516,4761100,0.0,0.0
34.16596781034876,34.48189246758696,33.817134805413126,34.01458740234375,3934100,0.0,0.0
34.15938509695129,34.40290986820607,33.975093841552734,33.975093841552734,2363300,0.0,0.0
34.100155013774256,34.18571622542099,33.71841110674873,33.817138671875,2330900,0.0,0.0
33.94876971718242,34.07382243908521,33.62626189335976,34.00800323486328,2539100,0.0,0.0
33.44854869450156,34.08698106874888,33.44854869450156,33.869781494140625,2312400,0.0,0.0
33.85005753291214,34.38318203077218,33.771076962737446,34.198890686035156,2076500,0.0,0.0
34.25811049118949,34.25811049118949,33.73156942187524,33.771060943603516,1565000,0.0,0.0
33.98826223578949,34.067242778258894,33.652593047234895,33.9026985168457,1655400,0.0,0.0
34.040922149647194,34.626699396770086,34.01459446172681,34.501644134521484,2413200,0.0,0.0
34.62670418046009,34.778084640795825,34.46215987434556,34.620121002197266,1459900,0.0,0.0
34.784649842929454,34.949194075887014,34.48847223220245,34.87679672241211,2111000,0.0,0.0
35.40992662497856,35.40992662497856,34.55429691773626,34.6990966796875,1041800,0.0,0.0
34.39634064545164,34.620121002197266,34.26470720915751,34.620121002197266,1317400,0.0,0.0
34.626705887235545,34.73859481575002,34.389761673031984,34.666194915771484,1571500,0.0,0.0
34.389750141370136,34.54771373478607,34.07382546528441,34.16596984863281,1945100,0.0,0.0
34.38318109107654,34.455578480488924,34.12648985121684,34.44241714477539,1404200,0.0,0.0
34.38976659413304,34.620127662713465,34.291038987171525,34.4753303527832,1611400,0.0,0.0
34.42265254716855,34.85704921562113,34.20545546831512,34.2120361328125,1541400,0.0,0.0
34.258119413132846,34.39633600905914,33.988266887909184,34.19230270385742,1680700,0.0,0.0
34.02776763261727,34.05409532775402,33.72500667078624,33.96194839477539,1562500,0.0,0.0
34.02776385088244,34.113327595193994,33.764491950268514,33.85005569458008,2120800,0.0,0.0
33.63944100528159,34.198890686035156,33.63944100528159,34.198890686035156,3522200,0.0,0.0
34.08699850762026,36.29189116970283,33.65260164691232,35.35728073120117,7987800,0.0,0.0
35.51523714211515,35.541564829753376,34.876807036740146,35.041351318359375,3113000,0.0,0.0
35.28487791255891,35.54156660297203,34.49506481923243,34.52797317504883,2142100,0.0,0.0
34.251536061607595,34.817568755693735,34.251536061607595,34.6990966796875,961100,0.0,0.0
34.54770902200035,34.73857842829361,34.39632611486882,34.718833923339844,2554000,0.0,0.0
34.6464351024778,34.988687426225184,34.50821854214114,34.75174331665039,3864600,0.0,0.0
34.65302448465689,34.88996612592303,34.50822472270565,34.6990966796875,2560500,0.0,0.0
34.7188453946347,34.93604506387326,34.521392747620226,34.606956481933594,1816300,0.0,0.0
34.383187050946304,34.534567545361625,34.218642707788675,34.42267608642578,1508000,0.0,0.0
34.093575222875806,34.15281126568505,33.77765049814199,33.994850158691406,2859200,0.0,0.0
33.80397511715892,34.10673597036451,33.66575853340154,34.03433609008789,3020300,0.0,0.0
33.78422274193386,34.08698352464452,33.652586854876176,33.7315673828125,2871700,0.0,0.0
33.869792725455284,34.238372802734375,33.84346503906112,34.238372802734375,2375100,0.0,0.0
34.20548554007638,34.81100763600852,34.113341091630005,34.58064651489258,2224800,0.0,0.0
34.3239345924743,35.17956426606098,34.25811538020072,34.7846565246582,3073100,0.0,0.0
35.870661255562666,36.49593016491913,35.62713636839646,36.430110931396484,5357900,0.0,0.0
36.03520407154579,36.706545161017644,35.87065976071682,36.57490921020508,3065300,0.0,0.0
36.8579204442689,36.91715648826991,36.2326516488686,36.43668746948242,4263700,0.0,0.0
36.60123423287127,36.7657785316986,36.1997457420131,36.410362243652344,2601000,0.0,0.0
36.206313319398454,36.52882113323082,36.028607750368806,36.476165771484375,1544600,0.0,0.0
36.72628623728034,37.318646705118205,36.22607268390913,36.48276138305664,3181800,0.0,0.0
36.22606400838186,36.950057730580205,36.19973632483928,36.759185791015625,1893100,0.0,0.0
36.66046092199985,36.93031340275741,36.245808691800526,36.278717041015625,2134000,0.0,0.0
36.27873064047672,36.811855136294554,36.06153344564155,36.12076950073242,1591500,0.0,0.0
36.133937578741744,36.30506258529443,35.55474080677968,35.64030456542969,1920700,0.0,0.0
35.38258983954415,36.24155044555664,35.349553377874535,36.24155044555664,1790400,0.21,0.0
36.40014111851201,36.730510886325504,35.924407846293754,35.97726821899414,1272300,0.0,0.0
35.957450775048734,35.957450775048734,35.356177790491834,35.80548095703125,3081700,0.0,0.0
36.08298156206778,36.776757476508244,35.95083316871698,36.74372100830078,1972500,0.0,0.0
36.73713168514329,36.91553173269958,36.66445242475128,36.823028564453125,866000,0.0,0.0
36.73051572507608,36.882485535827705,36.34728553407678,36.697479248046875,1152100,0.0,0.0
36.756940250280266,37.12695276881913,36.406746590278665,36.87587356567383,2623700,0.0,0.0
37.33838611099501,37.65554327270264,37.23927670341728,37.46392822265625,2520300,0.0,0.0
37.15997977155748,37.29212561667217,36.50584674794984,36.538883209228516,2281800,0.0,0.0
36.57193546348999,37.22606876957423,36.53889898794507,37.17981719970703,1553500,0.0,0.0
37.331785590375866,38.01895534599111,37.17981579220505,37.966094970703125,1769200,0.0,0.0
37.873595069846345,38.395579978059665,37.701803876527876,38.263431549072266,1828000,0.0,0.0
38.11145935396612,38.53433228385688,38.01234740829482,38.32950210571289,1312400,0.0,0.0
38.47486714107041,38.66648223266268,38.144497336471986,38.42861557006836,1482000,0.0,0.0
38.3228974463139,38.448437065043365,37.83394902503833,38.2568244934082,2376800,0.0,0.0
38.33611287583396,38.71273425583342,37.70180344852136,38.18414306640625,3337600,0.0,0.0
37.76787403568543,38.09163753671781,37.09391936619633,37.721622467041016,2911700,0.0,0.0
38.12467500488162,38.18414166904858,37.56304483874443,37.70840835571289,1731400,0.0,0.0
37.46392801234837,37.76786756004753,37.107128097821,37.48374938964844,2861700,0.0,0.0
37.09391763389892,37.701799325656715,36.67104472860027,37.113739013671875,2254700,0.0,0.0
36.67105004144842,37.153389676467924,36.25478336225887,36.68426513671875,3308600,0.0,0.0
36.545499008137426,36.770150516556434,36.069765809009894,36.10280227661133,2597100,0.0,0.0
35.607258724702554,36.73051661454778,35.607258724702554,36.53229522705078,2416500,0.0,0.0
36.01691823565738,37.00802773881332,36.01691823565738,36.37371826171875,3355200,0.0,0.0
36.36050360440651,37.06088856913822,36.32086083693612,37.0146369934082,3413300,0.0,0.0
37.18642140748665,37.252496875403686,36.644615173173776,37.05427551269531,1872800,0.0,0.0
37.05428476879046,37.16660931152584,36.1358544392316,36.182106018066406,2485400,0.0,0.0
36.40675145483398,36.48604202270508,35.74601184570435,36.48604202270508,3265400,0.0,0.0
36.24157059629196,36.57194043771858,35.81869760254938,36.26139450073242,2708100,0.0,0.0
36.281211724960784,36.717299764824965,35.98387839766212,36.657833099365234,2569400,0.0,0.0
35.91119701276067,36.71069386129862,35.29010268298724,35.85173034667969,3431900,0.0,0.0
35.61387080169351,36.314253269841366,35.09188583430344,36.09621047973633,2992900,0.0,0.0
36.34068142345359,36.46622105189222,35.501541749940316,35.765838623046875,2329800,0.0,0.0
35.640287427478604,35.83190248581694,35.30331139429838,35.49492645263672,1698800,0.0,0.0
34.52364470913466,35.73940569540639,34.22631137978421,34.2857780456543,2341100,0.0,0.0
34.11398618915449,34.953125782028245,33.4202101145724,34.75490188598633,3271800,0.0,0.0
35.66671744233054,35.84511740746618,34.67560820525774,34.93329620361328,3827000,0.0,0.0
34.95311897136683,36.16227089080136,34.76811020581167,36.07637405395508,2367800,0.0,0.0
36.47282409732258,36.68426055419228,35.81208453947442,36.26799392700195,1920400,0.0,0.0
36.360502214807504,38.10485449145185,36.360502214807504,37.952884674072266,3394500,0.0,0.0
38.12467902302417,38.157715502038464,37.001421092885785,37.331790924072266,1826900,0.0,0.0
37.18641529335721,37.68857868487635,37.17980900791238,37.64893341064453,1719100,0.0,0.0
37.5035755938477,38.640048421713836,37.29874794732858,38.408790588378906,2106800,0.0,0.0
37.919851533934164,38.28325787014114,36.87588410334746,37.04106903076172,3442800,0.0,0.0
37.42428529862124,38.09823989868164,37.26570922832538,38.09823989868164,2274000,0.0,0.0
37.840550710207474,38.54754175941766,37.840550710207474,38.13127517700195,2130700,0.0,0.0
38.32951199537716,38.69292087625657,37.734847729480364,38.43523025512695,2095500,0.0,0.0
38.17753412641181,38.81184607204733,38.03877941226594,38.56076431274414,1614000,0.0,0.0
38.23039278667722,38.46165063319016,37.86037771173503,38.157711029052734,1916000,0.0,0.0
37.992535493881675,38.58720227503823,37.596092653458705,38.03218078613281,2668300,0.0,0.0
37.463933461067576,37.939664229106214,37.27231838422852,37.530006408691406,1994000,0.0,0.0
37.74805652691709,37.82734457836584,36.684265297936335,37.19303512573242,1175200,0.0,0.0
37.08731697715085,37.602693093649926,36.96177483147523,37.34500503540039,1430800,0.0,0.0
37.23267462686779,37.272319909377174,36.37371367000316,36.89569854736328,3071100,0.0,0.0
37.14017028450475,37.33178536297435,36.61157913745187,36.928733825683594,1924600,0.0,0.0
36.704094203756746,37.6687736757617,36.37372431439706,37.549842834472656,3570000,0.0,0.0
37.510161876282275,38.08500423147073,37.503553073286184,37.77445602416992,1880900,0.0,0.0
37.66877852902586,38.31630581365814,36.836247409605505,38.19737243652344,3790000,0.0,0.0
38.197355439169144,38.58719188618877,37.90662841531092,38.32289505004883,3261600,0.0,0.0
38.65326571774173,38.65326571774173,37.44411106749026,38.157711029052734,1655400,0.0,0.0
38.375753898766774,38.653263297204155,38.15770863954769,38.22378158569336,2823800,0.0,0.0
38.19073145990668,38.587176556620435,37.92643724928461,38.15108871459961,1495000,0.0,0.0
38.012342416661234,38.355927257209615,37.66215129017897,38.24360275268555,2438700,0.0,0.0
38.58222546094613,39.10010686597116,38.509190384283784,38.954036712646484,1912600,0.28,0.0
39.14657582757578,39.74413312955733,38.68845025123906,39.5582275390625,2188100,0.0,0.0
39.67773024338939,39.837079676515714,39.51174241140391,39.59805679321289,2458000,0.0,0.0
38.98059405103622,39.432081297910464,38.34320118466344,38.82124710083008,2557100,0.0,0.0
38.74157146757992,38.841165212002394,38.42951596508613,38.69509506225586,1602500,0.0,0.0
38.69507418885608,38.827864932196306,38.210390128521134,38.66851806640625,1839900,0.0,0.0
38.84114529533496,38.99385376777705,38.67515749492755,38.8145866394043,1642100,0.0,0.0
39.21961119155281,39.77069210014293,39.10009973023866,39.637901306152344,1921500,0.0,0.0
39.49183042161272,39.823806133831496,39.37231896259207,39.55158615112305,970500,0.0,0.0
39.73749175770737,39.83708548452816,39.18641339221371,39.664459228515625,1943300,0.0,0.0
39.70428135898567,39.70428135898567,39.31255004863347,39.319190979003906,1837600,0.0,0.0
39.68436398750409,39.81051380516677,39.40550316323283,39.60469055175781,2091600,0.0,0.0
39.604699944485525,39.83708190917969,39.33911838531494,39.83708190917969,1700200,0.0,0.0
39.58478860859429,39.817173158470375,39.04698950250837,39.518394470214844,2349400,0.0,0.0
39.498477888440306,39.598069098917094,38.575583128267816,38.91419982910156,2654800,0.0,0.0
39.803889030065115,39.803889030065115,37.76555832747973,38.28343963623047,4328400,0.0,0.0
38.54239624523302,38.90093077637141,37.91828254985398,38.08427047729492,2606500,0.0,0.0
37.785489202760246,37.91163910747472,37.121537536900625,37.3671989440918,3992100,0.0,0.0
37.015303788986884,37.792125989095744,36.855954281573155,37.513267517089844,2240300,0.0,0.0
37.606221450161186,37.792127103647786,36.988746206481196,37.5863037109375,2473500,0.0,0.0
37.480068116822636,37.6460560158938,36.968825083750545,37.573020935058594,3169900,0.0,0.0
37.12816185954703,37.878427666632525,37.035209066819796,37.64604568481445,3002700,0.0,0.0
37.400380472159824,38.2568757821321,37.227751704140985,37.831947326660156,2049500,0.0,0.0
38.011224492388216,38.10417729987685,37.47342284978023,37.885074615478516,1315000,0.0,0.0
38.409592640000724,38.409592640000724,37.426944739843655,37.539817810058594,1308300,0.0,0.0
37.679257616320456,38.283453540222716,37.51326969730583,38.01787185668945,2501400,0.0,0.0
37.75892190638468,37.98466552254162,37.387110679378445,37.579654693603516,2350800,0.0,0.0
37.705796395883006,37.91161968588336,37.088321460335344,37.665958404541016,3100700,0.0,0.0
37.55973973518608,37.76556563161835,37.227763953519045,37.52654266357422,1755600,0.0,0.0
37.49332197861893,37.978006010665254,37.22774050743918,37.94480895996094,1418100,0.0,0.0
37.67923400144216,37.73235131796822,37.20118828379992,37.27422332763672,2341800,0.0,0.0
37.30743760249341,37.53318123636994,36.72980044892888,37.34063720703125,3085000,0.0,0.0
36.70988120238984,37.01529830249079,36.48413757779911,36.69660186767578,3495400,0.0,0.0
36.55716178223118,36.836020129986736,36.15215105858998,36.40445327758789,3020300,0.0,0.0
36.63684255515733,37.021933093215864,36.36462255200037,36.98209762573242,2369700,0.0,0.0
37.2808840938425,37.62613670386089,36.76300011326612,36.77627944946289,2312000,0.0,0.0
36.70323545015237,36.70323545015237,35.91977253429683,36.32478332519531,3199800,0.0,0.0
36.497411886532774,36.51732961947397,35.74714604153783,36.152156829833984,4312600,0.0,0.0
35.979536191856624,36.158803427289584,35.71395707226192,35.84010696411133,3094100,0.0,0.0
35.89985926226002,36.1720792900521,35.32886053743417,35.82682418823242,2526900,0.0,0.0
35.601088596439354,36.39119272158678,35.34878878004954,35.833473205566406,2453900,0.0,0.0
35.919767269519056,36.318139601929445,35.813535154097636,36.26502227783203,801800,0.0,0.0
36.20527983653801,36.616931650987475,35.80690989075878,35.84010696411133,2610400,0.0,0.0
35.952981219543,36.88251196745002,35.840108127152305,36.87587356567383,2923600,0.0,0.0
37.18128332391773,37.739002675087455,36.91570171563732,37.63277053833008,2886200,0.0,0.0
37.51989345018139,37.8452307588445,37.0086530880694,37.141441345214844,2641300,0.0,0.0
37.75227854520015,37.75227854520015,36.76298980453043,36.84930419921875,3409000,0.0,0.0
36.94224996775201,36.94224996775201,36.15878723026073,36.165428161621094,2629400,0.0,0.0
35.87992393315039,36.397805065552085,35.866644605041,36.185340881347656,2180100,0.0,0.0
36.450938422513104,37.121528324185405,36.371262418785996,36.92898178100586,2673000,0.0,0.0
36.91568783892894,37.84522058572254,36.82273507080417,37.798744201660156,1825100,0.0,0.0
37.944821630013266,37.944821630013266,37.50661382918673,37.719078063964844,1941400,0.0,0.0
37.74565466851773,38.38305025137493,37.55974899543741,38.25025939941406,1401800,0.0,0.0
38.2701554186954,38.50253991091979,37.008649373031815,37.16135787963867,2460900,0.0,0.0
38.0709725051502,38.0709725051502,36.756349067199494,37.11488342285156,2086200,0.0,0.0
37.008667665392565,37.632781331238355,36.85595655053143,37.56638717651367,2009700,0.0,0.0
37.06840702853817,37.82531120195462,36.96217237550923,37.11488342285156,1792600,0.0,0.0
35.275754951256054,35.66748656024306,34.67155899835489,34.850826263427734,6292300,0.0,0.0
35.16950633816236,35.16950633816236,34.13374124620203,34.47899627685547,3576300,0.0,0.0
34.552025892694594,35.10974508007885,34.4059557977594,34.81096649169922,3000000,0.0,0.0
34.996889614786376,35.2226332690418,34.47900815675459,34.957054138183594,2488800,0.0,0.0
35.47493015764913,36.03928794038029,35.14295439538984,36.02600860595703,3557400,0.0,0.0
36.21854921534768,36.862582898983646,35.83345871133217,36.577083587646484,1256600,0.0,0.0
36.43101883241366,36.75635618841213,36.25839255334392,36.54389190673828,2198500,0.0,0.0
36.51719092308821,36.61061899923697,35.99665906983578,36.043373107910156,2148000,0.28,0.0
36.37039054480286,36.52387996088104,35.79647204815598,36.063411712646484,1602600,0.0,0.0
35.816485726215916,36.116792162818946,35.54954865146591,35.729732513427734,1897800,0.0,0.0
35.73641068978866,36.02336993762113,34.768757589822805,34.81547164916992,2795600,0.0,0.0
34.828809478024894,35.14913546089497,34.47511668259589,34.49513626098633,2749200,0.0,0.0
34.234873060456884,34.32162881349467,33.62758788064187,33.70099639892578,4205400,0.0,0.0
33.84113259840426,34.13476661994006,32.90017435226984,33.13374710083008,4291400,0.0,0.0
33.16713022717092,33.16713022717092,31.57884442927921,31.67894744873047,5542400,0.0,0.0
31.765678486483523,32.05263755961732,30.93149572637919,31.72563934326172,5437200,0.0,0.0
31.552145532834274,33.28057327933202,31.171758185348974,32.72667694091797,5619300,0.0,0.0
32.49309748553754,32.87348475547043,31.832425930696058,31.97924041748047,3521400,0.0,0.0
32.17276796434316,32.59319689126028,32.11270668906929,32.39966583251953,2600300,0.0,0.0
32.06599403964088,32.25952510678849,31.645565094460597,31.799057006835938,3097000,0.0,0.0
31.592186184860036,32.5131251484992,31.20512395893738,31.83910369873047,4086900,0.0,0.0
32.199470640270285,32.399674093655456,31.08500313746697,31.158409118652344,4410300,0.0,0.0
31.078315747115898,32.03262112169086,31.04494894259227,31.465377807617188,3889300,0.0,0.0
30.13736567528212,32.51979230564289,30.043937579303215,32.186119079589844,6016900,0.0,0.0
31.305220922264475,33.21383211894104,31.111689846635123,33.167118072509766,6304700,0.0,0.0
33.340634089708395,33.93457213082326,32.66661517284408,33.56085968017578,4356300,0.0,0.0
33.82112025465495,34.094732213222734,33.29391591755061,33.35397720336914,3971100,0.0,0.0
33.33395152413688,33.474093650163,32.8067472834965,33.4273796081543,3965500,0.0,0.0
33.46074138709247,34.04133192600765,33.40735500956154,33.79441452026367,2621400,0.0,0.0
32.43302499342827,33.914534403656866,32.43302499342827,33.02029037475586,4374100,0.0,0.0
32.50643305172594,34.108064962860425,32.38631053110467,33.6475944519043,4571800,0.0,0.0
33.60089108873454,34.08138132376477,33.2071566007458,33.967933654785156,2306400,0.0,0.0
33.84112891431193,34.26155777937121,33.56084470142175,34.02131271362305,2110900,0.0,0.0
33.48744637577198,33.68097746482311,33.093711853027344,33.093711853027344,2854000,0.0,0.0
33.38066024271938,33.46074108114554,32.69996675178714,32.94688415527344,4999300,0.0,0.0
32.900169084957405,33.04698607221993,32.36629260271715,32.63323211669922,4514900,0.0,0.0
32.33961139395973,32.766712754765024,32.0793466613268,32.37297821044922,2524200,0.0,0.0
32.23950491003823,32.466402783711885,31.92585129315053,32.426361083984375,2566400,0.0,0.0
32.679957855893164,32.94689491976939,32.446385061061086,32.70664978027344,3383000,0.0,0.0
33.02031523352752,33.407377551123155,32.853478554369204,33.37400817871094,3728300,0.0,0.0
33.3673232142073,33.46742620213981,32.60654865223933,32.639915466308594,3248400,0.0,0.0
32.57315482005245,32.726644074037694,32.206112532563154,32.60652160644531,2548500,0.0,0.0
33.040324363123005,33.20048864454226,32.37965274836518,32.51312255859375,1857500,0.0,0.0
32.239497240109856,33.000271533869594,32.05931345278931,32.87347412109375,2695500,0.0,0.0
32.933531959026546,33.21381866984379,32.14606328701541,32.24616622924805,3928600,0.0,0.0
32.24616781483551,32.54647411057631,31.812391771462817,32.299556732177734,3011500,0.0,0.0
32.252868673486944,32.69331741333008,32.13274605846375,32.69331741333008,4501700,0.0,0.0
32.45304782973631,33.09369959861569,32.40633379736327,32.87347412109375,5632400,0.0,0.0
32.73334637582828,33.48077376722856,32.56650974542577,33.04032516479492,3788900,0.0,0.0
33.56085558046287,33.75438667346411,33.03365124258702,33.33395767211914,4703800,0.0,0.0
33.02696797011148,33.113721152152806,32.66660037390846,32.746681213378906,6220300,0.0,0.0
32.62657393548492,32.8067578178293,32.33294235632658,32.72667694091797,3098300,0.0,0.0
32.479758261751606,32.72667834018375,31.965903612685384,32.35963821411133,4499500,0.0,0.0
32.38632245812869,32.43303650604898,31.86579304088848,32.206138610839844,3845700,0.0,0.0
32.106036785163454,32.152750831067934,31.85244443187872,31.899158477783203,3044100,0.0,0.0
31.705629543296045,32.032630432412475,31.245161397291024,31.45203971862793,3277500,0.0,0.0
31.41867390188113,31.452040717162603,30.791366573400225,30.878122329711914,2307800,0.0,0.0
31.512103030331325,31.945876734582203,31.17842977518838,31.91250991821289,2427900,0.0,0.0
32.03930035677697,32.299567597789,31.67893522638446,31.738996505737305,1888900,0.0,0.0
31.27852533237111,32.03262748385643,30.99824106383513,31.87246322631836,2761500,0.0,0.0
32.04597656362716,32.272874456538354,30.86477305162399,31.19844627380371,2861400,0.0,0.0
30.37761640802788,32.12606372221642,30.1974325272402,31.779043197631836,4165800,0.0,0.0
32.31958338517462,32.74001229133597,31.93919617579385,32.73333740234375,3881700,0.0,0.0
32.960240604074585,33.080363168170905,31.919181776205967,31.93920135498047,2861600,0.0,0.0
32.24616622924805,32.37296108311563,31.67892301185929,32.24616622924805,4059800,0.0,0.0
32.55315387374095,33.080358096929096,32.43970621711084,32.980255126953125,2477800,0.0,0.0
33.06036008370984,33.500808856568035,32.91354297751513,33.30727767944336,2861700,0.0,0.0
33.06700755840317,33.113721594194864,32.546478276310594,32.74000930786133,1967600,0.0,0.0
32.86752959094833,32.98162842102667,32.34400993197229,32.4379768371582,2238100,0.28,0.0
32.25005025232184,32.73329845040921,32.02856320175629,32.142662048339844,2256000,0.0,0.0
32.189661952882105,32.58565665318438,32.01515698544602,32.370880126953125,3187800,0.0,0.0
32.646060916103686,33.87431650826775,32.58565486140155,33.86760330200195,2729200,0.0,0.0
34.06894912772297,34.169626718803215,33.62597233557739,33.78705596923828,2354500,0.0,0.0
33.659526979748115,33.7199330110949,33.39776580368736,33.57227325439453,2089400,0.0,0.0
33.55886110943887,34.344137230437546,33.53201340607023,34.10922622680664,2340900,0.0,0.0
34.42466441998692,34.42466441998692,33.927992378717086,34.12934494018555,1447900,0.0,0.0
33.7132396351501,33.753511199845164,33.33737937901177,33.451480865478516,2432700,0.0,0.0
33.270249386898655,33.53872125704315,32.894389280763875,33.216556549072266,1808900,0.0,0.0
33.4246177462111,34.230030746429854,33.290381819451746,34.122642517089844,2083400,0.0,0.0
33.78705059689026,33.78705059689026,33.20312731834971,33.391056060791016,3396300,0.0,0.0
33.45145315390463,33.80717605284117,33.25010061790916,33.6058235168457,1891900,0.0,0.0
33.81389112180983,34.08236033118087,33.49843717645389,33.9279899597168,4083900,0.0,0.0
34.995165079803805,35.961661507541336,34.793812510804095,35.25692367553711,5746000,0.0,0.0
34.33741078247819,34.95489487409763,34.15619270864433,34.25687026977539,3983300,0.0,0.0
34.834085220202624,35.16296049655024,34.81394817038967,35.12940216064453,5090300,0.0,0.0
35.00861132093036,35.438164425673065,34.85424083393461,35.317352294921875,2486000,0.0,0.0
35.350889378290454,35.471701436341355,34.766966137935704,35.04214859008789,2359100,0.0,0.0
35.10927106297471,35.12269491070122,34.37097480003989,34.592464447021484,3397800,0.0,0.0
34.70656531434199,35.08242539135525,34.290436252163325,34.84080123901367,2813300,0.0,0.0
35.08913136411597,35.16296124087349,34.485073624015904,35.035438537597656,1783300,0.0,0.0
34.93476743664365,35.357609725251635,34.88107460018248,35.1763916015625,1907800,0.0,0.0
35.20325337162267,35.632806476365374,35.095865095437,35.317352294921875,3555500,0.0,0.0
35.45828430006669,35.78044897246147,35.055576539320285,35.095848083496094,2757100,0.0,0.0
35.115981343161494,35.9079704284668,35.03544081797335,35.9079704284668,2783800,0.0,0.0
36.32408507674067,36.32408507674067,35.404573644017646,35.65290832519531,2270400,0.0,0.0
35.68647583609142,35.68647583609142,35.256923014193035,35.47841262817383,2451600,0.0,0.0
35.4314394031872,36.04221045625244,34.97503877448598,35.961669921875,2272900,0.0,0.0
36.04891101719726,36.10931704116819,35.49183551643136,35.5321044921875,2562700,0.0,0.0
35.59922033614128,35.8408444090643,34.90119580554954,35.49854278564453,2861800,0.0,0.0
35.3240481977358,35.70661890425367,35.04886571479597,35.63949966430664,1897400,0.0,0.0
35.67305098282942,36.09589055940552,35.324038709859565,36.07575607299805,1457000,0.0,0.0
36.09590164329578,36.840908593178284,36.09590164329578,36.70667266845703,2631300,0.0,0.0
36.8274753355716,37.31072351696746,36.706663290222636,37.06909942626953,1886800,0.0,0.0
36.62612816684261,37.06239423480343,36.34423505979373,36.908023834228516,1913800,0.0,0.0
37.04225009457733,37.04225009457733,36.163010043912934,36.67310333251953,3017200,0.0,0.0
36.7603637146679,37.23689875874597,36.64626229603207,36.840904235839844,2249900,0.0,0.0
36.592567744108976,36.592567744108976,36.156301701009355,36.418060302734375,2915500,0.0,0.0
36.47847217208396,36.538878209872976,35.54553646871595,35.62607955932617,2727100,0.0,0.0
35.61936135435374,35.99522137675604,35.54553147849463,35.753597259521484,2261900,0.0,0.0
35.65292626997311,35.679773968028535,34.92134314015589,35.2099494934082,2082000,0.0,0.0
35.189819515087436,35.324055462250385,34.78040102839241,35.10256576538086,3403100,0.0,0.0
35.236796645268576,35.53211363828842,35.0287308290703,35.34418487548828,2581800,0.0,0.0
35.1495579533606,35.552265909310734,35.07572803341949,35.317352294921875,3005500,0.0,0.0
35.82742558103391,36.24355456469723,35.68647647853743,36.04220199584961,3871900,0.0,0.0
35.96838188196319,35.97509252659952,34.941481709990896,35.02202224731445,4253000,0.0,0.0
35.21665928444959,35.29719981047147,34.364264156345214,34.592464447021484,3655000,0.0,0.0
34.56562059155359,34.6864326741763,34.23674268656121,34.47836685180664,2249000,0.0,0.0
34.61932346021793,34.69315080634359,34.33742768647832,34.56562805175781,2640100,0.0,0.0
34.34412838541679,34.36426543792612,33.66624069213867,33.66624069213867,2374300,0.0,0.0
33.9212987107763,34.035397613914775,33.55886238256349,33.86760330200195,2032900,0.0,0.0
33.51859624389735,34.08238532546828,33.43805567805534,33.6931037902832,2454200,0.0,0.0
33.55885101697994,33.632680898871236,32.693032046260946,32.71316909790039,1925500,0.0,0.0
32.941366028131064,33.55884759491581,32.941366028131064,33.25010681152344,2181300,0.0,0.0
33.444751305278764,33.740068265026,32.9279447054683,33.36420822143555,2228800,0.0,0.0
33.209835125948885,33.384342566460035,32.84739895904439,33.22325897216797,1739200,0.0,0.0
33.33065145789795,33.59241009191137,33.18970489501953,33.18970489501953,1934400,0.0,0.0
33.04204996460433,33.1293037088265,32.67961369814695,32.907814025878906,2364200,0.0,0.0
32.95477952476404,33.32392880932419,32.693020985047774,33.2098274230957,1524800,0.0,0.0
33.08903062075868,33.08903062075868,32.49168340955638,32.625919342041016,3927200,0.0,0.0
32.827276693190235,32.827276693190235,32.31046994283756,32.43128204345703,2632900,0.0,0.0
32.55208447103608,32.659472688527046,32.015143383581254,32.0688362121582,2753100,0.0,0.0
32.12924729848285,32.666188470399106,32.12924729848285,32.652767181396484,4431400,0.0,0.0
32.450253792103894,32.450253792103894,31.559171508465816,31.592924118041992,4187000,0.28,0.0
31.69417576408137,31.73467785431748,31.201380589994802,31.295888900756836,5513800,0.0,0.0
31.309397315565924,32.34899153687472,31.24188952511802,32.07221603393555,4235100,0.0,0.0
31.67392808224067,32.051963971323794,31.309396325979204,32.018211364746094,3530200,0.0,0.0
32.06545889543854,32.301729667762665,31.160875320434574,31.16087532043457,3699800,0.0,0.0
31.356650637469805,32.18022505750011,31.309396473007364,31.862947463989258,2636600,0.0,0.0
32.11946445007988,32.30172899915252,31.24863349269628,31.552412033081055,3845200,0.0,0.0
31.572668243943152,32.193724405774425,31.478159921504364,32.1734733581543,2375800,0.0,0.0
32.17347206160739,32.23422777717804,31.13387540635773,31.154129028320312,3111400,0.0,0.0
31.214891096670666,31.478165059338213,30.61408330923764,31.28239631652832,3324500,0.0,0.0
30.985359564771098,31.282386039789767,30.54656805436881,30.782838821411133,2260000,0.0,0.0
31.093367137982217,31.43089825186547,30.72208085258421,30.9853572845459,2048200,0.0,0.0
30.69508646065983,30.971861926402326,29.743248632115282,30.38455581665039,4526800,0.0,0.0
30.42505484937094,31.42414665222168,29.966012321688428,31.42414665222168,5156000,0.0,0.0
32.058709822333185,32.24772644264963,31.572664141338542,31.727928161621094,8502100,0.0,0.0
31.991199086194666,31.991199086194666,31.140621798336657,31.545658111572266,3205200,0.0,0.0
31.73467626603006,31.73467626603006,31.10687072236636,31.619916915893555,2622100,0.0,0.0
31.457894961666273,32.24771901127025,31.457894961666273,32.20721435546875,2943400,0.0,0.0
32.30847048958245,32.38947721545244,31.727916708006507,32.2882194519043,2484800,0.0,0.0
32.07895098808887,32.200462370916135,31.02585319530512,31.08660888671875,3007800,0.0,0.0
31.167626994326405,31.56591387783821,31.113623346221623,31.36339569091797,2126900,0.0,0.0
31.32963507694859,31.626661503461705,31.039358139038086,31.039358139038086,1813700,0.0,0.0
31.289138885045148,31.667174728012903,31.167627456061172,31.65367317199707,2373000,0.0,0.0
31.65367332097074,32.4299960570044,31.592917606192813,32.26123046875,2287100,0.0,0.0
31.775181549458154,32.29497981793566,31.592914423486178,31.626667022705078,2152300,0.0,0.0
31.815679262565286,32.16671188309685,31.45114509026431,31.606409072875977,2590000,0.0,0.0
31.63341692366461,31.835935080282415,31.262133207338955,31.545658111572266,2484300,0.0,0.0
31.85619400333781,32.308487154316175,31.85619400333781,32.267982482910156,2162600,0.0,0.0
32.20047697957384,33.0105523742167,31.842692156637685,32.828285217285156,3084100,0.0,0.0
32.612253171303,32.828272851818205,32.267970035060976,32.48398971557617,2329000,0.0,0.0
32.281465924053336,33.80710754711065,32.166706615542644,33.75310134887695,2948800,0.0,0.0
33.48308814052356,34.13789937778931,33.267068416403404,33.74636459350586,2589800,0.0,0.0
34.05014961492446,34.42818552024316,33.53710327749664,33.732872009277344,3209000,0.0,0.0
33.42909179552776,33.5911053364106,32.72702625127864,33.051055908203125,3126800,0.0,0.0
32.8687774772395,33.46958499629377,32.646008291092244,33.2940673828125,1907300,0.0,0.0
33.4493436747893,33.90163685256373,33.179320241561136,33.388587951660156,2567000,0.0,0.0
33.55734247096433,33.72610802663222,32.78102245998687,33.03754425048828,2317100,0.0,0.0
33.04429593676523,33.13205474575279,32.2409702528753,32.31522750854492,3270600,0.0,0.0
32.43674786766736,32.46375098175764,31.8966984616552,32.30848693847656,2136900,0.0,0.0
31.883191740959308,32.70001649621105,31.883191740959308,32.598758697509766,2272600,0.0,0.0
32.74726723902267,33.152306117105624,32.73376826072878,33.04429626464844,1616600,0.0,0.0
32.7877747022589,32.976791316427665,32.281477992742666,32.4637451171875,2116000,0.0,0.0
32.571751826282416,32.67976167751869,32.227471230203655,32.592002868652344,1819200,0.0,0.0
32.693285952387036,32.963312055722675,32.46376453709968,32.86880111694336,2137100,0.0,0.0
33.03081446885987,33.759880765253605,32.28824661093817,33.62487030029297,2324700,0.0,0.0
33.44934060578952,33.820624401886995,33.24007291489095,33.489845275878906,3169700,0.0,0.0
33.78686566218105,34.23915871632288,33.22656532439843,33.43583297729492,3409000,0.0,0.0
33.408830075015786,33.6045961597863,33.03754379751073,33.395328521728516,2549600,0.0,0.0
33.07131058527236,33.07806007670789,32.20047940603109,32.34899139404297,3833500,0.0,0.0
32.11272184921973,32.45700515483974,31.795441660738348,32.34224319458008,3519800,0.0,0.0
33.01055645740488,33.44934552637434,32.73378094230879,33.27383041381836,4072200,0.0,0.0
33.26706338493386,33.45608254631952,32.375981513920124,32.402984619140625,5442900,0.0,0.0
32.456999119112986,32.86878499068559,32.36248822670311,32.531253814697266,3956000,0.0,0.0
32.28146690313457,32.40972776509378,31.62665589305593,32.3962287902832,7668200,0.0,0.0
32.267972735513126,32.44349035009407,31.660418298903075,32.180213928222656,3565300,0.0,0.0
31.302643006493966,32.30173505712032,31.302643006493966,31.39040184020996,4823900,0.0,0.0
30.911103395072676,31.889944247005413,30.499314979247583,31.727928161621094,5584900,0.0,0.0
31.093369402151655,31.309389124754507,30.384551951255443,30.39130401611328,6133000,0.0,0.0
30.77608696877209,31.950696374410878,29.385457856949298,31.538908004760742,7095300,0.0,0.0
33.15904465055037,33.847608198148755,32.200457848603335,32.92952346801758,6070700,0.0,0.0
32.57849616795332,32.7405122067882,30.884091411557943,31.77517318725586,2689400,0.0,0.0
31.89669465937392,32.4029913999989,31.005612601886625,31.025863647460938,2887100,0.0,0.0
31.09336357947251,31.511901391743535,30.4655555734871,30.66132164001465,2317000,0.0,0.0
30.904350002168087,31.201379050084462,30.404805362749435,30.431808471679688,3587500,0.0,0.0
30.091940165218652,30.540566226027643,29.718085546709396,30.431808471679688,3492400,0.31,0.0
29.969586583843974,30.221088398012135,28.514950685103166,29.09272575378418,5441500,0.0,0.0
29.622905577435063,30.391005635588535,29.262643619242667,30.214275360107422,4255900,0.0,0.0
29.643313878243777,29.84043811680466,28.562532568224018,28.963577270507812,4482100,0.0,0.0
28.848024622442427,28.854823441518544,27.59730899037952,28.440183639526367,6469000,0.0,0.0
28.814033887443607,29.262659937051055,27.44096565246582,27.44096565246582,3597800,0.0,0.0
26.591288979255822,26.94475224150732,25.20462860333226,26.577693939208984,5127100,0.0,0.0
25.904758346757347,26.808806540502253,24.538486534067495,24.57247543334961,7045200,0.0,0.0
23.947118911487923,25.694041678848723,23.790779812450523,24.06267547607422,6796800,0.0,0.0
24.552081350989464,24.76280059686521,23.111040714808873,23.7907772064209,7855400,0.0,0.0
22.43809874094312,24.076263457437996,21.07182963761294,22.56045150756836,9938700,0.0,0.0
23.321765313293593,25.503719329833984,23.131437288727316,25.503719329833984,6151300,0.0,0.0
26.54371045867194,27.930373575064348,24.538487215798952,25.33378028869629,5929000,0.0,0.0
25.238623885372075,25.238623885372075,22.74398889859139,22.893531799316406,4171000,0.0,0.0
24.3141737135437,24.3141737135437,22.166206583504888,24.021886825561523,6461200,0.0,0.0
23.172223613660982,24.21221990828711,22.975099353388547,23.09745216369629,5273200,0.0,0.0
23.382937413731028,23.634439201046362,22.546859209135004,23.437314987182617,4733700,0.0,0.0
23.54607688669947,24.24620479887773,23.131437119801447,23.71601104736328,4693700,0.0,0.0
23.10424576875688,23.342152516784683,21.16699510471545,21.9215030670166,5262600,0.0,0.0
22.159409819370975,22.46529177617293,20.582422575229963,21.731176376342773,5503700,0.0,0.0
20.126999016072542,21.425295681291885,19.556020228631155,20.731964111328125,3601200,0.0,0.0
20.494056034354497,20.691180249546154,19.42007237331304,19.54242515563965,5875800,0.0,0.0
20.086218097077094,21.853534996382034,19.37249511156474,21.8127498626709,6123400,0.0,0.0
21.676803266162178,23.029480459924045,21.296151071595837,21.860332489013672,5437400,0.0,0.0
22.465295689657403,23.280980185559585,21.88072175771101,22.526472091674805,3830200,0.0,0.0
23.688816275817967,23.688816275817967,22.261370645658374,22.696401596069336,3703700,0.0,0.0
22.83235124022705,22.87993259216736,22.49248295894531,22.757579803466797,3357300,0.0,0.0
23.4645078606863,23.634442011537455,22.696404772802055,23.58686065673828,2668600,0.0,0.0
23.274180491887673,23.79757535083552,22.66241656287323,22.74398422241211,3005800,0.0,0.0
22.54685960320982,22.818755254187124,21.534053618947013,21.65640640258789,4016000,0.0,0.0
21.82634179852497,22.37013053894043,21.574838695773682,22.37013053894043,3388100,0.0,0.0
22.873139036372724,23.17901845082598,22.213793663994934,22.506080627441406,3028300,0.0,0.0
22.118630786452343,22.614838220217344,21.57484069905003,21.928302764892578,3638000,0.0,0.0
21.5204625636841,21.962292430122268,20.935888620885134,21.071836471557617,4507600,0.0,0.0
21.24176270844415,23.077051525051445,20.392092200106383,22.97509002685547,4394500,0.0,0.0
22.533268578782675,22.97509579831435,21.493271148586746,21.642812728881836,3874800,0.0,0.0
21.384510869473427,22.580848628780384,21.0922252471026,21.880718231201172,5633600,0.0,0.0
21.744773789633086,22.750784948114227,21.425298052737226,22.315753936767578,4545700,0.0,0.0
22.28176718092546,22.642029378742336,20.895105050289107,21.07863426208496,4609800,0.0,0.0
20.772742165153772,21.520452397652523,19.56960982997676,19.739543914794922,7264000,0.0,0.0
20.228964557847657,20.888308696963005,19.51524023753199,20.72517204284668,7541600,0.0,0.0
21.078631151364068,22.499279387198825,20.969873404089583,21.969085693359375,6416100,0.0,0.0
22.54006480921785,22.594444980060022,21.207781739455736,21.78555679321289,5272600,0.0,0.0
21.282557083106084,22.798371006955755,21.26216581055101,22.750789642333984,3849300,0.0,0.0
22.42450568305462,23.19260597229004,22.42450568305462,23.19260597229004,1454500,0.0,0.0
22.580860139752552,22.580860139752552,20.89511168034066,20.99027442932129,5652600,0.0,0.0
21.302949396104378,22.38373090936104,20.956283505390452,22.152620315551758,5405700,0.0,0.0
20.589219098819896,22.356532952311227,20.487257587161608,22.03705596923828,5845800,0.0,0.0
21.771958538375046,22.308950977764617,21.25535995653711,21.59522819519043,4478200,0.0,0.0
21.330134189997246,22.206993740198172,20.779547900499235,22.01666831970215,5883300,0.0,0.0
22.567259264842644,23.471307739756202,21.581640517869545,22.322553634643555,5848100,0.0,0.0
21.568045727998904,22.45170294185934,21.472883002458673,21.91471290588379,7407300,0.0,0.0
22.098236768438085,22.34974118926503,21.826343671394444,22.084644317626953,5367800,0.0,0.0
21.880713025343184,21.901106879869694,20.915488615379246,21.153396606445312,5358600,0.0,0.0
20.575625220133066,21.506863546798293,20.54163761549538,21.275753021240234,4950200,0.0,0.0
21.275761834917592,21.66321290932503,20.94269095045794,21.241775512695312,3541200,0.0,0.0
21.4796740726275,22.526467628593583,21.459281510497075,22.431304931640625,5391000,0.0,0.0
22.125429682604224,22.723598721300597,21.751575005790166,22.4585018157959,4360800,0.0,0.0
22.873141524110604,22.89353279582809,21.982685492926755,22.2002010345459,4279200,0.0,0.0
22.383726173419817,23.05666394716787,22.308954733450182,22.703203201293945,5821000,0.0,0.0
22.676012966759263,23.09744892483995,22.125425397580965,22.587646484375,3460200,0.0,0.0
22.757580673222392,23.083853924563766,21.97588515219285,22.206993103027344,3417000,0.0,0.0
22.193401236332786,22.79156758301721,22.166211149759118,22.682809829711914,1039700,0.0,0.0
22.710000679915485,23.24019442098302,22.696405636171512,23.179018020629883,1483800,0.0,0.0
23.377949944174844,23.377949944174844,22.71941418956093,23.034963607788086,1994900,0.31,0.0
23.32307589046926,24.05706659885644,23.26819680879088,24.015907287597656,2706700,0.0,0.0
24.009048287973624,24.29715561137558,23.803256968860996,24.043346405029297,3338500,0.0,0.0
24.11194295085601,25.2918142888046,24.009045992747186,25.154619216918945,2621100,0.0,0.0
24.96254402695546,25.32610868989399,24.62641889772722,24.88022804260254,3187900,0.0,0.0
25.113458879738054,25.64165812887873,24.825349008944066,25.339828491210938,3134700,0.0,0.0
25.0585766993862,25.559336352573297,24.564678237172668,24.585256576538086,5411300,0.0,0.0
24.509803460021285,25.490744598467074,24.214834999270277,25.38098907470703,5706200,0.0,0.0
25.380991903336323,25.703399935153193,24.640140072806936,24.8870906829834,3965000,0.0,0.0
24.873355623564475,24.873355623564475,24.207964240487915,24.413755416870117,3156900,0.0,0.0
24.26971574401948,24.585262569503374,23.823832426043072,24.13252067565918,3569600,0.0,0.0
23.803242800197562,23.947296376151964,23.494554696883107,23.659189224243164,3824900,0.0,0.0
23.528870356635128,24.37947791883971,23.227043217416206,24.077648162841797,4024900,0.0,0.0
24.413774726018676,24.413774726018676,23.158443108709815,23.75524139404297,3849100,0.0,0.0
23.74837840324738,23.74837840324738,22.877192603888748,22.932071685791016,3271500,0.0,0.0
23.144719867596613,23.69349749993071,22.41758786926759,23.618040084838867,4373200,0.0,0.0
23.247617137338914,23.46026964156174,22.527346240398813,23.069265365600586,3549300,0.0,0.0
21.957978263339033,22.95950008793779,21.957978263339033,22.664531707763672,3733700,0.0,0.0
22.616526388022727,23.35051715044867,22.376434313171416,22.76058006286621,2900100,0.0,0.0
22.863476365843734,23.858134905759925,22.863476365843734,23.686641693115234,3476100,0.0,0.0
24.098229850838546,24.21484399330676,23.76896315726002,23.94045639038086,5129400,0.0,0.0
22.925197056857577,23.467115897547142,22.712547281056263,23.185867309570312,4884200,0.0,0.0
23.076130459771427,23.391677400236976,22.273543335094377,22.40387725830078,4575300,0.0,0.0
22.06088229222279,22.55478348176109,21.8070731217226,22.273534774780273,3597100,0.0,0.0
22.84288727091467,23.43968270581493,22.424443562305147,23.323068618774414,4858900,0.0,0.0
23.398532013190422,24.28343753001564,23.323074588484296,23.693500518798828,5101200,0.0,0.0
23.59746058680872,24.626419578382738,23.36422977738082,24.420625686645508,4201600,0.0,0.0
24.482365553139054,24.88708956456714,24.26971568364892,24.571542739868164,4885700,0.0,0.0
24.509803879714273,24.873368567749008,24.352030475156216,24.6744384765625,2246400,0.0,0.0
24.358896754141895,24.674446279828334,23.254482572965752,23.425975799560547,3364300,0.0,0.0
24.283436067219416,24.31087298809557,23.748375550070136,24.05020523071289,3832600,0.0,0.0
23.67292199064202,23.864996168769835,22.97323198379084,23.851276397705078,3984100,0.0,0.0
23.720936829051574,24.502945275410966,23.720936829051574,24.091360092163086,3406500,0.0,0.0
22.643955395788833,22.980083136329366,20.59975857800423,22.609657287597656,5169500,0.0,0.0
22.733135673380254,22.79487332326218,22.136340135707126,22.48618507385254,6064900,0.0,0.0
22.685114020629225,22.685114020629225,21.40920454637335,21.49152183532715,5670100,0.0,0.0
21.07994482253931,21.91683251531345,20.538026965385445,21.066225051879883,5742100,0.0,0.0
21.217136617026586,21.32689214847668,20.119579994136508,20.160737991333008,5467900,0.0,0.0
20.387105058765155,20.72323147341376,19.728571995385575,20.579177856445312,5786800,0.0,0.0
20.503715226743576,20.579172611670707,19.804024352322077,20.09899139404297,6194900,0.0,0.0
20.47628604438929,20.54488357837101,19.509064609575557,19.536502838134766,5151400,0.0,0.0
19.2072386489769,19.653120713078863,19.035745446753893,19.070043563842773,6514100,0.0,0.0
18.66531724843905,18.788792548474582,17.84901064645151,18.05480194091797,7048600,0.0,0.0
18.2811766230007,19.371873584956617,17.993067966854056,18.89855194091797,11432400,0.0,0.0
19.24839440959561,19.893209141211422,18.79565251312193,19.50220489501953,6765400,0.0,0.0
19.02888698774778,19.20724008843281,17.800996248171167,17.96562957763672,6878400,0.0,0.0
17.82157568692824,18.50068870316755,17.698100355177555,18.38407325744629,7203000,0.0,0.0
18.137126057871733,18.54185022298157,17.924473490854947,18.047948837280273,4744800,0.0,0.0
18.226297322919006,19.09748310422532,18.226297322919006,19.070043563842773,4219800,0.0,0.0
18.6858924913048,19.50220020902998,18.6858924913048,19.275829315185547,4050600,0.0,0.0
19.193520816910606,19.557086913355736,18.6310232661615,19.474769592285156,4564900,0.0,0.0
19.61195531505782,19.61195531505782,18.96028086900669,19.10433578491211,3843300,0.0,0.0
17.56090457147149,19.31013475084911,17.56090457147149,18.4801082611084,9800100,0.0,0.0
18.00677990187906,18.74077033996582,17.897024395719665,18.74077033996582,5253700,0.0,0.0
18.582996489748968,19.275828922463585,18.267448436292074,19.10433578491211,5292300,0.0,0.0
19.282691935063138,20.085280001420863,19.282691935063138,19.72171401977539,9203300,0.0,0.0
19.577656050985276,20.078415668953756,18.925981643543913,19.02887725830078,7789600,0.0,0.0
19.488490272167816,20.39397430419922,19.17294336153423,20.39397430419922,5150700,0.0,0.0
20.009819449989205,21.539537931202755,18.733910081025876,20.81926727294922,8290500,0.0,0.0
21.01820320020807,22.129478246315855,20.73009461262659,21.16225814819336,7531900,0.0,0.0
21.23085994517482,22.26667778335428,21.14854262859115,22.225521087646484,5071300,0.0,0.0
22.107771288981972,22.405587899604456,21.740693158175066,22.080066680908203,5028100,0.31,0.0
21.553694675709295,21.553694675709295,20.694870226664108,21.027318954467773,4129300,0.0,0.0
21.19354363258337,21.886143089066298,20.89572565493113,21.3666934967041,4531800,0.0,0.0
21.034239194792065,21.796097290912996,20.563271507062492,21.546762466430664,4456400,0.0,0.0
22.024658696257557,23.13974406715385,21.87228731555649,22.557960510253906,5495400,0.0,0.0
22.052365525003253,22.544110476579082,21.96232686109059,22.467924118041992,5453600,0.0,0.0
22.273997509390455,22.405590449632463,21.803029686761906,22.267072677612305,3396000,0.0,0.0
22.100851509048912,22.19089019022006,21.20047262351024,21.269731521606445,4182600,0.0,0.0
21.41517215583572,21.609100451226087,20.90264879054878,21.193540573120117,2995800,0.0,0.0
22.793442855451197,22.793442855451197,21.650654274750444,22.537181854248047,3343900,0.0,0.0
22.28092615400596,22.48178065668655,21.872293636710424,22.329410552978516,2914700,0.0,0.0
22.0592925870216,22.15625608659054,21.449804335657575,21.823808670043945,3692400,0.0,0.0
21.782254403004156,22.045441626913544,21.338989832852842,21.58139991760254,6679400,0.0,0.0
22.8488609173245,23.58994224393068,22.50948596640259,22.95967674255371,11027300,0.0,0.0
22.3155517578125,22.904260144673852,22.253217711034264,22.3155517578125,6003700,0.0,0.0
21.990033721923826,22.25322226687567,21.574473765335277,21.643733978271484,3717400,0.0,0.0
21.435956334975856,22.163185325042292,21.435956334975856,21.99696159362793,3696600,0.0,0.0
21.830732877638102,23.423710930741933,21.58139667693269,22.85577964782715,4970100,0.0,0.0
23.022006583137497,23.112042608193327,22.440222946969914,23.035856246948242,3960900,0.0,0.0
23.202088099124015,23.728462666628484,22.959679280284714,23.458349227905273,4084600,0.0,0.0
23.1328262390674,23.423716784548674,22.731117228194055,22.980453491210938,2766000,0.0,0.0
22.966597713380896,23.209006464660295,22.44714812459026,22.516407012939453,2521600,0.0,0.0
22.75189211224237,23.458343906684892,22.75189211224237,23.132823944091797,2593600,0.0,0.0
23.32676033889187,23.673060222020244,22.654937720164128,22.71727180480957,2871000,0.0,0.0
22.606450576452254,23.167457204962457,22.42637584251813,23.063566207885742,3076400,0.0,0.0
23.04278414415366,23.77001304220636,22.71726155542092,23.756160736083984,3154900,0.0,0.0
23.721530920313576,24.040126029967126,23.40986064258415,23.603790283203125,2903000,0.0,0.0
23.873906304431397,24.067833324610145,23.472197314566852,23.977794647216797,2624800,0.0,0.0
24.22020649284549,24.22020649284549,23.12589796349483,23.271343231201172,2991900,0.0,0.0
23.714604591924555,24.09553373308618,23.45141608044358,24.005495071411133,3233700,0.0,0.0
23.72153017022016,23.943161773584656,23.41678737610826,23.776939392089844,3653400,0.0,0.0
23.957006818114245,23.98471142065232,23.1743689697797,23.929302215576172,4358300,0.0,0.0
23.631493395099138,23.763088986532427,22.959673699587075,23.58993911743164,7137500,0.0,0.0
23.589947913928537,24.01243153274695,23.305982128397044,23.513761520385742,4448800,0.0,0.0
23.368307071657625,23.569158908200738,22.710337052620954,22.862707138061523,4971100,0.0,0.0
23.02892805931809,23.326745986938477,22.890407662880754,23.326745986938477,3932100,0.0,0.0
23.209013747921308,23.624575134596196,23.08434823818271,23.22286605834961,4159500,0.0,0.0
23.361380780359568,23.92931215808105,23.305974194318587,23.354455947875977,4258800,0.0,0.0
23.23671305821587,23.243640532875833,22.51640893291217,22.710338592529297,3196300,0.0,0.0
22.814219988991365,23.174371942008673,22.516402078651222,22.537181854248047,2744700,0.0,0.0
22.336330174561727,23.486045048407277,22.21166207385078,23.347524642944336,3102300,0.0,0.0
23.38908102737854,23.430637940693146,22.43329315759793,22.447145462036133,4157200,0.0,0.0
22.163179791172027,22.516404306588786,21.803027802518653,22.260143280029297,4722400,0.0,0.0
22.350180441872112,22.44714392423989,21.97617617383348,22.364032745361328,4498100,0.0,0.0
23.38908714871139,24.94050866302731,23.25749418519367,24.829692840576172,6710100,0.0,0.0
24.892015475508163,25.35605833535007,24.504161596059117,24.898942947387695,5945900,0.0,0.0
24.892018920898153,25.06516875306314,24.621905605449854,24.926651000976562,4079400,0.0,0.0
25.06517072794728,25.4114704195622,24.79505739121676,25.356063842773438,2684400,0.0,0.0
25.459949544146365,25.813176672783868,25.245245448363473,25.64695167541504,4385200,0.0,0.0
25.584624118921003,25.85474013839332,25.120583730450683,25.605403900146484,2453800,0.0,0.0
25.646961569124198,25.854743556504506,25.356071014084122,25.806259155273438,2401800,0.0,0.0
25.910140272226514,26.180253582386626,25.633099489363637,26.027883529663086,3723200,0.0,0.0
26.090220272351914,26.609669865009323,26.020961383487162,26.228740692138672,2876900,0.0,0.0
26.1317723049684,26.450367361469183,25.82010207923643,26.374183654785156,3334500,0.0,0.0
25.764704540611945,25.917074649461213,25.397624971795885,25.529220581054688,3723900,0.0,0.0
26.249525564169524,26.284155015319115,25.300662221912614,25.349143981933594,4066500,0.0,0.0
25.266024441655677,25.66773334032674,25.099802074110812,25.46687889099121,3664800,0.0,0.0
25.41148855369677,25.515379592142708,25.009781998627446,25.058263778686523,3278600,0.0,0.0
25.21061927221135,25.259101018953302,24.50416756561241,24.56650161743164,5333400,0.0,0.0
24.400275713834723,24.400275713834723,23.866973876953125,23.866973876953125,5207600,0.0,0.0
23.977791249097972,24.31716612837226,23.79078908811709,24.206350326538086,4039600,0.0,0.0
24.35872421495245,24.898953645240773,24.303317626392705,24.448762893676758,3714400,0.0,0.0
24.386435338232467,25.68159870794554,24.386435338232467,25.487668991088867,4712800,0.0,0.0
26.025489577462,26.4725211790339,25.843885070966103,26.158203125,6856000,0.31,0.0
26.221064689578665,27.21989605861633,26.06739750526443,26.486486434936523,4709200,0.0,0.0
26.27694389291556,26.535384660810436,25.85086860668617,26.081369400024414,3230100,0.0,0.0
26.095343232310064,26.48649227572605,26.074389580556502,26.193130493164062,2886900,0.0,0.0
25.774056786078166,26.193146057191388,25.29908752441406,25.299087524414062,3167400,0.0,0.0
25.152379284767495,25.173335592983044,24.733290423484455,24.942834854125977,3656700,0.0,0.0
24.859035630919564,25.005716572222866,24.30723285420265,24.37708282470703,3214800,0.0,0.0
24.43295171640625,24.55169529308975,24.076726315361764,24.34913444519043,3778600,0.0,0.0
24.43993685274028,24.71234496929893,24.356116921104636,24.523754119873047,2878600,0.0,0.0
24.439940162820793,25.054603757713316,24.377076537831417,24.984756469726562,2772000,0.0,0.0
25.103500211782706,25.66927290023362,24.92189564391771,25.648319244384766,3189100,0.0,0.0
25.70418873107005,26.02549045738903,25.382887004751076,25.97659683227539,2434200,0.0,0.0
26.221067795008473,26.793823976827817,26.158204181662313,26.710006713867188,3960000,0.0,0.0
26.577295681700363,27.031311006095276,26.514432062391887,26.919553756713867,2715100,0.0,0.0
26.66111665277351,27.191965659386327,26.66111665277351,27.066238403320312,2543400,0.0,0.0
27.1570396048761,27.90441674714106,27.1570396048761,27.897430419921875,3175300,0.0,0.0
28.148883337026106,28.16285332618082,27.212915379684155,27.757734298706055,3981400,0.0,0.0
27.834568060466797,28.127932533412068,27.359599039129314,28.058082580566406,5877700,0.0,0.0
28.12792565426206,28.630834533743112,27.960288472934174,28.51907730102539,4094000,0.0,0.0
28.148876418882374,28.595905303955078,27.90440833001522,28.595905303955078,2762600,0.0,0.0
28.567976911746065,28.637824197646378,28.120945222673317,28.386369705200195,2589700,0.0,0.0
28.19079770089231,28.36541859580418,27.862509565816914,28.113964080810547,2339000,0.0,0.0
27.86949310455453,28.120944929879442,27.590098634856,27.897430419921875,2247100,0.0,0.0
28.330500230149454,28.686725749783847,28.15587930269058,28.20477294921875,2603800,0.0,0.0
28.18380816866379,28.519082593539114,28.05109726284034,28.323505401611328,3064900,0.0,0.0
28.80545939028856,28.80545939028856,28.148883225141653,28.42129135131836,3435500,0.0,0.0
28.358428555727837,28.707670299835335,28.218733989687276,28.672746658325195,2372100,0.0,0.0
28.791486813723598,28.87530407628316,27.771699017154194,28.21174430847168,2976400,0.0,0.0
28.204760080764707,28.48415183852376,28.099986506290886,28.2257137298584,2753000,0.0,0.0
28.498134605360583,28.78451281757178,28.30256002077846,28.609891891479492,1835800,0.0,0.0
28.54003120957411,28.54003120957411,27.79963787075823,27.981245040893555,2780400,0.0,0.0
27.97426537412956,28.030145336550863,27.59009995824453,27.911401748657227,2274300,0.0,0.0
27.834559313679286,28.91022426895408,27.799635680482552,28.553998947143555,2888900,0.0,0.0
28.665754674340338,29.336297988891598,28.51907382387643,29.3362979888916,3439800,0.0,0.0
29.336308101145555,29.336308101145555,28.477173683638107,28.84038543701172,2425100,0.0,0.0
28.232692245718557,28.49113297178338,27.82757333822867,28.0650577545166,2441600,0.0,0.0
28.120943335399485,28.798473154074898,27.981248772974148,28.756563186645508,2960300,0.0,0.0
28.477168635493943,29.077864787876386,28.3165177726828,28.679729461669922,2309300,0.0,0.0
28.85434403144757,29.287402900607994,28.679723218858445,29.098812103271484,3605800,0.0,0.0
29.18961489051806,29.650613716833046,29.00102409822983,29.538856506347656,3694500,0.0,0.0
29.706509209791694,29.8601764676465,29.266466422395364,29.357267379760742,3810700,0.0,0.0
29.60172530205165,30.209405074247478,29.3851945029922,30.0697078704834,4042500,0.0,0.0
29.916039725661044,29.957947016569257,29.427100903881545,29.531871795654297,2664100,0.0,0.0
29.55981476598538,29.91604276187247,29.266453041845413,29.825239181518555,2366200,0.0,0.0
30.16749234024139,30.216385957388276,29.343281844762025,29.52488899230957,2130100,0.0,0.0
29.182637034253954,29.378214207732228,28.93816889803467,29.2105770111084,1780000,0.0,0.0
29.098818965796486,29.636651515151076,28.728623608443144,28.812440872192383,2594600,0.0,0.0
28.791475619438867,28.973080061792896,28.53303494156738,28.58891487121582,2727500,0.0,0.0
28.714656626839197,28.819427551369614,28.358428555727837,28.672746658325195,2530900,0.0,0.0
28.57495540794967,29.17565155029297,28.54003177131399,29.17565155029297,1949500,0.0,0.0
29.357269869916205,29.46902715842549,28.917227045194366,29.231542587280273,2306000,0.0,0.0
30.07670343350348,30.733277028992568,29.706505330155604,30.684383392333984,5901300,0.0,0.0
30.041773746292087,30.67739361590338,30.034790083770233,30.62849998474121,5033400,0.0,0.0
30.53770315356559,31.06156584171045,30.53770315356559,30.74724769592285,3645200,0.0,0.0
30.502783828874463,31.05458662624851,30.342132887456202,30.872982025146484,3080800,0.0,0.0
31.229193689828655,31.229193689828655,30.397999362718252,30.642467498779297,5309300,0.0,0.0
30.810107388138686,30.845031029985087,30.125593882837524,30.67041015625,5220500,0.0,0.0
30.705317098192197,31.082498619800504,30.474819055765984,31.047574996948242,4515800,0.0,0.0
31.131407889043732,31.368892374236133,30.928847044276075,30.991710662841797,4513000,0.0,0.0
30.656439963834753,30.845030825961583,30.516742732870092,30.62849998474121,2631700,0.0,0.0
30.78215910587731,30.935826285955965,30.2932202584017,30.719295501708984,2796500,0.0,0.0
30.84502598121399,30.928843240826605,30.013831717507518,30.04176902770996,3361800,0.0,0.0
30.04875072874709,30.20940156182113,29.455038347905916,29.608705520629883,3157800,0.0,0.0
29.496945698053928,29.86714094745996,29.315341235468516,29.545839309692383,3921800,0.0,0.0
29.827314767432675,30.453554265429684,29.799168508513148,30.33393669128418,3980700,0.31,0.0
30.35503811721124,30.601313800301345,30.200236412650277,30.319856643676758,2713300,0.0,0.0
30.263566517560115,30.467622837944138,29.644365018992477,30.052474975585938,4025800,0.0,0.0
29.85544698303397,30.052465334447756,29.19402631459218,29.222169876098633,3832200,0.0,0.0
28.982929238735025,29.454369411814646,28.68740174136223,29.334749221801758,5015800,0.0,0.0
29.40512956207134,29.91878667261082,29.074417753353195,29.8343505859375,3028600,0.0,0.0
29.982104644509995,30.932017691711273,29.953958396726893,30.474653244018555,4467200,0.0,0.0
30.47465985445282,31.09386133495205,30.291711888352292,31.079788208007812,5300200,0.0,0.0
31.340139180086346,31.867869397911075,31.283846668447858,31.628631591796875,6750700,0.0,0.0
31.706027492260006,31.706027492260006,31.40346199998142,31.677881240844727,5420700,0.0,0.0
31.881936748011913,32.0367357586149,31.741208178593936,31.81157112121582,3405000,0.0,0.0
31.68492592914645,31.846762896880193,31.107941023600027,31.304962158203125,4364800,0.0,0.0
31.69898957300619,31.910081090176938,31.403461985802,31.86082649230957,4432300,0.0,0.0
31.691955330039328,31.931193105993884,31.600481352245843,31.9171199798584,4317700,0.0,0.0
31.755277079795214,32.050804620504444,31.49492832154316,31.896005630493164,3596600,0.0,0.0
32.008586592782734,32.62075267586389,31.881931170879916,32.52224349975586,4061000,0.0,0.0
32.68409355994085,34.20395655117254,32.49411035051504,34.140628814697266,9094100,0.0,0.0
34.01397394985253,34.984998365108495,33.6691890041731,33.75362777709961,7887900,0.0,0.0
33.82398040503897,34.45021968332227,33.32439656328195,34.30245590209961,4464200,0.0,0.0
34.41504450095989,34.48540745225087,33.38069247510028,33.619930267333984,3991300,0.0,0.0
33.69030970074682,34.028056836782866,32.86001365142568,33.14850616455078,3202200,0.0,0.0
33.31032634503395,33.669181657051986,33.09219692216854,33.11330795288086,2882000,0.0,0.0
32.96554224651149,33.106270823133684,32.40263062419705,32.45188522338867,3590000,0.0,0.0
32.64889465295829,33.16958671121503,32.53631236867251,33.02885818481445,3285800,0.0,0.0
32.89517989056338,33.2399647752659,32.085992573596336,32.3111572265625,4313300,0.0,0.0
32.254870028001186,32.94443716929948,32.0508137058546,32.59261703491211,3951500,0.0,0.0
32.3252227363656,33.12033673965421,32.3252227363656,33.07811737060547,2543500,0.0,0.0
33.27514131300925,33.44401343559636,32.6489020470819,32.71926498413086,3930400,0.0,0.0
32.95850090843757,33.97877954436611,32.944427784969896,33.96470642089844,2862800,0.0,0.0
33.83102939781191,34.38690323567658,33.35958896640652,34.049156188964844,2893900,0.0,0.0
34.372824050238826,35.048320708818416,34.24616859451606,34.98499298095703,2677900,0.0,0.0
34.900550919117975,35.18200805724562,34.61205856041553,34.78093338012695,2766300,0.0,0.0
35.05534854256793,35.11164103732595,34.42910930134128,34.590946197509766,3264100,0.0,0.0
34.513558154091676,34.879451453140305,33.97175476997207,34.00693893432617,2919400,0.0,0.0
34.0139651643347,34.65427759734507,33.78880052970517,34.46429443359375,1911300,0.0,0.0
34.97091077877344,35.998224600431506,34.88647472492896,35.899715423583984,4375300,0.0,0.0
35.95599549491249,35.963033396595094,35.35790269219629,35.60417556762695,2916000,0.0,0.0
35.34382957300411,35.67454116358788,35.32272123630234,35.60417556762695,2133100,0.0,0.0
35.31570206274475,35.48457689843326,34.68946268954575,34.98499298095703,2785600,0.0,0.0
34.7738991391336,34.935738755321545,34.58391863768155,34.83722686767578,2455500,0.0,0.0
35.3156949339629,35.519751203011765,34.93573132766802,35.02720260620117,2266900,0.0,0.0
34.886474238886,35.23125635304877,34.4150340194605,34.75278091430664,2581400,0.0,0.0
34.81611025094765,34.823148154766706,34.52058271071972,34.73167419433594,1746700,0.0,0.0
33.809914744116426,34.49244667115893,33.584750070402855,34.2391357421875,1139800,0.0,0.0
34.13357792107287,34.31652583869275,33.61288578299064,34.22505187988281,3298200,0.0,0.0
34.42910438712657,34.83721417917543,34.203939808580955,34.28837585449219,3599000,0.0,0.0
34.337643378449094,34.71057453309557,34.04915098570816,34.323570251464844,2670100,0.0,0.0
34.36577940382777,34.59797921952001,33.96470479876268,33.98581314086914,2181900,0.0,0.0
34.42912288552862,34.71058010202137,33.76066400948957,34.11952209472656,3001300,0.0,0.0
33.80286884401265,34.260233268684836,33.69028654272078,34.16172409057617,2065900,0.0,0.0
33.781768938644255,33.79584206646056,33.289222885946984,33.47920608520508,3062100,0.0,0.0
33.47921292295962,33.81696000700795,33.07110018545836,33.676231384277344,3659200,0.0,0.0
33.91546513319231,34.11248357066672,33.451062613306284,33.60586166381836,2485100,0.0,0.0
33.58474082657367,33.978780239204745,33.14848472685013,33.7676887512207,3294900,0.0,0.0
34.78093161396615,34.78093161396615,34.36578383260471,34.675384521484375,3576500,0.0,0.0
34.52058303808351,34.63316534269138,34.29541842886777,34.400962829589844,2397900,0.0,0.0
34.485394862874614,34.49946798483013,34.04210360005693,34.09135818481445,2562500,0.0,0.0
33.90138367345044,34.0632205907747,33.500308990478516,33.500308990478516,4141300,0.0,0.0
33.54956500564732,33.70436670883648,33.28921888279,33.472164154052734,3067700,0.0,0.0
33.760648123528256,33.78175646537152,33.47215582025102,33.486228942871094,2864200,0.0,0.0
33.549566698386464,33.69733050388188,33.408838114220806,33.51438522338867,2108700,0.0,0.0
33.56363671327272,33.64103756159612,33.31032582209588,33.500308990478516,1843600,0.0,0.0
33.5917830185277,33.838056005250166,33.50030904452753,33.74658203125,613100,0.0,0.0
33.7958453416826,33.9436118559868,33.634008382373175,33.92953872680664,1537100,0.0,0.0
34.0924128036513,34.616476846392224,33.986185467672,34.33319854736328,2789300,0.31,0.0
34.127823552629536,34.49608427841443,34.127823552629536,34.439430236816406,1807900,0.0,0.0
34.44650312796511,34.559813886877826,33.95785098669306,33.98617935180664,1297500,0.0,0.0
34.41109106122075,34.65895748078132,34.03574971116008,34.39692687988281,2728100,0.0,0.0
34.304866790771484,34.404016076723615,34.04991958866286,34.304866790771484,2247700,0.0,0.0
34.34027762280084,34.34027762280084,34.01450680989111,34.226966857910156,2575200,0.0,0.0
34.092398679832456,34.481904153476144,34.092398679832456,34.446495056152344,2593100,0.0,0.0
34.361527265970906,34.80768964592547,34.3190347102231,34.77227783203125,3119500,0.0,0.0
34.99181978049417,35.51588384546359,34.772278954357674,35.374244689941406,2944300,0.0,0.0
34.74393633157148,35.190095806685875,34.30485489354338,34.481903076171875,3908700,0.0,0.0
34.488995021070075,34.61646996012024,34.149062750783486,34.46066665649414,2433700,0.0,0.0
34.33319767009095,34.41818007701135,34.156149413107265,34.35444259643555,1803500,0.0,0.0
34.42525220584574,34.42525220584574,33.84453432992312,33.90827178955078,3264200,0.0,0.0
33.943686159920276,34.46774739686735,33.85870376773401,34.46066665649414,3319100,0.0,0.0
34.0994965641734,34.24113301346332,33.83746318959442,34.17031478881836,2660700,0.0,0.0
34.02866697933242,34.1419777308575,32.47064211970656,32.50605392456055,5862000,0.0,0.0
32.385664533409425,32.75392520585486,32.07406059589797,32.11655044555664,3519400,0.0,0.0
32.39982401843549,32.591036418794836,32.03864684100657,32.17320251464844,2080300,0.0,0.0
32.03156322648707,32.39274310350773,31.762449179114608,32.00323486328125,3237400,0.0,0.0
30.346063986461473,31.557075870781254,30.0202959083237,31.153406143188477,7651100,0.0,0.0
31.627888904655116,31.790772917078453,31.025926132588825,31.11090850830078,4070500,0.0,0.0
31.25964384351514,31.64914951869532,30.80640067955694,30.87013816833496,3473300,0.0,0.0
31.103832990718626,31.35878288433791,30.799312508386375,30.94803237915039,3297300,0.0,0.0
31.01885259116202,31.266721759941362,30.905541820204625,31.17465591430664,5056100,0.0,0.0
30.983442969536757,31.210064507704878,30.806394723996547,30.976362228393555,3233200,0.0,0.0
30.73557951538722,30.749740999060023,30.069876317997416,30.119449615478516,4017000,0.0,0.0
30.1690152523863,30.239836160477818,29.70160806514791,30.21150779724121,4144200,0.0,0.0
30.24692407948173,30.473545636079336,29.914075187846404,29.92115592956543,2383200,0.0,0.0
30.246921563794803,31.103834422255,30.17610334632639,30.65767478942871,3267100,0.0,0.0
30.622267294460134,30.70016625716386,30.197349862631413,30.445219039916992,2126000,0.0,0.0
30.62934934127393,31.15341338573378,30.225679519836,31.089675903320312,3633600,0.0,0.0
30.721407692677204,31.02593084523633,30.395636916806943,30.905536651611328,3109400,0.0,0.0
31.13924423518691,31.71287878389554,30.997605107793323,31.649141311645508,2493900,0.0,0.0
31.833285141479635,32.258199984348714,31.67748177170772,32.187381744384766,3815000,0.0,0.0
32.19445417101707,33.0938596342391,32.19445417101707,32.98054885864258,4462500,0.0,0.0
32.81766490139865,33.36297385508023,32.77517234732432,33.11510467529297,3001800,0.0,0.0
33.263828899316756,33.28507382662751,32.824747256919,32.90264892578125,2000900,0.0,0.0
32.76807771427964,32.95220663412608,32.15195079987939,32.3006706237793,3138300,0.0,0.0
32.48480640697028,32.52021551039799,31.996154295968463,32.17320251464844,3925200,0.0,0.0
31.847442095211612,32.08114439523822,31.372951350303417,32.02449035644531,2772500,0.0,0.0
32.038645345390826,32.371494143923094,31.92533459878683,32.2369384765625,2254600,0.0,0.0
32.39980512268568,32.76098208947415,32.385640949266936,32.64059066772461,2135700,0.0,0.0
32.83891165715959,32.923896770042866,32.54855260866375,32.60520935058594,2505700,0.0,0.0
32.64769257574834,33.22841055481415,32.64769257574834,32.71851348876953,2526400,0.0,0.0
32.895556532850534,33.108013835335896,32.70434415015135,32.91680145263672,2373400,0.0,0.0
33.13635548122515,33.653336115107706,33.0796987370254,33.476287841796875,2518200,0.0,0.0
33.568348822076416,33.63916704049228,33.0372040793318,33.04428482055664,2355200,0.0,0.0
33.03720810793711,33.17176381995193,32.860159838766045,33.03012466430664,2394800,0.0,0.0
33.07969689038306,33.34881100722432,32.916812812215014,33.10094451904297,2024200,0.0,0.0
33.01595645257355,33.10802229774767,32.506059336587185,33.04428482055664,3519700,0.0,0.0
33.17176044073925,33.27090702912821,32.57687820886354,33.03720474243164,4984900,0.0,0.0
32.95930441538144,33.00179426838897,32.03157056928129,32.2015380859375,4762900,0.0,0.0
32.258185845969784,32.69726468469716,32.20861255941386,32.43523406982422,4462800,0.0,0.0
32.57686862472412,33.10093248258256,32.513131165005404,32.77516174316406,4342900,0.0,0.0
32.76808437120784,33.561259628017346,32.711427644950746,33.419620513916016,3877400,0.0,0.0
33.1221923828125,33.950777032375235,33.001798148205765,33.1221923828125,4644000,0.0,0.0
32.85307101108641,33.39837991495166,32.79641697903823,33.242576599121094,2658100,0.0,0.0
33.34880833856375,33.70998557837451,33.058449317839994,33.66749572753906,2294200,0.0,0.0
33.46212662533346,33.596682352435586,33.129274977476754,33.21426010131836,2749100,0.0,0.0
33.412558928136875,33.632099815926,33.10095485971552,33.1363639831543,2781100,0.0,0.0
33.221338323273066,33.582515616794005,33.15052009365478,33.447959899902344,3180000,0.0,0.0
33.74737156979748,33.8471732471693,33.51925267312138,33.65469741821289,3240900,0.31,0.0
33.754492365006975,34.01825699620038,33.62617517128889,33.8115234375,2508000,0.0,0.0
33.79726262527327,34.03251169903139,33.51924297038892,33.761619567871094,2469000,0.0,0.0
33.88281037524704,34.217861135739696,33.604790688621755,33.989742279052734,3977000,0.0,0.0
34.032503520764266,34.21784900635026,33.82577003036389,34.13230514526367,3175300,0.0,0.0
34.01112532680163,34.06102615344573,33.775878961106756,34.003997802734375,2258700,0.0,0.0
33.92557909767579,33.98260744444799,33.50498450259103,33.67607498168945,3455300,0.0,0.0
33.61192682470597,33.697470731111565,33.226975166793146,33.65469741821289,2141900,0.0,0.0
33.66181566868905,34.04676447004145,33.63330013691753,34.0253791809082,2250400,0.0,0.0
34.03250870144784,34.19646892656902,33.76161659414772,34.18933868408203,3005900,0.0,0.0
34.06102550950074,34.27488929895062,33.861422206697966,34.14657211303711,3115200,0.0,0.0
34.27489541038596,34.52439958337763,34.061031582802784,34.4744987487793,4904600,0.0,0.0
34.86656213295764,35.42260130668143,34.688344170159986,35.32279968261719,7125500,0.0,0.0
35.20162320259144,35.344198158949055,34.59568031791936,34.93785858154297,4783000,0.0,0.0
34.93785649971134,35.35845110023934,34.47449131839838,34.795284271240234,4919300,0.0,0.0
35.80044388964022,36.55608670519529,35.793313644554765,36.149749755859375,9909100,0.0,0.0
36.24242547016874,36.47767189969749,35.82895825790535,36.392127990722656,5143300,0.0,0.0
36.128352736104105,37.41152177654707,35.871718384137345,37.31884765625,6796700,0.0,0.0
37.10500420721312,37.4186697726093,36.2424293411579,37.37589645385742,5254600,0.0,0.0
37.147754023097725,37.5826063040777,37.147754023097725,37.42577362060547,3967000,0.0,0.0
37.2618455488378,37.2618455488378,36.26382297052177,36.34223937988281,5002100,0.0,0.0
36.506179234969686,36.64162667306897,36.07132682307642,36.513309478759766,4293900,0.0,0.0
36.834091472393425,37.28320155160781,36.67013125413212,37.268943786621094,2540600,0.0,0.0
37.340231340849776,37.47567602452841,36.3921103969278,36.42775344848633,3760200,0.0,0.0
36.66301052207564,37.14063350033841,36.4277614353078,37.0693473815918,2283600,0.0,0.0
36.5774653495788,36.61310840769884,35.71488811448412,35.90736389160156,2679400,0.0,0.0
35.61509332479218,35.85034244860607,35.329946085510805,35.47964859008789,2915800,0.0,0.0
35.30854543127455,35.96438901368717,32.40002940320064,34.38894271850586,5478800,0.0,0.0
34.30340107867626,34.66696733425453,33.455084347978584,34.01112365722656,5777500,0.0,0.0
35.55805907451181,35.985781222277616,35.32280998966685,35.814693450927734,4217600,0.0,0.0
35.401232131323155,36.28519482559451,35.35845882180644,35.72915267944336,4329200,0.0,0.0
35.95726226290436,36.74855060836558,35.95726226290436,36.705780029296875,3762600,0.0,0.0
36.67724550901031,36.69150326778219,35.9002153319744,35.992889404296875,3335500,0.0,0.0
35.62935414127387,35.77192913280169,34.83093799586658,35.187374114990234,3711200,0.0,0.0
35.27290595426663,35.73627383835252,34.7596372481273,35.44399642944336,3664500,0.0,0.0
35.78616083761591,36.12833893640854,34.709723019069486,34.78813934326172,3535100,0.0,0.0
34.5742994609632,34.73113220501201,33.51924899961542,33.861427307128906,4711100,0.0,0.0
33.18418670703472,33.20557471341742,32.157652140552045,32.16477966308594,4813500,0.0,0.0
31.55172455270713,32.699449309009,31.42341004969304,32.464202880859375,5858200,0.0,0.0
32.271721461158144,32.792117786663006,32.186177567492074,32.264591217041016,3684400,0.0,0.0
31.380619558827686,32.22893609203881,30.89586647716695,32.157649993896484,3352500,0.0,0.0
32.428555082467874,32.95607894706949,32.157662905855695,32.19330596923828,3633500,0.0,0.0
32.90617019368035,33.47646722870092,32.79211078667625,33.455081939697266,3356200,0.0,0.0
33.42657625247159,33.540635693067046,32.849151524190894,33.098655700683594,3354900,0.0,0.0
32.8562772818417,33.31251501967815,32.136277611704436,32.19330596923828,4046200,0.0,0.0
32.300239616515384,33.12004099598538,32.11489132592803,33.098655700683594,2822000,0.0,0.0
33.376669939938765,33.533502664792536,33.09865026907336,33.33389663696289,2815200,0.0,0.0
32.6709348860333,32.71370547847978,31.409150740420163,31.53746795654297,4178700,0.0,0.0
31.601621518691115,31.715680945989032,30.845976113222864,30.853103637695312,3102700,0.0,0.0
30.91013840584199,31.266574498678008,30.5608298383304,30.93865394592285,4614200,0.0,0.0
31.181027471482068,31.9366701721198,31.024194736153646,31.138254165649414,3691800,0.0,0.0
31.15963339072187,32.257456885443794,31.15963339072187,32.07923889160156,3753200,0.0,0.0
31.986556624557597,32.51408294847123,31.665763773487825,32.471309661865234,2753800,0.0,0.0
32.65667341574258,33.14142668409061,32.492713151358885,32.5426139831543,4115000,0.0,0.0
32.92043003723139,33.39092546074222,32.69231120882559,33.34815216064453,3493500,0.0,0.0
33.184199601282295,33.554893463065426,32.941822950093,33.098655700683594,3989500,0.0,0.0
33.14855245043111,33.169937743097165,32.40003729381576,32.79924392700195,3552600,0.0,0.0
32.85627638676039,32.948950524543584,32.10063095443466,32.264591217041016,5657500,0.0,0.0
32.7137039518158,33.376675297713916,32.63528757680116,32.89192199707031,4644900,0.0,0.0
32.984590361104466,33.077264489824245,31.6942909606206,31.75844955444336,3540900,0.0,0.0
31.779829425898885,31.91527410288318,31.152501415790336,31.43052101135254,3987200,0.0,0.0
31.216662790393883,31.50894017594284,30.84596905663095,30.910127639770508,3400100,0.0,0.0
31.045580084836715,31.573106646816633,30.981421485668772,31.480432510375977,9673300,0.0,0.0
31.566589783934557,31.58094835178057,30.992258024561213,31.006616592407227,3307600,0.31,0.0
30.496898708765798,30.53279375783789,29.47028442132708,29.700016021728516,7171800,0.0,0.0
29.635398864746094,30.331774202073984,29.51335517065816,29.635398864746094,4533300,0.0,0.0
29.585133563733002,29.95126997852008,29.240536357154973,29.843582153320312,5913000,0.0,0.0
29.936905887863052,30.12356164662408,29.40565024757995,29.52769660949707,4395400,0.0,0.0
29.879481986701162,30.15228917942259,29.283616743664112,29.58513832092285,3337000,0.0,0.0
29.585137715505837,30.518422289952245,29.527706208990875,30.504066467285156,3431600,0.0,0.0
30.71226527623534,30.99225043411826,30.532787330042066,30.898923873901367,3688500,0.0,0.0
30.927638766004563,31.164548213767013,30.812770259676196,31.10711669921875,2491700,0.0,0.0
31.071222653506908,31.135834826768928,30.647654570703946,30.76970100402832,2795800,0.0,0.0
31.73887312762858,32.0045024077424,31.43017090158377,31.717336654663086,5383200,0.0,0.0
31.545042946621514,31.932715969013707,31.315311393785283,31.6958065032959,4071900,0.0,0.0
31.616844883324394,31.624022798275288,30.999440130104624,31.566591262817383,3489800,0.0,0.0
31.286592065154487,31.45171142152846,30.583036214704418,30.654829025268555,3130200,0.0,0.0
30.762523651123047,30.927645797201546,30.353314089452866,30.762523651123047,3712400,0.0,0.0
30.30304293307729,30.784045049067306,29.707177828372746,30.690715789794922,7394500,0.0,0.0
30.93481405145548,31.135828443228768,30.11639518367487,30.19536590576172,6070100,0.0,0.0
30.827137876225915,30.827137876225915,29.908211464657704,30.28870391845703,9462800,0.0,0.0
30.367658342428204,31.128645579477695,30.23843404295536,31.092750549316406,6339400,0.0,0.0
31.2363343645977,31.329663644948248,30.841483508890025,31.243515014648438,4302700,0.0,0.0
31.48041471310358,31.63117819284976,31.157356764568977,31.28658103942871,4697400,0.0,0.0
31.272224004685878,31.415804104972974,30.94916330181017,31.114282608032227,3136800,0.0,0.0
31.358384710272247,31.523504080195387,30.934816678342123,31.10711669921875,4201700,0.0,0.0
30.812760780598225,31.401450739965885,30.539956377840255,31.229150772094727,3664800,0.0,0.0
31.78195520801682,32.29167192062385,31.58094078357825,32.14091110229492,4041200,0.0,0.0
32.08347292983253,32.39935583096739,31.982965729877183,32.27730941772461,4377700,0.0,0.0
32.51421716755189,32.80856081533155,32.298844234305996,32.693695068359375,3698200,0.0,0.0
32.542940598161586,33.01676223861018,32.420894177870906,32.7654914855957,3301100,0.0,0.0
32.449610011718484,32.887536595318196,32.32038568414428,32.743953704833984,3821200,0.0,0.0
32.830107340151166,32.99522673082228,32.49268790695318,32.808570861816406,2346800,0.0,0.0
32.4567857193537,32.59319068842601,32.18398125844041,32.463966369628906,3904100,0.0,0.0
31.903993091518178,31.939890865306076,31.12146927485412,31.300947189331055,3885800,0.0,0.0
30.74817058702937,31.171736014711183,30.726631365951953,31.006616592407227,4140700,0.0,0.0
30.841491565032637,31.164552436313514,30.769701477466352,30.884567260742188,2455700,0.0,0.0
30.64765287959089,30.8630286043242,30.346131246750023,30.60457992553711,3813300,0.0,0.0
30.76968530495815,31.659893972799228,30.76968530495815,31.279401779174805,4340100,0.0,0.0
30.791242941482075,30.88457226132241,30.547152770172783,30.5974063873291,6070600,0.0,0.0
30.489707696825015,30.597392797782618,30.109212671984682,30.181005477905273,5082900,0.0,0.0
29.99435141067632,30.288695112469256,29.85077125457513,30.224082946777344,3473100,0.0,0.0
30.417924118570994,30.5471484698144,29.994356020299026,30.037431716918945,3470700,0.0,0.0
29.700000765729804,29.735895796363696,29.333867071479624,29.592315673828125,4866900,0.0,0.0
29.38412081915947,29.64256942288948,28.953374972019663,29.534881591796875,7023600,0.0,0.0
29.72153973490445,29.786151884969623,29.254896124587617,29.269254684448242,4266900,0.0,0.0
29.520528138931834,30.116396160465648,29.118499342345913,30.04460334777832,3749400,0.0,0.0
29.901011633535973,30.12356242024171,29.556411743164066,29.556411743164062,2438300,0.0,0.0
29.39131445971167,29.94410699384452,29.290807224163288,29.62104606628418,4565300,0.0,0.0
30.102048576040865,30.784065482912894,30.02307782259233,30.71227264404297,3418400,0.0,0.0
30.84866301862241,31.832201165817608,30.776870213846735,31.77476692199707,7148600,0.0,0.0
32.13373403467348,32.38500483186217,31.947078153822158,32.306034088134766,4251400,0.0,0.0
32.20552686470587,32.406541311563664,32.06194394325754,32.306034088134766,3421400,0.0,0.0
32.248581919667714,32.830091196301595,32.248581919667714,32.50703048706055,4263200,0.0,0.0
32.758310168326425,33.016758806911355,32.21987641747971,32.42089080810547,3077600,0.0,0.0
32.44960869664399,32.894713174352184,32.36346006129112,32.830101013183594,3084000,0.0,0.0
33.09572801568829,33.54083523801016,33.088550103735386,33.447505950927734,3693700,0.0,0.0
33.44034178747864,33.75622207697575,33.15317589621442,33.576744079589844,4216100,0.0,0.0
33.69159561594015,33.7921028137207,33.31110329902357,33.7921028137207,4234700,0.0,0.0
33.670055429655804,33.74184549483694,33.39006760277231,33.655696868896484,4145200,0.0,0.0
33.67006497099892,33.90697444412387,33.160345504754176,33.19624328613281,21470600,0.0,0.0
33.3757191850469,33.90697235792312,33.21059706899007,33.80646514892578,5613100,0.0,0.0
33.827996401673076,34.22284726402353,33.72031129664057,33.92132568359375,4126400,0.0,0.0
33.80646192567835,33.97876193797174,33.16034030284787,33.4044303894043,4205900,0.0,0.0
33.16033338791794,33.2751991259553,32.67933396570375,32.72958755493164,3007400,0.0,0.0
33.39725433009562,33.96440525952928,33.318283600856,33.799285888671875,4243500,0.0,0.0
33.9141596371588,34.05056191336758,33.64853026019182,33.69878387451172,2904700,0.0,0.0
33.74938542441972,34.13988681166423,33.3588867957716,34.04587936401367,2550300,0.34,0.0
33.94464682055218,34.060350665261204,33.713239131134145,33.85063934326172,2939700,0.0,0.0
33.97357197715466,34.44362037732236,33.66985043262573,34.002498626708984,3379300,0.0,0.0
34.15436611077013,34.53763463759234,34.04589529152115,34.17605972290039,4603900,0.0,0.0
34.14712714817294,34.31345123563023,33.56137494213878,33.84340286254883,2567900,0.0,0.0
34.270068787054655,34.84858807881992,34.11820799020332,34.783504486083984,3276600,0.0,0.0
34.77627791982308,34.957065390240416,34.65334100546839,34.928138732910156,2543900,0.0,0.0
35.14508458861039,35.21740123490509,34.81243629144875,34.9209098815918,3393800,0.0,0.0
34.88475065126682,35.13785200021408,34.74012012675504,35.02214813232422,2223500,0.0,0.0
35.08723403017262,35.13062401794944,34.74012240375204,34.9209098815918,1390700,0.0,0.0
34.80520020552133,35.06553457159922,34.28453147336555,34.90644073486328,2398800,0.0,0.0
35.01492446334445,35.49220614959434,35.01492446334445,35.26079559326172,3759800,0.0,0.0
35.26800733593373,35.53557192321112,35.116146577635504,35.427101135253906,2871800,0.0,0.0
35.730828702775675,35.79591229001049,35.18846639535127,35.40541076660156,6595900,0.0,0.0
35.463250787215905,35.824825523402204,35.36201030245915,35.564491271972656,4380500,0.0,0.0
33.44567160708815,34.34960867754999,32.95392962006915,33.611995697021484,10465000,0.0,0.0
33.59030629691065,34.089278629201644,33.32274166295148,33.66985321044922,5693300,0.0,0.0
33.8578701354009,34.147131130818366,33.58307246561404,34.016963958740234,4030300,0.0,0.0
34.07480568991418,34.13265897747402,33.33719282510569,33.763851165771484,4823800,0.0,0.0
34.02419948129132,34.53763520654854,33.843412020967136,33.94465255737305,3199800,0.0,0.0
33.7060040266122,33.72769763233057,33.35165950116328,33.373355865478516,5117100,0.0,0.0
33.0841000324971,33.489064872984436,32.953932860861784,33.445674896240234,2958200,0.0,0.0
33.64092656814171,33.713240439417106,33.04071095388597,33.207035064697266,3064400,0.0,0.0
33.07687539675052,33.34444006919882,32.95393848761628,33.033485412597656,3139700,0.0,0.0
33.308275442041186,33.691543891855055,33.21426521070297,33.431209564208984,3528400,0.0,0.0
33.7638560858186,33.77831940981615,33.51798509505428,33.61922836303711,3448800,0.0,0.0
33.74938714639428,33.77108350807912,33.00454401533252,33.48905563354492,3206800,0.0,0.0
33.87956124746616,34.711184479048875,33.85786763991782,34.63163757324219,3797700,0.0,0.0
34.71118892658711,35.116153790492376,34.46531789467989,34.97152328491211,3602300,0.0,0.0
34.769029987574086,35.18845527158977,34.559315966268,35.14506530761719,3697300,0.0,0.0
35.253554611396645,35.275248223790854,34.66780224937365,34.80520248413086,3862400,0.0,0.0
34.85581491105216,34.89920212608031,34.42192345059101,34.776268005371094,2800000,0.0,0.0
34.50146301569974,34.70394675760643,34.38575920258013,34.66055679321289,3293700,0.0,0.0
34.34236722957459,34.58100510412149,34.12542019631872,34.291744232177734,2667300,0.0,0.0
34.291753538340956,34.94258929754142,34.147125821715846,34.711181640625,3456300,0.0,0.0
34.47978542912359,34.631646237147606,33.84341278206387,33.99527359008789,3875500,0.0,0.0
33.988037949035736,34.11097208132042,33.72047331631229,33.89402770996094,2662000,0.0,0.0
34.31346139524479,34.71119326636905,34.11821060208973,34.16883087158203,3278600,0.0,0.0
34.161589347484984,34.2628298531611,33.97356890100344,34.19774627685547,2246300,0.0,0.0
33.980815577764666,34.3496208190918,33.908498931407784,34.3496208190918,2455300,0.0,0.0
33.98801762764954,34.00248094490556,33.474582278741636,33.705989837646484,2656300,0.0,0.0
33.98803964143768,34.44362477499616,33.94464966156628,34.42192840576172,1734500,0.0,0.0
34.01695530990302,34.22666934033086,33.843398205060105,34.08203887939453,674500,0.0,0.0
33.87956341910506,34.414695427907766,33.56860881752734,34.27729797363281,3559700,0.0,0.0
33.9880374844655,34.84135439093348,33.92295389808753,34.44362258911133,5970200,0.0,0.0
35.079994095149225,35.21016127431172,34.81242945291407,34.97152328491211,4519400,0.0,0.0
35.13060818351863,35.369246112234805,35.02213464226789,35.15230178833008,4141000,0.0,0.0
34.98597170972598,36.569668036861344,34.59547033856506,36.45396423339844,7278500,0.0,0.0
36.25873460712598,36.482912063424955,35.25355671349132,36.32381820678711,8850800,0.0,0.0
36.707078721052916,36.9746461047191,36.511830723433214,36.584144592285156,6332300,0.0,0.0
36.52628309463121,36.989101130668175,36.41057927527113,36.562442779541016,3886000,0.0,0.0
36.83722951399492,36.85169283305436,36.32379410106713,36.504581451416016,3280600,0.0,0.0
36.88785917368039,36.95294274677414,36.540747703379274,36.92401885986328,2225400,0.0,0.0
37.03972462384312,37.126501806315545,36.830010570820924,37.018028259277344,2589400,0.0,0.0
37.08312140504612,37.30729883942865,36.902333952395004,37.17713165283203,3257800,0.0,0.0
36.952954477447896,37.17713191340165,36.73601008446554,36.808326721191406,2880700,0.0,0.0
36.83725047070718,37.36514950301618,36.69985299937118,37.35068893432617,2264800,0.0,0.0
37.365145159657644,37.748416391733834,37.328988224940304,37.58209228515625,4964200,0.0,0.0
38.81143326260757,38.97052703913675,37.90026608475066,38.117210388183594,4125200,0.0,0.0
38.37031793571307,38.50771536363402,38.167834176265075,38.37754821777344,2517600,0.0,0.0
38.45709895767577,38.78251685485671,38.363088729913045,38.77528381347656,2328800,0.0,0.0
38.78252858808716,38.86930580072324,38.543887805090634,38.65959167480469,1718900,0.0,0.0
38.6161820030202,38.82589324845107,38.50047820055631,38.71742248535156,1563000,0.0,0.0
38.76804689463348,38.90544431277019,38.55110258651363,38.85482406616211,1342400,0.0,0.0
39.04405394256355,39.189602710754166,38.883946966156124,38.98583221435547,1649000,0.34,0.0
38.92761301527573,39.14593894234094,38.89122304729421,39.00766372680664,1348400,0.0,0.0
38.97127935067114,39.00766654511686,38.76022973625499,38.862117767333984,1521400,0.0,0.0
39.102262540534426,39.66263403341223,39.09498621451755,39.58258056640625,3156300,0.0,0.0
39.64080181953682,39.64807814546933,38.91304707506896,39.34242248535156,3465200,0.0,0.0
39.26237374270758,39.76452357738215,39.16048851041109,39.53892135620117,2783700,0.0,0.0
39.589850485825394,39.74267828220841,39.20413866845815,39.48068618774414,1967000,0.0,0.0
39.597138819380135,39.69174772133314,39.05132271576279,39.29875946044922,2297000,0.0,0.0
39.306039114930314,39.589865844820224,39.00765973073636,39.568031311035156,2127500,0.0,0.0
39.72813857377259,39.79363662329958,39.42975918729732,39.63352966308594,2410900,0.0,0.0
40.033775534609646,40.44859817141002,39.939169444403426,40.346710205078125,3274700,0.0,0.0
40.42678106613528,40.645106964303125,40.20845516796743,40.57960891723633,2643500,0.0,0.0
40.47772194380476,40.76882497962921,40.39766847014482,40.72515869140625,2504200,0.0,0.0
40.594166347950924,41.01626551122106,40.594166347950924,40.86343765258789,2147600,0.0,0.0
40.74698885741292,40.827039546330845,39.91734612706176,40.03378677368164,4601900,0.0,0.0
40.02651225173429,40.06289943491213,39.37881095221067,39.46614074707031,3945800,0.0,0.0
39.80091621739537,40.02652124565382,39.42976242372088,39.81547164916992,7141700,0.0,0.0
40.00468313921167,40.3903923034668,39.72813553169977,40.3903923034668,3525600,0.0,0.0
40.25940466429017,40.419511645848125,39.55348145596456,39.96102523803711,3383600,0.0,0.0
40.339447021484375,40.54321746819808,40.1720637579461,40.339447021484375,2800500,0.0,0.0
40.390395759828486,40.390395759828486,40.02651832055075,40.23756790161133,2547100,0.0,0.0
40.35401152016939,40.754276177392974,39.62625658843023,39.81547164916992,3124700,0.0,0.0
39.437034668533975,39.953742726458216,38.66561629750233,38.927608489990234,6107900,0.0,0.0
39.38609155573074,39.38609155573074,38.60011776430849,38.97127151489258,5494300,0.0,0.0
38.77477972199031,39.18959978795846,38.73839253265645,38.95671844482422,2670700,0.0,0.0
38.84755415823557,39.07315638201643,38.66561544813389,38.818443298339844,3189400,0.0,0.0
38.94214657399388,39.53890788703105,38.82570595158348,39.48068618774414,2913900,0.0,0.0
39.69901999378109,40.42677472428547,39.597134775696716,40.19389343261719,3814400,0.0,0.0
40.121121976682794,40.40494589795543,39.91007242326729,40.22300720214844,2556500,0.0,0.0
40.02652620342937,40.04835796571295,39.72087042679879,39.99013900756836,1838100,0.0,0.0
39.859139486533074,40.67422426428817,39.779085996758354,40.54322814941406,2436400,0.0,0.0
40.34672982287595,40.73971812703495,40.26667911750837,40.61600112915039,1776500,0.0,0.0
40.6742236004004,40.6742236004004,40.23757174205702,40.550506591796875,1541900,0.0,0.0
40.223024652151175,40.36857622717441,39.48799044755824,39.60443115234375,3512800,0.0,0.0
39.822750389298825,40.033797207689744,39.36426400916599,39.888248443603516,2628500,0.0,0.0
39.81546584433689,40.09928978214914,39.64080624083598,39.98284912109375,1424300,0.0,0.0
39.89552125951576,40.40495021746895,39.85913407169721,39.95374298095703,2663200,0.0,0.0
39.575308998642264,39.96829450257694,38.70200263492135,38.818443298339844,3257500,0.0,0.0
38.840280594367606,38.94216584236856,38.14891284214928,38.585567474365234,3171100,0.0,0.0
38.505512226724846,39.007662115853336,38.228964583242,38.731117248535156,2083900,0.0,0.0
38.85484159950268,39.11683386117793,38.709290034553625,38.97856140136719,2818900,0.0,0.0
39.240540159855044,39.58258582755694,39.16776578535714,39.37153625488281,2325300,0.0,0.0
40.10656908091184,40.24484149903899,38.803887270380194,38.91305160522461,2605300,0.0,0.0
38.77478783551771,39.93919757100331,38.77478783551771,39.31332778930664,2546600,0.0,0.0
39.6408096658634,40.15023586689325,39.62625423495332,40.05562973022461,2227700,0.0,0.0
40.09928856634763,40.266674614193725,39.4806980937772,39.94646072387695,2460800,0.0,0.0
39.90280096581313,40.375839966932126,39.63352966432459,39.859134674072266,2560500,0.0,0.0
39.91735843971887,40.75427775406288,39.8955266792948,40.54322814941406,3201000,0.0,0.0
40.54321061905039,40.703317529371645,40.13566979447069,40.64509582519531,2538200,0.0,0.0
40.07744801415662,40.10655886618948,39.4370231502519,39.57529830932617,2908700,0.0,0.0
39.26965683663821,39.98285636177974,39.26965683663821,39.742698669433594,2039900,0.0,0.0
39.48069939343788,39.691748959700675,39.298760686555674,39.560752868652344,2095400,0.0,0.0
38.42545710947408,39.53164486023418,38.207131200702975,39.27693176269531,3978500,0.0,0.0
39.102271897770045,39.34243235625877,38.214409998384674,38.61467742919922,3723900,0.0,0.0
39.32059174880039,39.43703240810265,38.81844192609017,39.1168212890625,2603200,0.0,0.0
39.74269033557761,39.837299237530615,39.05132271576279,39.29875946044922,3522300,0.0,0.0
39.85185737667648,40.1647922079227,39.76452756540172,40.026519775390625,2609800,0.0,0.0
40.09928556971686,40.14295185408712,39.61169122032058,39.83001708984375,1950900,0.0,0.0
39.69176316114062,39.88097826248566,39.43704721467131,39.78636932373047,2524500,0.0,0.0
39.9319108604136,40.062906965408054,39.633531460407276,40.026519775390625,2112100,0.0,0.0
40.09202189777664,40.21573891162779,39.97558121220177,40.00469207763672,3369100,0.0,0.0
40.09928570211831,40.12839655846126,39.42247356104691,39.4952507019043,3355400,0.0,0.0
39.561180722185455,39.84679412841797,39.26092011644516,39.84679412841797,2301600,0.34,0.0
39.61242673509983,39.67101271315441,39.15837492892784,39.21696090698242,3890400,0.0,0.0
39.2169652395098,39.6636948954027,39.0778210818,39.34146499633789,3396100,0.0,0.0
39.685667482796156,39.78819785288277,39.32682096532727,39.656375885009766,3129400,0.0,0.0
39.7588947427121,40.11041898206546,39.59777841871694,40.09577178955078,2351600,0.0,0.0
39.978609626283244,40.374075567652724,39.77355445386968,39.90537643432617,2053300,0.0,0.0
40.11775131268352,40.234926088725544,39.70764099336996,39.87607955932617,1867000,0.0,0.0
39.89073561039975,40.04452701428062,39.583150008970364,39.7882080078125,1845200,0.0,0.0
40.02987981481564,40.07382141321059,39.38541700669453,39.7882080078125,2729400,0.0,0.0
39.66368996741393,39.993244819640964,39.649042774685356,39.78086471557617,2096500,0.0,0.0
39.429353205971566,39.56117518943821,38.81418488101632,39.25358963012695,2585700,0.0,0.0
39.47327727112965,39.50989385168556,38.92402018179297,39.041194915771484,2313800,0.0,0.0
38.7995358035848,39.05585755620238,38.48462805763589,38.95332717895508,2006800,0.0,0.0
39.27554438372852,39.341455346195566,38.945989571393305,39.041194915771484,2765800,0.0,0.0
38.616453253744695,38.68236424777868,38.14775409335521,38.52124786376953,2442400,0.0,0.0
38.499261807837996,38.931344183204295,38.43335084231886,38.740936279296875,2293800,0.0,0.0
39.290208861939696,39.575822227074916,39.099798089404715,39.444000244140625,2455700,0.0,0.0
39.59044849292277,39.700298224845405,39.40736281271928,39.59777069091797,1566800,0.0,0.0
39.509916920742064,39.99326332982808,39.473300318806444,39.84679412841797,2808300,0.0,0.0
41.19429281505432,42.47589303596712,40.61574118770508,42.278160095214844,7000100,0.0,0.0
42.21223776370009,42.38800126165993,41.6776278648352,42.23420715332031,4068200,0.0,0.0
42.263511006815705,42.80544601944956,42.25618880652335,42.72488784790039,4288400,0.0,0.0
42.84206454473016,43.05444468047465,42.527156838258456,42.776153564453125,2567400,0.0,0.0
42.893325813291845,43.02514776611113,42.395332390122675,42.497859954833984,2496800,0.0,0.0
42.44660866952879,42.7541942478881,42.17564248391918,42.70293045043945,6313100,0.0,0.0
42.65899361137255,42.84940162402925,42.13903058289875,42.30014419555664,3035400,0.0,0.0
42.11704678134221,42.53448488213688,41.83143344421978,42.03649139404297,2697200,0.0,0.0
42.66630214883048,42.937271071528365,42.27816125100224,42.58574676513672,3571100,0.0,0.0
42.58573804880715,42.91529009795157,42.26350540531835,42.48320770263672,2547000,0.0,0.0
42.73953817034347,42.92262392138595,42.439277650380475,42.68827438354492,3193300,0.0,0.0
42.688247632233164,42.849361092492614,42.08040197872879,42.541778564453125,3052800,0.0,0.0
42.50518730877244,42.798122825117474,41.999868863685435,42.717567443847656,2385500,0.0,0.0
42.541801398606296,42.915295067934885,42.366037864196805,42.439273834228516,3478800,0.0,0.0
42.31478176695495,42.82010027411341,42.00719901796034,42.04381561279297,3247800,0.0,0.0
41.96324659354967,42.03648255797338,41.157670540553546,41.72889709472656,3701500,0.0,0.0
41.86072227235524,42.36603789443495,41.61172556140293,42.29280471801758,2503300,0.0,0.0
42.47588522479451,42.73220410437418,41.941275280481015,42.219566345214844,2833900,0.0,0.0
42.09508835663811,42.285499160129746,41.721594540047136,41.80947494506836,3301000,0.0,0.0
41.40667724609375,41.54582142164998,41.106416703507186,41.40667724609375,3048800,0.0,0.0
41.59708091087628,41.736227865710795,41.208940023531106,41.384700775146484,2202600,0.0,0.0
41.17232141360678,41.87536997291775,41.121057630761186,41.77284240722656,3043800,0.0,0.0
41.61174058968972,41.91932618779527,41.39203818742438,41.73624038696289,2333600,0.0,0.0
41.93395595602701,42.02916132145453,41.62637325895345,41.77284240722656,2768400,0.0,0.0
42.18296044260324,42.30013522407897,41.560469939826014,41.9779052734375,3934000,0.0,0.0
41.750879340042864,41.97058450728287,41.201622009277344,41.201622009277344,4885300,0.0,0.0
41.35541277085644,41.58976232247557,41.13570762175486,41.370059967041016,2633400,0.0,0.0
40.828122980584496,41.39202743591511,40.813475785082375,41.06979751586914,3466800,0.0,0.0
40.952615572123015,41.14302629961997,40.667002274544174,40.84276580810547,2386300,0.0,0.0
41.00387839828734,41.150344736917674,40.77685110354419,40.79882049560547,3159400,0.0,0.0
40.696301152814016,40.92332849336684,40.278865857421366,40.38139343261719,4249600,0.0,0.0
40.38138958623098,40.83544143042063,40.286184221046064,40.52785873413086,2259300,0.0,0.0
40.36675648768971,40.5351950888081,39.89073508287711,40.01523208618164,2864400,0.0,0.0
40.11775268916716,40.359427244483655,39.85410873560995,39.94931411743164,2059500,0.0,0.0
40.34476361871085,41.011195432746334,40.27153045861877,40.681640625,2586700,0.0,0.0
40.249562448323886,40.43264816120055,39.5904555581677,39.76621627807617,3974100,0.0,0.0
39.86144068433453,40.161701285226904,39.56118008344216,40.01523208618164,2421600,0.0,0.0
40.337448836961535,40.476592984187135,40.110421529067295,40.227596282958984,2988400,0.0,0.0
40.161684721761596,40.34477044664314,39.751571692307024,40.00056838989258,3625100,0.0,0.0
40.22760575234544,40.76953806903784,39.92002020493402,40.67433547973633,2786100,0.0,0.0
41.011202508342414,41.435962732424436,40.56447289117562,40.60108947753906,3356600,0.0,0.0
40.01522307529253,40.256897618345505,39.57581837077236,40.19098663330078,4160400,0.0,0.0
40.22026876628545,40.38138509040423,39.74424758069156,39.802833557128906,2311000,0.0,0.0
39.83945290470968,40.32279908302885,39.67833658071452,40.09577178955078,1792600,0.0,0.0
40.2578792244606,40.707400191296415,40.117862838062436,40.523170471191406,2631600,0.34,0.0
40.648457844240625,40.73688734999779,40.331582403227216,40.6631965637207,2648700,0.0,0.0
40.840053128777036,41.746466050203125,40.77373311177443,41.62855911254883,3313600,0.0,0.0
41.48118154429085,42.52760543628857,41.40011998426666,42.453914642333984,3097000,0.0,0.0
42.476020042257275,42.63077239158708,42.16651534359768,42.48339080810547,2996300,0.0,0.0
42.446544116436684,42.947649389309255,42.417069485362234,42.829742431640625,2496300,0.0,0.0
43.17609404668207,43.677199304432186,43.087664533880144,43.49296951293945,3128000,0.0,0.0
42.85185364207523,43.441388454125644,42.748682590233145,43.41191101074219,2948900,0.0,0.0
42.778167198110864,42.932919585106355,42.68973766427404,42.84449005126953,3448200,0.0,0.0
42.748685247566485,42.85185630582186,42.39496433834832,42.44654846191406,3195300,0.0,0.0
42.733945479794656,42.991866074348735,42.468654119039805,42.534976959228516,2308600,0.0,0.0
42.57919941313531,42.79290670065874,41.75385052302237,41.87175750732422,2587500,0.0,0.0
41.9970336790606,42.07072448730469,41.63594197196662,42.07072448730469,2902400,0.0,0.0
41.90859633143119,41.90859633143119,41.23063198094537,41.51066207885742,2243100,0.0,0.0
41.672784924111724,41.79806266410446,41.21589575540807,41.724369049072266,2725100,0.0,0.0
41.94543889421876,41.94543889421876,41.41485898963099,41.694889068603516,1758000,0.0,0.0
42.01914598711331,42.44655779219758,41.6875316833521,41.97492980957031,3304100,0.0,0.0
41.93071186072307,41.9896639465466,41.46645188619437,41.982295989990234,1947500,0.0,0.0
41.68014554895426,42.446539280931034,41.54749988529758,42.011756896972656,3171700,0.0,0.0
38.658791633285375,39.84523233498691,38.09873411772025,38.57036209106445,12866100,0.0,0.0
38.3124366397513,38.319804596048236,37.21442561731608,37.376548767089844,7590500,0.0,0.0
37.42813098193714,37.8481747475009,36.676472977474624,36.69121170043945,7165100,0.0,0.0
36.27116240978442,37.05966569598638,36.14588468922857,36.69857406616211,7215800,0.0,0.0
37.22178856549507,37.73026462641685,36.41117854794044,36.77227020263672,5047500,0.0,0.0
36.06482727729782,36.595410039716015,35.622676849365234,35.622676849365234,6119600,0.0,0.0
35.62267830787064,36.35222963606581,35.092095523728716,36.01324462890625,7930300,0.0,0.0
35.53426044959305,35.53426044959305,34.252019237230286,34.26675796508789,6749900,0.0,0.0
34.84890980879848,35.22473736569569,33.51508503843547,34.1414680480957,9731700,0.0,0.0
33.16874752021622,33.43403900648944,31.54015599863614,31.613849639892578,8200500,0.0,0.0
31.783333802699982,32.7855446142048,30.722168091165774,32.70448303222656,11071900,0.0,0.0
32.004399248266076,32.63815017375626,31.112727741994313,31.186418533325195,10189900,0.0,0.0
31.36328021856107,33.56666691565721,31.333802777719857,33.03608703613281,6940500,0.0,0.0
33.15399703793561,33.478240483642956,32.756059983346766,33.22768783569336,5034900,0.0,0.0
33.16872939292575,33.88354186126831,33.01397704754956,33.37506866455078,5269100,0.0,0.0
32.76344387167199,33.3382430559799,32.652907621281116,32.99188995361328,4400000,0.0,0.0
33.22768895836521,33.50771905932885,32.291801177377245,32.4612922668457,4732100,0.0,0.0
31.38539620964663,31.51804192168136,30.272649193271207,30.5231990814209,8271600,0.0,0.0
30.206325459779233,31.08325847620175,30.08104770821931,30.478984832763672,7705700,0.0,0.0
31.21590314741684,31.44434633971069,30.876920931602378,30.98008918762207,6677800,0.0,0.0
31.0758828179008,32.313907358677916,30.80322348782602,32.299171447753906,5919100,0.0,0.0
32.31390504627758,33.05819499524874,31.960184175814263,32.96239471435547,4863500,0.0,0.0
33.161369312603284,33.271908334761605,32.02651288812441,32.107574462890625,6498800,0.0,0.0
31.93072060925958,33.23506554119482,31.348553578362207,33.006622314453125,4798300,0.0,0.0
33.46351110978647,34.3183375337385,33.45614315240198,34.22990798950195,2708400,0.0,0.0
34.18567607226154,34.4214899557367,33.69194163221144,34.20778274536133,3931800,0.0,0.0
34.4804409943303,34.83416178017224,34.00144251557937,34.29621124267578,3761200,0.0,0.0
34.473083198442865,34.546776813501175,33.22769062075908,33.31612014770508,5124500,0.0,0.0
32.71920875055968,32.86659031979672,32.055980444500044,32.18125534057617,3966600,0.0,0.0
31.171696156168615,32.12232304281799,31.083266597983197,31.982309341430664,4540500,0.0,0.0
32.51287579640856,33.190842953044275,32.34338471003058,33.1613655090332,3549000,0.0,0.0
32.8002808372775,33.08031099280809,32.35813032738658,32.53499221801758,3272300,0.0,0.0
32.12231115906745,32.18126323900656,31.142207178573848,31.32643699645996,4226000,0.0,0.0
30.9432467530946,31.296967726733136,30.390557204698553,31.215906143188477,4648800,0.0,0.0
31.333804536067824,32.16652401425884,31.149574737157117,31.989662170410156,4310800,0.0,0.0
32.232848282602966,33.40454996804006,31.687526816768763,33.013980865478516,5174000,0.0,0.0
33.41191786288444,33.61825434687408,32.96239668465805,33.603515625,3622700,0.0,0.0
33.854058249516065,34.111981589248856,33.198200781517045,33.448753356933594,4960800,0.0,0.0
32.84448321808959,33.411911247842916,32.48339444259771,33.2424201965332,3652100,0.0,0.0
33.397179438874204,33.86143934311533,33.08030394356465,33.1613655090332,3629500,0.0,0.0
33.0803207940367,33.441412639296026,32.14443255339031,32.166542053222656,4734100,0.0,0.0
31.201157376233784,31.333803050048605,30.626361330451896,31.009559631347656,7108300,0.0,0.0
30.5821455400904,31.94544487947634,30.5821455400904,31.43697166442871,4468900,0.0,0.0
31.70963850598444,32.512880704231016,31.127474360068867,32.48340606689453,3702300,0.0,0.0
33.411927143801016,33.942510034154346,32.925560431351975,33.13189697265625,3067300,0.0,0.0
33.25074454776418,33.481034468659836,31.846725574188895,31.913583755493164,3678800,0.36,0.0
32.582169426658986,32.82731423125986,31.5644417319066,32.09187698364258,3867200,0.0,0.0
31.66843945570133,31.943299612386397,30.895856645425837,30.903284072875977,4178400,0.0,0.0
30.56899933468003,30.97757590061782,29.811274130340923,29.82613182067871,4906100,0.0,0.0
29.254118288517976,31.11128674300312,29.060971182315583,31.088998794555664,5000000,0.0,0.0
31.23014643271471,31.943298462458834,30.90328296038796,31.831867218017578,4469800,0.0,0.0
31.861585455053987,32.574737548828125,31.5198670976807,32.574737548828125,5065200,0.0,0.0
32.894179327584524,32.894179327584524,31.675876809350317,32.05474090576172,4907800,0.0,0.0
32.715883323786215,33.421607971191406,32.57473669401651,33.421607971191406,2329000,0.0,0.0
33.2581821849814,33.414183698018235,32.84960557920233,33.235897064208984,3291900,0.0,0.0
33.458750197165,34.617621590597444,33.458750197165,34.18675994873047,3185600,0.0,0.0
33.90447705953715,34.097624223891756,33.354756618437165,33.941619873046875,2389000,0.0,0.0
34.50619293749841,34.90734203268807,34.36504631114591,34.83305358886719,2722600,0.0,0.0
34.70675827981647,34.75875875979181,33.592457422378665,33.74845886230469,2602400,0.0,0.0
33.80047430326371,35.107919974489434,33.429040519711364,34.78105926513672,3803000,0.0,0.0
34.70674844518047,34.98903587539554,34.16445585495113,34.327884674072266,2211300,0.0,0.0
34.48390455209912,34.78848291719801,33.90446886668323,34.56562042236328,2705900,0.0,0.0
35.06333891010811,35.19705525761412,34.699332667716405,35.18219757080078,3254100,0.0,0.0
35.286217181482066,36.08851569026089,35.18221615267344,35.82851028442383,3174600,0.0,0.0
35.598206151605524,35.598206151605524,33.76332551277634,33.91189956665039,5355000,0.0,0.0
34.41704752251998,34.63990717265087,33.55531863006924,34.37990188598633,4752900,0.0,0.0
35.58334478314056,36.8982174096311,35.54619915111075,36.53421401977539,5438200,0.0,0.0
36.355938915233764,36.84623141237092,36.08107869979103,36.49708557128906,3803200,0.0,0.0
35.84335804584587,36.61594095119828,35.41992378371929,36.125648498535156,6078300,0.0,0.0
34.83305267563082,35.59820520713211,34.38733335964866,34.65476608276367,4627100,0.0,0.0
35.226778729249254,35.82107505095287,35.137635414519664,35.55364227294922,3392000,0.0,0.0
36.03648764555104,36.86107071431054,35.650199184368546,36.78678512573242,4094900,0.0,0.0
36.35592552470384,36.75707455656078,36.18506638161232,36.57135772705078,2630200,0.0,0.0
36.70507767286481,37.08393879536464,36.073641524093695,36.935367584228516,2871900,0.0,0.0
36.81651515476388,36.890800772922006,35.89535818700381,36.385650634765625,4518400,0.0,0.0
35.263916808535974,35.27877449677221,34.16447338338327,34.275901794433594,6247700,0.0,0.0
34.78847916879239,34.877622456832626,34.060466676052684,34.31304168701172,5612100,0.0,0.0
34.89992052427959,35.048494615369286,34.65477568272441,34.86277770996094,3551700,0.0,0.0
34.721620879743604,34.937050255645524,34.19418291219526,34.42447280883789,3247200,0.0,0.0
34.350189208984375,34.677049838969715,34.253615655242314,34.350189208984375,8102200,0.0,0.0
34.08276488087947,34.40219816245796,33.689043142064776,33.75590133666992,4207200,0.0,0.0
33.55531936529052,33.65932318252366,32.68616586059199,32.96845626831055,3618800,0.0,0.0
33.362171521545754,33.62217395230907,32.961022485098965,33.384456634521484,3535100,0.0,0.0
32.90903550046276,32.998178822752244,32.15874043971392,32.530174255371094,3092300,0.0,0.0
32.537599298419295,32.93874847002342,32.17359577270863,32.72331619262695,2717100,0.0,0.0
32.41132367527924,32.50789445121961,31.571882247924805,31.571882247924805,2710300,0.0,0.0
31.594161950374673,32.025026570826434,31.50501862103875,31.63130760192871,1302300,0.0,0.0
32.57474249394379,32.84960554095335,32.195881272179044,32.463314056396484,3003400,0.0,0.0
32.500457385637326,32.80503298721299,32.08445051092777,32.23302459716797,4092500,0.0,0.0
33.377040123117354,33.87476003443297,33.369609860486285,33.75590133666992,6398100,0.0,0.0
33.63703570573493,33.919326117417846,33.46617654003099,33.5181770324707,2838100,0.0,0.0
33.845047724270835,34.53591479546265,33.82275977003519,34.134765625,5096000,0.0,0.0
34.810771380793035,35.1004892513622,34.57305400833554,34.93705749511719,4440100,0.0,0.0
34.85533368442162,35.30848320810547,34.699332225590325,35.055908203125,3059500,0.0,0.0
34.892474910311954,35.45705276163822,34.31303654042487,35.29362106323242,8082500,0.0,0.0
34.98905793251569,35.06334638241389,34.320478886319584,34.40962219238281,4231900,0.0,0.0
34.54333760668991,35.09306078537369,34.379905855278466,35.01134490966797,3034100,0.0,0.0
34.64734882708752,34.81078062674098,34.209056773865825,34.73649215698242,2926100,0.0,0.0
35.03362198563305,35.15991090104891,34.268469568408634,34.491329193115234,3789300,0.0,0.0
34.23878268709611,34.298210647356306,33.78563280062013,34.0382080078125,4168000,0.0,0.0
34.51361833443698,34.66219237952333,33.91932498790576,33.986183166503906,2567200,0.0,0.0
34.26848673846499,34.981639028373095,34.023339044787974,34.171913146972656,5745900,0.0,0.0
34.33532470497119,34.3798949256855,33.793031960376084,33.88960266113281,3307800,0.0,0.0
34.60276637851164,35.15991695308679,34.461619752644744,35.085628509521484,2807000,0.0,0.0
35.15992479999349,35.561071149515556,34.313053357232484,34.691917419433594,4179500,0.0,0.0
34.90734044565704,35.15991547553621,34.73647844954428,34.89248275756836,2422000,0.0,0.0
35.07821971183921,35.50165414669388,34.96678840421814,35.44965362548828,1563500,0.0,0.0
35.37534500801012,35.65763541518164,35.24162864849805,35.56106185913086,1093900,0.0,0.0
35.53112386078511,35.591002086079385,34.640411346503534,34.73771667480469,1847700,0.36,0.0
34.83502988669133,35.17185390297105,34.73024082724602,35.11197280883789,1500100,0.0,0.0
34.94729474450386,35.276634977110525,34.924840766930515,34.96226501464844,1313000,0.0,0.0
35.83801029786244,36.27962331107238,35.82304002644835,35.95028305053711,2370000,0.0,0.0
35.92033981703807,36.23470690233489,35.83051820242165,36.13740158081055,1806600,0.0,0.0
35.77813047955267,36.309562284784384,35.4937010231845,36.227230072021484,1904900,0.0,0.0
36.15985205994671,36.17482232641964,35.60596362159396,35.770633697509766,6990800,0.0,0.0
35.90537367167096,35.96525189967205,35.59849025803647,35.838008880615234,1958600,0.0,0.0
36.41434412163769,36.61643559879987,36.08500394048261,36.436798095703125,3422700,0.0,0.0
36.2945965340501,36.83351207234652,36.27213969745907,36.71375274658203,2050000,0.0,0.0
36.93829203748398,37.170326923253015,36.60147097965025,37.050567626953125,2345300,0.0,0.0
36.736211944304294,37.06554939750212,36.376931088631366,36.95327377319336,2331000,0.0,0.0
37.769119646723674,38.839469500092086,37.754149379264874,38.143367767333984,5960200,0.0,0.0
38.18080835183475,38.42032987841745,37.716741283111844,37.94877624511719,5000300,0.0,0.0
37.94876375120104,38.38289012926221,37.933793482262814,38.337982177734375,3669700,0.0,0.0
38.315535004123625,38.71972380147107,38.17332169629585,38.525115966796875,3488300,0.0,0.0
38.54009111594361,38.72721526558246,38.39787493483381,38.584999084472656,2557700,0.0,0.0
38.345474799099904,38.921817438418685,38.263139728441864,38.869422912597656,1900600,0.0,0.0
38.876902048886144,39.67030926203012,38.510140411273476,39.535579681396484,2643500,0.0,0.0
40.25413414703278,40.37389345286064,39.468213524081996,39.677791595458984,2924000,0.0,0.0
39.51312777266268,39.775100384678986,39.3559442054529,39.4981575012207,2981000,0.0,0.0
39.221207043910205,40.04455182721487,39.01162613948118,39.820003509521484,4684200,0.0,0.0
39.78258973186104,40.358929518626724,38.817028570942504,39.69276809692383,5015000,0.0,0.0
40.4861736568061,41.504129299784985,40.07450117464807,41.09245681762695,5174900,0.0,0.0
41.16732547326218,41.16732547326218,40.80804733903928,41.1523551940918,3014000,0.0,0.0
41.556538677667405,41.66132776273236,41.13737948211915,41.616416931152344,2896700,0.0,0.0
41.24964613064456,41.80353198946983,41.204735308866375,41.6014404296875,3083500,0.0,0.0
41.541556541415964,41.87838054389037,41.22718937596492,41.75862121582031,2225000,0.0,0.0
41.75115086466498,42.09546156494694,41.57151323044621,41.91582107543945,2613600,0.0,0.0
42.065495239588024,42.18525454080297,41.63885255055436,42.170284271240234,2684700,0.0,0.0
41.82598398413581,41.84095425632816,41.28706560636093,41.69873809814453,2005700,0.0,0.0
41.81849873113105,41.908320367100494,41.38437224509563,41.878379821777344,2804600,0.0,0.0
41.79604715828125,41.945747038235886,41.586469039517375,41.89335250854492,2559800,0.0,0.0
41.2646071958554,42.043041279278654,41.2646071958554,41.496639251708984,1690700,0.0,0.0
41.59395032006314,42.31999283951423,41.556526066081524,42.23017120361328,2423200,0.0,0.0
42.34245104355349,42.59693999341061,42.050537835982524,42.058021545410156,2410000,0.0,0.0
42.267592333051276,42.61938369705366,42.20022754329981,42.334957122802734,2184900,0.0,0.0
42.39484201828042,42.44723654574122,41.99065321619345,42.080474853515625,1904000,0.0,0.0
42.11788975541413,42.357408357844015,41.91579539924761,42.170284271240234,3022400,0.0,0.0
42.20023325726166,42.23017094709257,41.76610391890681,41.85592269897461,2264200,0.0,0.0
41.54156569221163,42.46970283067075,41.39186578532619,42.1179084777832,2456400,0.0,0.0
42.050532323881015,42.319991512559774,41.81849738801042,41.92328643798828,2015800,0.0,0.0
41.91579266212241,42.1553112489116,41.563998488587835,41.68375778198242,3208000,0.0,0.0
41.818486948876945,42.10291633873446,41.49663331555345,41.82597351074219,2698500,0.0,0.0
41.8484407743394,41.855924483294274,41.4966464924195,41.54155731201172,2118900,0.0,0.0
41.57898088824608,41.71371048953452,41.3244919586221,41.436767578125,2153600,0.0,0.0
41.01760641281243,41.06251722938438,40.13438034057617,40.13438034057617,4456100,0.0,0.0
40.33647422988853,40.710722464131756,40.33647422988853,40.59844970703125,4799700,0.0,0.0
40.763136501528116,41.45175506692195,40.763136501528116,41.1523551940918,2421600,0.0,0.0
41.22718294703583,41.80352266048886,41.12239105293903,41.496639251708984,2127700,0.0,0.0
41.706222917970635,41.85591992305978,41.519098806321864,41.661312103271484,2078600,0.0,0.0
41.82599340842884,42.432273864746094,41.803536567436566,42.432273864746094,2738800,0.0,0.0
42.4921472307827,42.74663615848672,42.40232844903057,42.62687683105469,2584000,0.0,0.0
42.66428621564968,43.35290139455769,42.59692143899245,43.32296371459961,2803600,0.0,0.0
43.37536519215442,43.412789439579406,43.11338974960542,43.34542465209961,3272200,0.0,0.0
43.30051482720048,43.59243081644604,43.17327181200306,43.47267150878906,2188800,0.0,0.0
43.203219835231266,43.315492599505525,42.65681772095789,42.806514739990234,1827500,0.0,0.0
42.843939377971715,42.94124186367094,42.596934171302664,42.76160430908203,1720100,0.0,0.0
42.462206386847235,42.462206386847235,41.66131535490455,42.34993362426758,2456000,0.0,0.0
42.357416623049616,42.80651337641619,41.99813864929885,42.5969352722168,2009900,0.0,0.0
43.173269754355644,43.40530465107032,43.06848072206095,43.285545349121094,1880900,0.0,0.0
43.405308186674425,43.53255120617207,43.21818408368103,43.263092041015625,1741200,0.0,0.0
43.20284565805908,43.23297385473482,42.374337488574255,42.75846481323242,2313200,0.36,0.0
42.47977834408561,42.841308017982975,42.208630370366976,42.78105163574219,1999000,0.0,0.0
42.99948094410307,43.21037255633934,42.856376331968846,43.02207565307617,2038800,0.0,0.0
42.848838936793264,43.36100669678711,42.72079843338604,43.059730529785156,2879900,0.0,0.0
42.98442032907289,43.07480204546954,42.555103584710096,42.886505126953125,2376000,0.0,0.0
42.517451962605605,42.56264139185107,42.17851687734738,42.48732376098633,2275500,0.0,0.0
42.366806454215606,42.577698082480275,42.193573634829214,42.4119987487793,1819000,0.0,0.0
41.92996581145067,41.97515811634526,41.530777174357716,41.80945587158203,2072300,0.0,0.0
41.70399020634034,41.80190538380244,41.15416368751544,41.23701477050781,2847200,0.0,0.0
41.7265965485388,41.8922958761434,41.58348905761044,41.696468353271484,2744000,0.0,0.0
41.741666630768755,42.7358771732867,41.65881838597709,42.69821548461914,2089800,0.0,0.0
41.91490405541587,42.28396448460036,41.26716205933125,41.289756774902344,4757900,0.0,0.0
41.515694352303036,41.8847574928971,41.19935698023581,41.538291931152344,4100500,0.0,0.0
41.80190712289542,42.36679775969131,41.688927846263304,42.00526809692383,3184000,0.0,0.0
41.80192194032209,42.22370813298487,41.54583797927386,42.11825942993164,2135600,0.0,0.0
42.103186404287364,42.36680090509046,41.500634048424466,41.73412322998047,3159600,0.0,0.0
41.86216744748151,42.32914294673956,41.839569866116555,42.02033615112305,3765900,0.0,0.0
41.523239297258954,41.666343927952504,40.95081502811855,41.591026306152344,3514700,0.0,0.0
41.801908486032275,42.77352110256871,41.74918558806665,42.690670013427734,3290900,0.0,0.0
42.976879373738605,43.78278976118425,42.976879373738605,43.34593963623047,4123300,0.0,0.0
43.24803195496943,43.458926443278244,42.91663043503095,43.38360595703125,2032400,0.0,0.0
43.541767423626645,43.888232960305274,43.35347056153842,43.767723083496094,2106000,0.0,0.0
43.77525259664266,43.858103673594115,42.99947046370083,43.2178955078125,1887000,0.0,0.0
43.142578306698816,43.7526612051009,42.71326166925439,43.210365295410156,2023700,0.0,0.0
42.96181186792851,43.571891849822634,42.924153070914876,43.481510162353516,2225200,0.0,0.0
43.564361142176715,43.62461464262724,43.0898522559574,43.18023681640625,1989300,0.0,0.0
43.00701858994285,43.00701858994285,42.23123614103586,42.502384185791016,2280400,0.0,0.0
42.31408720831526,43.10493375591756,42.19357728556808,42.75093460083008,2496400,0.0,0.0
42.427054917153065,42.68313591893574,41.884758976478196,42.57769012451172,3053500,0.0,0.0
42.13331967269024,42.32915008724714,41.643749382664225,42.01280975341797,3306300,0.0,0.0
42.42704772949219,42.69066217089273,42.201089210369524,42.42704772949219,2879000,0.0,0.0
42.07305579209995,42.99194549607823,42.05046108566849,42.47224426269531,2144200,0.0,0.0
42.080596762582566,42.26889369101945,41.643749382664225,42.01280975341797,2613200,0.0,0.0
42.050463215171696,42.23876010678931,41.55335666304597,41.70399475097656,2448000,0.0,0.0
41.97513823526951,42.11824282321369,41.244545454687554,41.34246063232422,3464500,0.0,0.0
41.365057671349824,41.48557043412198,40.385914459285274,40.49889373779297,4416200,0.0,0.0
40.71731816021378,41.237016512047354,40.18255284009192,40.33319091796875,3740600,0.0,0.0
40.551609778322145,41.07130805058406,40.393441113700945,40.96586227416992,2466600,0.0,0.0
41.09391747460207,41.41778838021384,40.88302298778663,41.154170989990234,2080800,0.0,0.0
40.898087528118516,41.65127515432027,40.46877081103814,41.50063705444336,3235100,0.0,0.0
41.67387405294934,41.990211486816406,41.380128455980504,41.990211486816406,4060700,0.0,0.0
42.449657416167774,42.71327195061995,42.291488695496476,42.396934509277344,6119900,0.0,0.0
42.683137437770725,43.14258230683775,42.67560682640779,43.08232879638672,4422800,0.0,0.0
42.75847133305563,42.78106604741619,41.9525606247836,42.17851638793945,3761800,0.0,0.0
42.080582759932135,42.675601545359356,41.8244989075446,42.29147720336914,4782700,0.0,0.0
41.47051902504299,41.65128247813385,41.06379694581361,41.312347412109375,5064100,0.0,0.0
41.319872958658465,41.41778815295756,40.63447234493022,40.98093795776367,4681600,0.0,0.0
40.75497400567343,40.94327087106783,40.28799858398632,40.81522750854492,3980800,0.0,0.0
41.10144187057607,41.64373779296875,40.98093198484239,41.64373779296875,3491200,0.0,0.0
42.163444610899,42.547571924193626,42.03540408858939,42.073062896728516,5769400,0.0,0.0
41.9073717137044,42.36681676410002,41.696480034119645,42.18605041503906,2963700,0.0,0.0
42.64547904899179,42.66054314504656,41.365059616161695,41.44038009643555,3221000,0.0,0.0
41.48557664311231,41.91489336860393,41.184300437455846,41.78684997558594,3219400,0.0,0.0
41.59103286708826,41.62869168392898,40.815247448888464,41.06380081176758,5693900,0.0,0.0
41.071315824026584,41.17676162039812,40.37085117877855,40.732383728027344,4451000,0.0,0.0
40.965866271656125,41.07884554208555,40.657059522088836,41.033653259277344,4060400,0.0,0.0
40.860412988108486,41.124027406501035,40.672116154061904,40.99598693847656,2727600,0.0,0.0
41.10898616026116,42.02787320307019,41.071324476609234,41.741661071777344,2822700,0.0,0.0
41.73412645829675,41.82450816939457,41.033661732627316,41.372596740722656,2621700,0.0,0.0
41.47804739455135,41.65128022488493,40.00933077002201,40.06205368041992,4725300,0.0,0.0
40.280467946816515,40.53655181677641,39.89634357846785,40.4235725402832,3544300,0.0,0.0
39.97165896788376,40.001787156371726,39.165748601514856,39.361576080322266,2941800,0.0,0.0
39.37665905541558,39.497168993968984,38.713855829963634,39.082916259765625,2917200,0.0,0.0
39.325602105014674,39.659321708586376,39.01463795193967,39.1284065246582,2843500,0.36,0.0
38.51406993212438,38.749190350734004,38.187936371224666,38.63542175292969,3688500,0.0,0.0
39.76551661554575,40.114402770996094,39.59107353782058,40.114402770996094,2888000,0.0,0.0
39.78826426542696,40.27367153362078,39.22701319654869,39.484886169433594,4031800,0.0,0.0
39.355935418061875,39.98544975307992,39.264922308232556,39.83375930786133,2278000,0.0,0.0
39.666910558658486,40.17507325745335,39.42420693612391,39.977874755859375,2381800,0.0,0.0
39.50005550822159,39.56831319288428,39.15875261863046,39.484886169433594,2589400,0.0,0.0
39.37869664410093,39.68207760134804,39.21183972154473,39.666908264160156,3715200,0.0,0.0
39.84134165624025,40.03854009868517,38.61265457404289,38.8553581237793,4137000,0.0,0.0
39.09048739937643,39.09048739937643,38.07416496729594,38.142425537109375,4577900,0.0,0.0
37.82387428035803,38.142424562432346,37.21711528266304,37.95281219482422,3588200,0.0,0.0
37.99074112161366,38.56716155280299,37.96040244279957,38.49131774902344,2676700,0.0,0.0
38.34721624228984,38.453398732851895,37.94523595097591,38.26378631591797,3365500,0.0,0.0
38.3244607856262,38.47615129782762,37.831470237541446,38.30170822143555,3152300,0.0,0.0
38.21826765155627,40.235743090192194,38.172762535847795,40.00062561035156,4922100,0.0,0.0
40.038546671724575,40.70598009644348,39.985455442332274,40.6832275390625,4027800,0.0,0.0
40.25092578288461,40.55430682346831,40.19783453477086,40.41778564453125,3761200,0.0,0.0
39.93994573650394,40.880424276090785,39.56072103224801,40.63013458251953,4743700,0.0,0.0
40.94870117768346,40.95628440176225,38.809870330462545,39.65933609008789,4704100,0.0,0.0
40.137151898872915,40.56188472126649,39.66691395164636,39.97029495239258,3763200,0.0,0.0
40.53912868103938,40.9562753513371,39.97029152338192,40.62255859375,3482600,0.0,0.0
40.96386176808667,42.093952949122624,40.66048366296529,41.91950988769531,3966500,0.0,0.0
41.820901401933526,42.048435653885655,41.32032489033685,41.39617156982422,3145400,0.0,0.0
41.33548216011269,41.65402944120845,41.138286637518284,41.21413040161133,3027500,0.0,0.0
41.509939499437216,41.71472120527189,40.789411918149675,40.94868850708008,2697400,0.0,0.0
40.561875361047605,40.903178184812795,40.046129514747975,40.713565826416016,2335300,0.0,0.0
41.3885842908681,42.24563293880669,41.305154392406614,42.18495559692383,2663800,0.0,0.0
42.36698471577899,42.61727151782857,42.14703369140625,42.14703369140625,1695800,0.0,0.0
42.20013631003825,43.095107091320635,42.154631184612306,42.86757278442383,1922100,0.0,0.0
42.72345930379301,43.23161905124699,42.48075281574573,43.14060592651367,2467900,0.0,0.0
43.01925489865077,43.34538840247204,42.92065565736047,43.07992935180664,1894100,0.0,0.0
42.9206664170575,43.50467300301869,42.844822608285746,43.46675109863281,1704900,0.0,0.0
43.39847627989129,43.739776200682726,43.18610847712085,43.694271087646484,2025600,0.0,0.0
43.77770631477507,43.8990581197349,43.26196042038196,43.3833122253418,1511000,0.0,0.0
43.345387529189715,43.754948036191976,43.246788289885906,43.68668746948242,1241300,0.0,0.0
43.78529964260608,45.38562892898919,43.5729346582255,45.256690979003906,3969500,0.0,0.0
45.32492510331091,45.506954193115234,45.15806823868236,45.506954193115234,3798600,0.0,0.0
45.30978074131206,45.30978074131206,44.56649758127131,44.96089172363281,2837800,0.0,0.0
45.12774386361928,45.12774386361928,44.68784177837111,44.80919647216797,2610000,0.0,0.0
44.76368865836969,44.77127188013769,44.354125244774,44.566490173339844,2534300,0.0,0.0
44.475487289328996,44.90022013753922,44.308627439450724,44.65751647949219,2548000,0.0,0.0
44.58924360929058,45.61314920373423,44.543735600974514,45.26426315307617,4707700,0.0,0.0
45.438701295910946,45.84826464698188,45.37802685126417,45.58280563354492,2883800,0.0,0.0
45.46146968171935,45.620746302547175,44.90780180021463,45.00640106201172,2745800,0.0,0.0
45.120168339787625,45.24152016103304,44.77127932210837,44.96089172363281,1897700,0.0,0.0
44.6802601007571,44.86987247648485,44.483064503032544,44.687843322753906,1952300,0.0,0.0
44.98364086428272,45.362865614094815,44.82436427048766,44.96847152709961,2560300,0.0,0.0
44.892625035730504,45.11257608595595,44.1645142073172,44.687843322753906,2889100,0.0,0.0
44.634741672389005,44.77126278251283,44.118995899311145,44.331363677978516,2661100,0.0,0.0
44.79402739550192,45.40078640173311,44.71059748965979,45.287017822265625,4257300,0.0,0.0
45.4842301561682,46.341276247615625,45.44630535596196,45.96205139160156,3063900,0.0,0.0
45.77243384250442,46.310935276670605,45.62074623167467,45.802772521972656,2937100,0.0,0.0
45.81036074184942,46.257846158157186,45.635914773525236,45.74968338012695,3154200,0.0,0.0
45.817936698320665,46.42469575302897,45.817936698320665,46.32609939575195,2821500,0.0,0.0
46.40952606276324,46.925271978664725,45.96204072082682,46.54604721069336,2999500,0.0,0.0
46.68256739358203,47.092130828905724,46.04546968083028,46.3564338684082,4593700,0.0,0.0
46.28060280997125,46.462629124704684,46.01514366887217,46.401954650878906,3091500,0.0,0.0
46.28059612911714,46.546052338640074,46.068231161498794,46.515716552734375,3378900,0.0,0.0
46.500540351870896,46.88734832770911,46.22749806621791,46.417110443115234,4805900,0.0,0.0
46.14407023271176,46.530878225946005,45.99237974572084,46.32609939575195,3538100,0.0,0.0
46.4701933899382,46.54603716986945,45.878603805361195,46.121307373046875,8844000,0.0,0.0
45.999974085662764,46.219922293205826,45.68900983369922,45.97721862792969,2529500,0.0,0.0
46.098554262197794,46.18957027463656,45.271844288702496,45.317352294921875,2603000,0.0,0.0
45.3936869477155,45.44711799140245,44.6532811826628,44.77540969848633,3503000,0.38,0.0
44.966236538939704,45.248658191178365,44.36322570672797,45.15706253051758,2878400,0.0,0.0
44.98914645834636,45.63032207372353,44.752524030618915,45.393699645996094,2484700,0.0,0.0
45.447125918105215,45.958538257385456,45.31736270953736,45.47002410888672,2604600,0.0,0.0
45.531083292655325,45.67610999972798,44.69908184308361,44.88990783691406,2951400,0.0,0.0
45.065466715137205,45.73717210670826,45.02730209930737,45.691375732421875,2995200,0.0,0.0
45.935639273435996,46.2562255859375,45.72191506510166,46.2562255859375,2764900,0.0,0.0
46.561544505902056,46.70657121923928,46.111195024537956,46.30202102661133,2160200,0.0,0.0
46.05013181557644,46.172260339365195,45.85930581517065,46.09592819213867,1573100,0.0,0.0
45.6990139517859,45.92800459091307,45.0120420344044,45.08837127685547,2808400,0.0,0.0
44.89753637846536,45.02729955909447,44.42428876297183,44.4853515625,2512700,0.0,0.0
44.92044748625329,45.01204607955512,44.58459471280256,44.59986114501953,1504700,0.0,0.0
44.82884316336372,45.050202020178595,44.470089354855055,44.69144821166992,2130300,0.0,0.0
44.68382586503278,45.073109702314106,44.4319340966116,44.93571472167969,2324500,0.0,0.0
45.1036309095824,45.58451321751158,45.073098052494366,45.50054931640625,1743300,0.0,0.0
45.607406087643206,46.019590874959604,45.53107686559492,45.93562698364258,1889900,0.0,0.0
45.889833779429964,46.52337747105371,45.61504388483526,46.3707160949707,4004400,0.0,0.0
46.08829821032096,46.53864770511361,45.8364064824218,46.40125274658203,4595100,0.0,0.0
46.24858712139257,46.46994596894618,45.86693514082711,46.22568893432617,2870100,0.0,0.0
45.56924377040643,47.14164795322638,45.233388188232595,46.355445861816406,4570800,0.0,0.0
46.40887458303983,46.645499830312254,45.76769921757332,45.905094146728516,2410100,0.0,0.0
46.34781986619087,46.40888267214026,45.68374328893403,46.1569938659668,1584700,0.0,0.0
45.98906325289556,46.317284186231554,45.668476989696785,46.004329681396484,1937200,0.0,0.0
46.24858460445561,46.94319105481197,46.22568641863537,46.81343078613281,2746000,0.0,0.0
46.813449998873146,47.530954929521435,46.60735750658836,47.41645812988281,2920500,0.0,0.0
47.79046407153783,47.820996930469356,47.33247992288614,47.34011459350586,2116100,0.0,0.0
47.217975091201225,47.6912226475132,47.06531374381165,47.57672882080078,1962500,0.0,0.0
47.75230348737238,48.340047968468966,47.43934893632344,48.049991607666016,2221000,0.0,0.0
47.52331559367655,47.668345247225304,46.84397535897221,47.126399993896484,2100300,0.0,0.0
46.50047070196209,46.927921920518614,46.019591356830844,46.06538772583008,3426300,0.0,0.0
45.844044595874365,46.87450395046726,45.844044595874365,46.134098052978516,2094900,0.0,0.0
46.26385682045486,46.73710449451367,46.065396145938315,46.49284744262695,1450900,0.0,0.0
46.141729236543654,46.97373074644828,46.07303175731212,46.431785583496094,1810900,0.0,0.0
46.56917313952856,46.653137040689785,45.33262154437524,45.454750061035156,2516800,0.0,0.0
45.38605370557511,45.744807505995,44.56931868435102,44.84410858154297,4620500,0.0,0.0
44.874651903494545,45.43186358638999,44.638026567563216,44.93571472167969,4401300,0.0,0.0
45.40131901698229,45.69137533596466,45.294456928876556,45.454750061035156,2858300,0.0,0.0
45.47766060374327,45.70665125606161,45.241035279675636,45.68375015258789,1814300,0.0,0.0
45.63794709355386,45.729542758728336,45.50055213990531,45.6226806640625,1571900,0.0,0.0
45.79823296826055,46.294381656792666,45.66083803641391,46.271480560302734,709300,0.0,0.0
46.09593717270135,46.56155317028811,46.08830541237869,46.21043395996094,1598500,0.0,0.0
46.3554607002854,46.96610343819662,46.11883536544356,46.21043395996094,2402700,0.0,0.0
46.08065729385245,46.95845797530061,45.9050977399175,46.91265869140625,2617900,0.0,0.0
47.034783777398985,47.2027115610066,46.683664695104135,47.1950798034668,2164200,0.0,0.0
47.271425391951674,47.50805072243313,46.920306188094706,46.99663543701172,4019600,0.0,0.0
47.29433054982252,47.790479476178945,46.60735847306897,46.614990234375,1981000,0.0,0.0
46.55391737667698,46.82870440109963,46.41652240857865,46.683677673339844,1319400,0.0,0.0
46.737099568210496,47.36300856166828,46.553908254491525,47.103485107421875,2621800,0.0,0.0
47.07295323323322,47.2408810341234,46.84396263042065,46.98135757446289,2992000,0.0,0.0
47.134032513669176,47.28669393007642,46.477590461360094,46.691314697265625,2612400,0.0,0.0
46.75237629103831,47.538578585062766,46.737109859571206,47.30195617675781,3146800,0.0,0.0
47.40117073543911,47.546200339087186,47.18744657651346,47.217979431152344,2620200,0.0,0.0
47.39355086011274,47.76757114377977,47.12639559447487,47.408817291259766,2710000,0.0,0.0
47.25615212345721,47.714133374253386,47.25615212345721,47.363014221191406,2414800,0.0,0.0
47.67021229629754,47.92365610847555,45.86539633515506,45.942195892333984,5492500,0.38,0.0
46.16492531206294,46.49516872864986,46.0574047447492,46.28012466430664,3492600,0.0,0.0
46.44907537057509,47.578046898552586,46.395315100644254,47.45516586303711,4373200,0.0,0.0
47.462858852496595,47.59342163977627,47.03277656431853,47.14797592163086,2433400,0.0,0.0
47.20941310923483,47.53197479248047,47.0634898365818,47.53197479248047,1683500,0.0,0.0
46.90220825373172,47.27085142720749,46.702527633409,47.071170806884766,3489500,0.0,0.0
46.90989685058594,47.071177713323586,46.733252557436,46.90989685058594,403300,0.0,0.0
47.00971906858193,47.20940257722825,46.656436466779866,46.84843826293945,862500,0.0,0.0
46.86381066286442,46.948291943389535,46.134203066175075,46.61036682128906,1508600,0.0,0.0
46.272432161215384,46.63339646994026,46.049709377971745,46.09579086303711,1486800,0.0,0.0
45.89611606433461,46.76396515455708,45.734835230581844,46.7025260925293,1899900,0.0,0.0
47.87758023275586,48.000461296486236,47.34765619474029,47.601097106933594,3821800,0.0,0.0
47.6625347983402,48.54574144858684,47.524293247916304,47.793094635009766,3062700,0.0,0.0
47.91597093593323,48.192454009362876,47.854531880568366,47.92365264892578,1831000,0.0,0.0
47.74700320158008,47.9774076907975,47.555001413708744,47.816123962402344,2876400,0.0,0.0
46.80237177524111,47.79310206404113,46.71789341881986,47.785423278808594,3122900,0.0,0.0
48.008133378188056,48.29229817878264,47.48589112753762,47.51660919189453,2930300,0.0,0.0
47.82382371588221,48.26926650833333,47.747021213931404,48.20014572143555,2524000,0.0,0.0
48.42287278897657,48.42287278897657,47.96206945610566,48.04655075073242,1384900,0.0,0.0
48.054214057815365,48.3690969174495,48.03117477750793,48.29229736328125,1405800,0.0,0.0
48.100294933362605,48.24621525630331,47.93901118412638,48.092613220214844,1791400,0.0,0.0
47.93134770125651,48.00046849307518,47.693264322833066,47.83918762207031,1125100,0.0,0.0
48.146383178127834,48.72238873203785,47.90062104283682,48.6148681640625,1856600,0.0,0.0
48.78384068122477,48.937442779541016,48.18479572047937,48.937442779541016,2535700,0.0,0.0
48.79918571840187,49.091026390023494,48.42286084327921,48.8836669921875,2228100,0.0,0.0
48.77614450265119,49.14479060119175,48.7377447218869,49.09870910644531,1447200,0.0,0.0
49.114073479198225,49.90512308798118,49.06031319594408,49.789920806884766,2027000,0.0,0.0
49.720786583020676,50.08943263270776,49.62862946517154,49.91278839111328,2117300,0.0,0.0
49.84368666479845,50.381289557466886,49.73616608626476,50.2584114074707,2792900,0.0,0.0
49.19853345845285,49.49805576178802,48.468929049698836,49.25997543334961,4300700,0.0,0.0
48.76078440151354,49.35982622381053,48.57646136181688,48.814544677734375,2754800,0.0,0.0
48.753105446992386,48.776144729615076,48.253902435302734,48.253902435302734,3726300,0.0,0.0
48.62254201720685,48.660941795315686,48.09261511827292,48.30765914916992,2828800,0.0,0.0
48.000450275029856,48.24621234606081,47.432123654698906,47.45516586303711,2939300,0.0,0.0
47.831500035985435,48.37678751772644,47.66254039983361,48.2615852355957,2605300,0.0,0.0
48.05422749281728,48.17710857167069,47.68558425625705,47.82382583618164,2379600,0.0,0.0
47.86222893287066,47.946710229744596,47.32462307707707,47.67022705078125,1844000,0.0,0.0
47.5396488245092,48.17709330350772,47.45516756024932,48.16941452026367,1560200,0.0,0.0
48.15407733413009,48.330718731401156,47.98511472382015,48.23087692260742,1185600,0.0,0.0
48.28463138069986,48.47663325838803,48.12335050657367,48.39983367919922,1053200,0.0,0.0
48.54574308030728,48.81454740615119,48.315341465095,48.80686569213867,1363100,0.0,0.0
48.80687107907875,49.05263321972599,48.69167172361551,48.92207336425781,1488500,0.0,0.0
49.052625498328574,49.2523061075292,48.56878300805635,48.57646179199219,2256600,0.0,0.0
49.64400189316042,49.651683608424186,49.144798800506635,49.29840087890625,2913600,0.0,0.0
49.16781679109748,49.30605831704706,48.47661209106445,48.47661209106445,1523800,0.0,0.0
48.23853838880351,48.346058939421376,47.224769011956084,47.324607849121094,2370600,0.0,0.0
47.524294712591626,47.80077782196048,47.086530765996095,47.21709060668945,2703200,0.0,0.0
47.43981965030877,47.53197972226369,45.888444278774266,45.903804779052734,2580700,0.0,0.0
46.072778306058304,46.33390101344157,45.8577341807496,46.14189910888672,2100000,0.0,0.0
46.17259497343134,47.34764805619719,46.12651641352513,47.19404602050781,2026000,0.0,0.0
47.25549549230647,47.624138701382726,47.09421463765732,47.23245620727539,2453100,0.0,0.0
46.97132392339333,47.63181063601468,46.42603947170462,47.30924606323242,1840800,0.0,0.0
47.10956629425081,47.36300717116456,46.57964233000189,47.26316833496094,2157700,0.0,0.0
47.61644596224087,48.11565180953743,47.5396464148329,47.84684753417969,1544900,0.0,0.0
48.04654589314001,48.21550553559528,47.66254217799901,48.08494567871094,2380200,0.0,0.0
48.261591081000745,48.269269866872165,47.63182516976495,47.74702453613281,1663900,0.0,0.0
48.06189970694526,48.16173854959695,47.63949333528261,47.954376220703125,1559400,0.0,0.0
47.854541029628926,48.13870294066346,47.68557846807105,47.99278259277344,1219000,0.0,0.0
47.931347452367774,48.000468243827534,47.002059090299134,47.04813766479492,2365800,0.0,0.0
47.00204009281933,47.33228341523503,46.87915906097034,47.094200134277344,1666600,0.0,0.0
47.20172423757708,47.363005054744,46.72556056939683,47.040443420410156,2409100,0.0,0.0
47.13260787847682,47.793094635009766,46.95596654842749,47.793094635009766,6748400,0.0,0.0
47.278536431301696,48.015822829559454,47.24013371766508,47.862220764160156,2145800,0.0,0.0
47.954379879898895,48.046542875139004,47.24013278022416,47.99278259277344,2691600,0.0,0.0
48.177103691644795,48.69934895630076,48.05422262523844,48.507347106933594,2507000,0.0,0.0
48.192450696532966,48.73773509291595,47.962049127751484,48.03116989135742,2726200,0.0,0.0
48.1617277665137,48.22316974489562,47.72396392454424,47.816123962402344,2036900,0.0,0.0
47.93901383060893,47.985095322893955,46.87916587549124,47.18636703491211,3653200,0.0,0.0
47.410471797025735,47.48002273104566,47.03180789354336,47.14772415161133,3338600,0.38,0.0
46.884990387664445,47.03954839213034,46.506326372069175,46.846351623535156,3482300,0.0,0.0
46.86952578801467,47.186368293173786,46.653143455454966,47.093631744384766,1927800,0.0,0.0
47.00862153477305,47.19408871227585,46.67632298147059,47.04726028442383,2273600,0.0,0.0
47.286832737532706,47.48775899677869,46.93908096597701,47.03181457519531,1593700,0.0,0.0
47.14000382593542,47.557309485344724,46.96226318165699,47.217281341552734,2562700,0.0,0.0
47.3409193255565,47.9746072304627,47.209546981089694,47.69640350341797,2356000,0.0,0.0
47.03181211025921,47.72731856486741,47.00862944615671,47.58049011230469,2840600,0.0,0.0
47.46457751821788,47.87415664484526,47.33320513937695,47.83551788330078,2124700,0.0,0.0
47.95916322137955,48.26827625866985,47.61913504802714,48.0209846496582,1347700,0.0,0.0
48.028705284861296,48.43828138377074,47.81232295604765,48.36100387573242,1608800,0.0,0.0
48.4460024121243,49.18015044627781,48.21416696658836,49.110599517822266,2162000,0.0,0.0
48.901943230629634,49.19560301285184,48.75511481349224,49.02558898925781,2842500,0.0,0.0
48.69330003485409,48.747397828591964,47.51866657088985,47.54957580566406,3007300,0.0,0.0
47.928231050798445,48.54645981557267,47.60365910682492,48.500091552734375,1965100,0.0,0.0
48.20646386742178,48.260558732787196,46.86181291189083,47.170928955078125,3753500,0.0,0.0
47.124549916768125,47.286834475853,46.498591398649985,46.75361251831055,2009300,0.0,0.0
46.877258317796404,47.00090411728227,46.38267511985296,46.75361251831055,2687900,0.0,0.0
46.94679567306124,47.11680970361554,46.46766870725531,46.96997833251953,2526900,0.0,0.0
47.5572937919339,48.67783508630754,47.28681668063142,48.500091552734375,3099800,0.0,0.0
48.65467592855183,49.82931564205272,48.592854492443244,49.61293029785156,3340000,0.0,0.0
49.6515473636392,50.95755882300338,49.6515473636392,50.3702392578125,5197500,0.0,0.0
50.370261432991995,50.41662677048139,49.620657032127056,49.75202941894531,2552500,0.0,0.0
49.98384278151858,50.19249259127267,49.775192971764504,50.099761962890625,1385000,0.0,0.0
49.95294909774489,50.146145839582054,49.41199763101117,49.8911247253418,1856200,0.0,0.0
49.667019382033516,49.84476299154693,49.33472367420253,49.357906341552734,1914000,0.0,0.0
49.57429061195902,49.97613728518502,49.45837137486971,49.8602180480957,2751900,0.0,0.0
50.347072117455546,50.97302767451387,50.347072117455546,50.77983093261719,2666500,0.0,0.0
50.6716357349434,50.833920273033925,50.41661464827429,50.81073760986328,2029100,0.0,0.0
50.91118104741098,51.64533188323881,50.86481573631026,51.5835075378418,2190600,0.0,0.0
51.54488413383976,52.41040758876511,51.36714644763748,52.34858322143555,2413800,0.0,0.0
52.20949217195695,53.183205523724325,51.91583521007675,52.66543960571289,3046900,0.0,0.0
52.77361966205044,52.91272154398115,52.26357746300574,52.781349182128906,2078900,0.0,0.0
52.70407052498146,52.92817946029214,52.46450844401691,52.773624420166016,1203100,0.0,0.0
52.85864626331693,53.793718078496326,52.77363919867348,53.61597442626953,2583900,0.0,0.0
53.42276318619201,54.24964504033624,53.38412737373108,54.23419189453125,2015300,0.0,0.0
54.02553176879883,54.21099896282434,53.785963834957755,54.02553176879883,1843300,0.0,0.0
54.20328130953211,54.75195938823283,54.156915974849454,54.6978645324707,3009500,0.0,0.0
54.58967416366467,55.24654194598068,54.51239664149167,54.86787796020508,1496800,0.0,0.0
54.999258813047206,55.362469708718955,54.74423764426943,54.99153518676758,2171600,0.0,0.0
54.92196009282296,55.36244835265809,54.41964747121202,54.71331024169922,2661300,0.0,0.0
54.218740306862564,54.65922867367483,54.14918640899901,54.303741455078125,1810000,0.0,0.0
54.0641523813979,54.3191733864545,53.670029545937176,54.27280807495117,1158700,0.0,0.0
54.806050451225026,55.13061956333646,54.3887447802689,54.45056915283203,1305400,0.0,0.0
54.133728841458826,54.58194079684005,53.98689743254795,54.22645950317383,1178300,0.0,0.0
54.32691171820684,54.86013057469228,54.19553348780772,54.52783203125,1361600,0.0,0.0
54.450573963358416,55.13835395517047,54.195552825927734,54.195552825927734,1968500,0.0,0.0
54.35011072090815,54.836964404765375,53.948258182193754,54.81378173828125,1978000,0.0,0.0
54.7210158199577,55.05331428505283,53.77049162866041,54.125972747802734,1551600,0.0,0.0
53.89416555574383,54.07963868707571,53.43822404032146,53.46140670776367,2058800,0.0,0.0
53.45367489647544,53.87098058024741,53.26047814820491,53.77824401855469,2424900,0.0,0.0
54.133725330390874,54.690126952282924,53.91734004333171,54.63603210449219,1772700,0.0,0.0
54.71329913219047,54.71329913219047,54.14143274572505,54.49691390991211,1032500,0.0,0.0
53.81687441724774,54.45828890173143,53.80142127482811,54.17235565185547,1356100,0.0,0.0
54.59738448929617,54.66693246603108,53.53866453047023,53.63140106201172,2023400,0.0,0.0
53.53096502985279,54.643780448785485,53.492329208633215,54.4737663269043,2158500,0.0,0.0
54.36555512307128,54.643758867931446,54.21100010743605,54.280548095703125,1161500,0.0,0.0
54.674666919756305,54.929687982594814,54.33463883597162,54.61284255981445,1608100,0.0,0.0
54.751950169714384,55.439730032559495,54.62830733274587,55.12289047241211,1764700,0.0,0.0
55.03790604611091,55.15382530680444,54.419673919677734,54.419673919677734,1335400,0.0,0.0
53.940522653034485,54.24190904260817,53.22955429434437,53.368656158447266,3253500,0.0,0.0
53.85553406064545,53.955994259583285,52.84317896594384,52.88182067871094,3625000,0.0,0.0
52.00856219229564,52.619058672091285,51.88491345478502,51.892642974853516,3606700,0.0,0.0
52.317679084156964,52.5572470704302,52.19403622637791,52.41041564941406,1918000,0.0,0.0
53.0476672450864,53.249719715824064,52.612464081619805,53.11760711669922,1974700,0.38,0.0
53.57611785230631,54.267773066981015,53.397372762066816,54.23668670654297,2450400,0.0,0.0
54.17452076375749,54.23669349241237,53.6616105751491,53.75486373901367,5405500,0.0,0.0
54.252227163204104,54.524231335966036,53.85588940637169,54.050174713134766,2671800,0.0,0.0
54.02686201548159,54.37657916732698,53.54503819120064,53.75486373901367,2211100,0.0,0.0
53.38960059473113,53.72377156370866,52.96994954449618,53.444000244140625,1483400,0.0,0.0
53.97245111761554,54.384340912318315,53.84033854358155,54.37656784057617,1031300,0.0,0.0
54.68745226974458,55.04493666642448,54.563106777445796,54.97499084472656,2256300,0.0,0.0
55.45681113858013,55.56561046095742,55.223666345418266,55.28583908081055,1677000,0.0,0.0
55.169267560904856,55.40241235777154,54.86618288244926,55.32469940185547,1884900,0.0,0.0
55.94640237984445,56.21840065802977,55.8065167040466,56.117374420166016,1445500,0.0,0.0
56.09406515973227,56.09406515973227,55.604468223818344,55.853153228759766,1760900,0.0,0.0
55.9308654447938,56.05520498106854,55.72103395422287,55.993038177490234,954800,0.0,0.0
56.031869932284586,56.210614987103384,55.43347391750411,55.53450012207031,1618000,0.0,0.0
55.822062007566785,55.96971482542664,55.46457771462117,55.63554382324219,852300,0.0,0.0
55.87644438503097,56.57587253718637,55.02935753155503,56.49815368652344,1451800,0.0,0.0
56.67689380258393,57.06546430556912,56.187297103304125,56.9566650390625,3090200,0.0,0.0
57.12766318128473,57.56286044669085,57.01109079116007,57.25200271606445,1584200,0.0,0.0
56.45931507574389,56.56811438041778,54.53200209601684,55.643314361572266,5093700,0.0,0.0
56.00857286046548,56.32720363720405,55.33245779973176,55.495662689208984,2556200,0.0,0.0
55.34023772397107,56.187324923032484,55.23143840359522,56.1562385559082,1729300,0.0,0.0
55.91531627986351,55.9930351560994,55.56560505327325,55.93086242675781,1091800,0.0,0.0
55.8842381676995,56.140690310939384,55.596693729378345,55.66663360595703,1148200,0.0,0.0
55.969721010924886,56.22617909587543,55.75212236761595,55.915321350097656,1146500,0.0,0.0
56.06297295400634,56.56811598524735,55.94640057308648,55.985260009765625,1514200,0.0,0.0
56.63805154067232,57.34525291634655,56.599198036071286,57.267539978027344,1508600,0.0,0.0
56.941134892298244,58.588676422199406,56.59142371303063,57.702735900878906,3441600,0.0,0.0
57.50845104973499,57.58616398695176,57.17428008349752,57.306392669677734,799800,0.0,0.0
57.0654865121469,57.28308512983691,56.855660967693716,57.09657287597656,1241600,0.0,0.0
56.88673174644712,57.31416176515595,56.707992596162796,57.150962829589844,1305600,0.0,0.0
57.38410162506287,57.586159991099464,57.11987647103678,57.150962829589844,1010100,0.0,0.0
56.73130231157114,57.17427251711327,56.59141667144645,56.964447021484375,1146700,0.0,0.0
56.80124698785735,57.407422099255236,56.68468055212388,57.13541793823242,1112700,0.0,0.0
57.18206851132607,57.70275185252876,56.86343767532169,57.48515319824219,820000,0.0,0.0
57.38408463249492,57.46957061092259,57.11985955671113,57.174259185791016,850400,0.0,0.0
56.6924503626242,56.731309795774976,56.280566459341,56.42045211791992,1266600,0.0,0.0
56.2417340017675,56.66915828078905,56.15624796013933,56.288360595703125,1710700,0.0,0.0
56.2572647425902,56.45932316412471,56.03189302801676,56.07852554321289,1161100,0.0,0.0
56.024107395244556,56.272798276227064,55.868681523747426,56.226165771484375,1442700,0.0,0.0
55.88423798010141,56.373834901862814,55.88423798010141,55.95417785644531,1444200,0.0,0.0
56.094061152145635,56.972228716110564,56.094061152145635,56.638057708740234,1186200,0.0,0.0
56.73908803181356,57.07325902832375,56.49040305272115,56.94891357421875,1128000,0.0,0.0
56.925611140756004,57.28309549581122,56.72355270385742,56.72355270385742,775700,0.0,0.0
56.062968735287356,56.35051312936972,55.49565894881419,55.57337188720703,1452500,0.0,0.0
55.39462938958659,55.86091297092005,55.31691644755058,55.643314361572266,1280000,0.0,0.0
55.49567136793163,56.15624038577215,55.293612939598816,55.767669677734375,1185000,0.0,0.0
55.89200478642281,55.89200478642281,55.36354842825698,55.542293548583984,1444900,0.0,0.0
56.094052510844904,56.42045039452,55.23142529747725,55.557823181152344,1877400,0.0,0.0
55.612230941075886,56.75462962970731,55.57337743256107,56.5914306640625,1349200,0.0,0.0
56.529268387508104,57.02663844975412,56.18733017541324,56.39715576171875,1361500,0.0,0.0
56.544804544248464,57.06548780972012,55.93086218516726,56.638057708740234,1303400,0.0,0.0
56.86341552271104,57.37633151866858,56.723529881005916,57.166500091552734,1554800,0.0,0.0
57.46184984163059,57.99030634877282,57.321964121236476,57.842647552490234,1536100,0.0,0.0
57.827083094026015,57.966962826675704,57.50845233645589,57.757137298583984,1252700,0.0,0.0
57.788231901490505,58.1768025808017,57.36080178260097,57.46183395385742,1510400,0.0,0.0
57.523993435434164,57.920337138042626,57.24422803672397,57.795997619628906,1150300,0.0,0.0
58.42548067721518,58.72079222412718,58.293368084842754,58.36330795288086,1544200,0.0,0.0
58.28559192490872,58.66638946533203,58.13016605142244,58.66638946533203,1452800,0.0,0.0
58.74411805492681,59.295893689797396,58.44880644496787,59.1793212890625,1862700,0.0,0.0
59.35805975147003,59.56011818159373,59.109374733286444,59.31920623779297,1514500,0.0,0.0
59.34248196165121,59.87093803186163,59.280309264187686,59.44350814819336,2770000,0.0,0.0
59.18707450673486,59.4357594446154,58.736331203977436,59.24147415161133,1516100,0.0,0.0
59.36581425012824,61.052209187293045,59.31918767665793,60.61701202392578,3670700,0.0,0.0
60.53931000750382,60.60924988032001,60.01085367279428,60.02639389038086,2484500,0.0,0.0
60.26081821495281,60.51867246663867,59.807610439268764,60.38583755493164,1914800,0.42,0.0
59.924817437033,60.0967242380092,59.72165431210347,59.95607376098633,1505700,0.0,0.0
59.44817000688428,59.854490302573375,59.41691368236445,59.59663009643555,1863700,0.0,0.0
59.69038921477832,60.01857162575026,59.44816019166094,59.70602035522461,1863100,0.0,0.0
59.213746572585514,59.46379119039834,58.5886380088204,59.026214599609375,1993200,0.0,0.0
58.84647531402064,59.143407310841305,58.197926185323965,58.5339241027832,1888300,0.0,0.0
58.4558020228347,59.05747584687752,58.401104944424844,58.869937896728516,1346700,0.0,0.0
58.315147429305405,58.87774931701564,58.244825174108634,58.518310546875,1229300,0.0,0.0
58.67460119337398,58.84650803205227,57.85414486541241,57.86977005004883,1904200,0.0,0.0
57.979143468580155,58.26825995389231,57.51031059738393,58.00259017944336,1452600,0.0,0.0
58.565213205613254,59.83888348413277,58.487075351102305,59.791996002197266,2076400,0.0,0.0
59.64351751948819,60.378020279786035,59.588820442002884,60.11235046386719,1516400,0.0,0.0
59.71385600295786,60.44836492435916,59.62009296552685,60.36241149902344,881400,0.0,0.0
60.04202469632711,60.34677238223469,59.14343066686212,59.19812774658203,2734500,0.0,0.0
59.245016789964865,59.86231588905336,58.955900210938,59.30752944946289,2428000,0.0,0.0
59.17469401178613,60.104544477321056,59.018412364381106,60.05766296386719,1452500,0.0,0.0
60.39366065881515,60.81561216174567,60.284266487114856,60.4952392578125,1717600,0.0,0.0
60.448331012680036,60.60460662841797,60.065451581049274,60.60460662841797,1783400,0.0,0.0
60.87030401884899,61.378208893277275,60.47960887875565,60.979698181152344,2283100,0.0,0.0
60.83120610078015,61.49538636254081,60.76869347433553,61.315670013427734,2210900,0.0,0.0
61.68291789407477,62.12049431109173,61.14375697915633,61.346920013427734,2289600,0.0,0.0
61.43291669518914,61.43291669518914,60.71403298119742,61.37821960449219,3112700,0.0,0.0
61.26100196273486,61.48760586974437,61.10472032262399,61.30006790161133,1533300,0.0,0.0
61.526667085154166,62.13615053095837,61.37039141857575,61.917362213134766,1513600,0.0,0.0
61.99549012658736,62.026746447208666,61.21409999565564,61.30786895751953,1434900,0.0,0.0
61.354767574702905,62.011138567800245,61.1828667056285,61.56574630737305,1901900,0.0,0.0
61.76888850416796,62.003301952369675,61.34693714356501,61.71419143676758,1442000,0.0,0.0
61.92518559932061,61.95644192888747,61.745463194695006,61.9017448425293,1317300,0.0,0.0
61.68295083971568,61.9876925731234,61.34695277960784,61.847042083740234,1422100,0.0,0.0
62.261168909597004,62.261168909597004,61.85484864475787,61.9251708984375,1444300,0.0,0.0
61.58135953224338,61.948613878764505,61.18285482398498,61.229736328125,1727100,0.0,0.0
61.229744979041136,61.94862263124811,61.120350812902466,61.7923469543457,1903600,0.0,0.0
61.80015182495117,62.011130530275466,61.73764513590553,61.80015182495117,991100,0.0,0.0
61.776689775737474,61.940780955794004,61.44850741562441,61.59697341918945,1312400,0.0,0.0
61.35475345194481,61.98768354273087,61.2531748761185,61.9251708984375,1962400,0.0,0.0
62.12050834399658,62.339296601928915,61.886088946764566,62.15958023071289,2103400,0.0,0.0
62.362755090590035,62.448708496592005,62.183038668247455,62.237735748291016,2535700,0.0,0.0
62.47996594190381,62.48778151391708,61.925179559655724,62.08145523071289,1571100,0.0,0.0
62.003317572708276,62.27680297860871,61.753272921380066,61.862667083740234,1566600,0.0,0.0
62.13616498766052,62.143980561268194,61.37822127072276,61.448543548583984,1486400,0.0,0.0
61.56574092326759,62.058014653888364,61.52666902462407,61.862667083740234,1597800,0.0,0.0
61.800141108497606,62.14395466553481,61.66730622019994,62.120513916015625,1717000,0.0,0.0
62.20647875399284,62.38619517440456,61.878296277257434,61.917362213134766,1113300,0.0,0.0
61.96425098643684,62.151782982584656,61.854856825222726,61.9486198425293,1556000,0.0,0.0
62.151770235885685,62.26116437466417,61.91735081762697,62.120513916015625,1184600,0.0,0.0
62.097098638471245,62.386209283177756,62.097098638471245,62.18305206298828,792200,0.0,0.0
62.04239161431052,62.35494892965027,61.74545948204703,61.7923469543457,1899800,0.0,0.0
61.37038613296833,61.714199723670895,60.917178392775675,61.112525939941406,2418900,0.0,0.0
60.84686586155627,61.33913961293423,60.401473621299544,61.042213439941406,2096700,0.0,0.0
60.88592334152953,61.90954856390086,60.784344761034,61.65950393676758,2277700,0.0,0.0
62.11269486209281,62.995669454683636,62.089254113888295,62.89408493041992,2565300,0.0,0.0
62.870652560152905,63.03474378098388,62.35493814633181,62.38618850708008,2057700,0.0,0.0
62.33150054007585,62.98005590873332,62.253362703721464,62.40182876586914,1741100,0.0,0.0
62.45652355959221,62.50340506738054,61.40164790361279,61.49541091918945,1895500,0.0,0.0
61.42505133939036,61.604767651083996,61.135934973431134,61.284400939941406,2056800,0.0,0.0
61.41725716557705,62.01893084672727,61.30786303473756,61.69074249267578,1505200,0.0,0.0
61.9017121892186,62.89407479296753,61.80794324998138,62.503379821777344,1893400,0.0,0.0
62.47998046875,62.784722271239474,62.386211467393196,62.47998046875,1931100,0.0,0.0
62.597175260247596,63.464518940384586,61.87048206774187,63.441078186035156,2231300,0.0,0.0
63.36292076544569,64.19119833075221,63.19101994999974,63.9333381652832,2230800,0.0,0.0
64.05056520751947,64.52721377758294,63.85521762836345,63.97242736816406,3449600,0.0,0.0
64.40216815508784,64.66784387895295,64.29277402218253,64.62095642089844,1189400,0.0,0.0
64.5897008623669,65.33201898465911,64.51155709241391,65.12104034423828,828100,0.0,0.0
65.2929846361927,65.51177301016271,65.16796526315386,65.41019439697266,1046000,0.0,0.0
65.57510559213925,65.92850196815269,65.57510559213925,65.64578247070312,999000,0.42,0.0
65.54367333177804,65.62220517210116,65.4023136225583,65.52796936035156,1215600,0.0,0.0
65.77142575396074,66.21906387465222,65.77142575396074,66.03058624267578,1252600,0.0,0.0
65.94419894414307,66.04628974582182,65.23740033976294,65.3316421508789,1390800,0.0,0.0
65.34733333506802,66.06198678174844,65.30021543452897,65.76355743408203,1393300,0.0,0.0
65.88137931389178,65.99132511148682,64.82118427045587,64.9546890258789,2225700,0.0,0.0
65.00966112843474,65.22170372948278,64.76621057839847,64.86830139160156,2856500,0.0,0.0
64.95467985054105,65.00179775954129,64.35782703962325,64.4442138671875,2308500,0.0,0.0
64.6641043872956,65.08033454592854,64.34212202833295,64.45992279052734,1783300,0.0,0.0
64.66410042087257,64.8211700913625,64.31070414756196,64.76619720458984,1795700,0.0,0.0
64.38921610859722,64.78188117620451,63.58818200697946,63.69812774658203,2199800,0.0,0.0
63.9259025324287,64.57772827148438,63.70601095578247,64.57772827148438,1761900,0.0,0.0
64.66412716641685,65.0018196081481,64.6248642262514,64.79763793945312,2223300,0.0,0.0
64.77403409180627,65.2452309884597,64.66408235737997,65.05674743652344,1154800,0.0,0.0
64.98608212425373,65.20597364891931,64.85257741164885,64.9154052734375,1931600,0.0,0.0
65.24526257590696,65.44159521052998,64.8133283830977,65.20599365234375,1499700,0.0,0.0
65.21385755502378,65.2452714998517,64.92328305906354,65.08035278320312,1173900,0.0,0.0
64.58556409565863,64.58556409565863,63.71384695766896,64.03583526611328,1448300,0.0,0.0
63.34476468541874,63.63533315267515,62.206031799316406,62.206031799316406,2112900,0.0,0.0
62.36309662172399,62.692933987080785,61.34216459570027,61.483524322509766,3004300,0.0,0.0
62.57515469458421,62.967820071434865,61.271502767472924,62.04898452758789,5558600,0.0,0.0
62.73218198029501,62.93636953520354,61.24790819798715,61.5070686340332,3482300,0.0,0.0
62.05680585492823,62.37093921468104,61.85262426394507,62.26884841918945,2143300,0.0,0.0
61.49922531075638,62.52801226933176,61.21650587086041,61.93901443481445,2660000,0.0,0.0
61.95470827712679,62.315959504237185,60.27410187676351,60.29766082763672,2426500,0.0,0.0
60.4233257497832,60.949495704674625,59.88144583085564,60.808135986328125,2112500,0.0,0.0
60.548955303215784,61.73480554528897,60.34476778003907,60.93376541137695,3507500,0.0,0.0
61.122282397361055,61.7426942940208,61.09872343787728,61.35002899169922,2701800,0.0,0.0
61.852642969619325,62.66153257128284,61.632751348770675,62.57514572143555,2448800,0.0,0.0
62.37880069605266,62.52016042309092,61.73482993767749,61.8840446472168,2485000,0.0,0.0
61.899750184108015,62.166765671522924,61.774100418898136,61.86048126220703,4726500,0.0,0.0
61.852635042686394,62.166768457181625,61.73483426330112,61.87619400024414,4856000,0.0,0.0
61.50708629677744,61.62488707349899,61.216511846410455,61.39714050292969,6027000,0.0,0.0
61.2714894622887,61.87619736662056,61.2714894622887,61.7191276550293,6466500,0.0,0.0
61.82123920025208,62.8186066422876,61.71129337173158,62.763633728027344,2575500,0.0,0.0
62.53584669599401,63.09343046382432,62.34736911048947,62.36307907104492,2139600,0.0,0.0
62.473048620792284,63.54894765640409,62.40236575456271,63.42329788208008,1919500,0.0,0.0
63.5411046057174,64.21648344009958,63.39974485163805,63.98874282836914,2399900,0.0,0.0
64.33426896124418,64.97039069938889,64.16149530376279,64.19290924072266,2257900,0.0,0.0
64.11439670064817,64.72695367683308,63.99659589947469,64.28717041015625,2099800,0.0,0.0
64.35786100175291,64.89974120759281,64.28718410095583,64.75052642822266,2156300,0.0,0.0
64.6012872273256,64.90756563645373,64.38139565067937,64.57772827148438,2180300,0.0,0.0
64.64053447258969,65.35518791488738,64.50702976081803,64.78974914550781,2330500,0.0,0.0
64.09081595760233,64.58557196447197,63.847365445084904,64.27143859863281,1786700,0.0,0.0
64.93897930037859,65.3552034960711,64.82903351252004,64.85259246826172,1840500,0.0,0.0
64.87613947767642,64.99394022628898,64.49917828043519,64.69551086425781,1448400,0.0,0.0
64.86045845276666,65.02538316936138,64.64842180394119,64.68769073486328,1845700,0.0,0.0
65.00179620223827,65.16672086297933,64.61698597423221,65.00965118408203,1658700,0.0,0.0
64.7347789580015,64.78189686021194,64.18505012689668,64.60912322998047,1391000,0.0,0.0
64.7269467893576,65.23741287905982,64.31857751255403,64.37355041503906,2306600,0.0,0.0
64.05156011157273,64.53061224413268,63.965173268547375,64.47563934326172,2823300,0.0,0.0
64.63269125096613,64.86828676483404,63.56464147829847,63.67458724975586,2870900,0.0,0.0
63.438982697488605,63.94159362618196,62.999199632780645,63.05417251586914,3558100,0.0,0.0
63.438989054282416,64.44421101239564,63.42328508250992,64.22431945800781,2358200,0.0,0.0
64.34214583605421,64.51491955232254,64.1065442244887,64.2086410522461,1763000,0.0,0.0
64.09870228762188,64.14582021848284,62.92070608330958,63.35263442993164,2665400,0.0,0.0
63.21912963142656,63.38404838103846,62.88929213220277,63.35263442993164,2275200,0.0,0.0
63.431146873752596,63.9494679207805,63.3133520826978,63.42329788208008,5376600,0.0,0.0
63.666755293646396,63.89450190020018,62.81074776463831,62.936397552490234,1857600,0.0,0.0
63.38402186418504,63.93375679117367,63.26622109471633,63.784542083740234,2182500,0.0,0.0
64.0280193997319,64.20079313502015,63.35263442993164,63.35263442993164,1981100,0.0,0.0
63.581546511355235,63.581546511355235,62.73684531207221,63.028934478759766,1536600,0.42,0.0
63.22628877649541,64.11836042472137,63.06050698894666,63.755218505859375,1267500,0.0,0.0
64.02366426114689,64.592062748067,63.9447213652873,64.20523834228516,2264600,0.0,0.0
64.3394075505763,64.92359189589683,64.31572529674561,64.89201354980469,2223100,0.0,0.0
64.80516442027125,65.83143942665876,64.79727435220332,65.64197540283203,2430100,0.0,0.0
65.87882912837269,66.24197717881007,65.49200484172158,66.0130386352539,2400200,0.0,0.0
66.31300857875526,67.21297035620208,65.72882423722658,65.97354888916016,3158100,0.0,0.0
65.80773772358073,65.82352387800289,64.60778520716472,64.80514526367188,1753200,0.0,0.0
64.7262245244659,65.26304430219837,64.32361420838131,64.93937683105469,1874700,0.0,0.0
65.11307897855549,65.90251976818274,65.10518288423175,65.79988861083984,2018900,0.0,0.0
65.72885193262412,65.98936285579292,64.56047673430854,64.71836853027344,1926000,0.0,0.0
64.21312042476656,64.7499404819466,63.92103114413957,64.1578598022461,2017300,0.0,0.0
64.8288547368477,65.04989710877196,63.87363247363045,64.44992065429688,1428100,0.0,0.0
64.46573797794868,64.9157189885557,63.78681841486366,64.86045837402344,1786900,0.0,0.0
65.38938205033399,66.1156661312818,65.15254740426371,65.79988861083984,1804100,0.0,0.0
65.94198558536293,66.69195791961461,65.7919899139216,66.47880554199219,2654100,0.0,0.0
66.59721804701155,66.78668212890625,65.99724142756467,66.78668212890625,2395000,0.0,0.0
67.87611613561732,68.25504431048363,67.13403992731826,67.18930053710938,3527500,0.0,0.0
67.41035494252448,67.78928920761149,67.29193760825005,67.41825103759766,2154100,0.0,0.0
67.62348933447254,67.73401054423186,67.2287690073452,67.58401489257812,1871100,0.0,0.0
67.22086369647535,67.44190608568276,66.46300149506993,66.68404388427734,2175000,0.0,0.0
67.0314153214581,67.18140496465209,65.97356161059346,66.69195556640625,1898900,0.0,0.0
66.99983970274437,67.07878257442822,66.44722755504726,66.92089080810547,1504800,0.0,0.0
66.82614251425589,67.38664457153531,66.5814118527174,67.28401947021484,1681600,0.0,0.0
67.22088408246884,67.68665125484374,66.96036717777345,67.3235092163086,1713800,0.0,0.0
67.20508280665176,67.73401263880393,67.13403603658985,67.4419174194336,1612000,0.0,0.0
67.12612392474038,67.68662595008404,66.77876818167273,67.53663635253906,1373500,0.0,0.0
67.48137682086977,67.7892581350864,67.23664616942479,67.370849609375,1369100,0.0,0.0
67.44980583011878,68.06556852567094,67.0471894434294,67.98662567138672,1501600,0.0,0.0
67.79715559356012,68.55501783600538,67.79715559356012,67.98662567138672,1236400,0.0,0.0
67.85241501963573,68.16819245426167,67.41822631710947,68.0734634399414,1277700,0.0,0.0
68.35768223580138,69.07607632055395,68.35768223580138,68.81555938720703,1395500,0.0,0.0
69.13131789719002,69.47077761965879,68.50765905716813,68.6023941040039,2996000,0.0,0.0
68.71290837841757,68.71290837841757,68.02609290982768,68.0734634399414,1929500,0.0,0.0
67.7182062528508,67.97082697613514,66.96034408299778,67.86030578613281,2327900,0.0,0.0
67.71032895994453,67.83664236813209,67.33929687504187,67.59980773925781,2230400,0.0,0.0
67.37876023506865,68.23925370056355,67.31560353572044,67.93926239013672,1313300,0.0,0.0
67.83661623838027,67.95503350720467,67.10243639921197,67.36295318603516,1733300,0.0,0.0
67.56823643056612,67.9155923163357,67.29982944462084,67.66297149658203,1178400,0.0,0.0
67.85243410983068,68.0971648525711,67.4103491907465,67.78138732910156,1345100,0.0,0.0
67.73400136596764,68.31818568452928,67.69452692942218,68.2076644897461,986000,0.0,0.0
68.35767310587914,68.76028958337271,68.31030858721698,68.4603042602539,1228900,0.0,0.0
68.52348538135597,68.878731443803,68.27875456084445,68.30243682861328,1408600,0.0,0.0
68.46028838824931,68.63396628035142,68.16819320399091,68.48397064208984,1271600,0.0,0.0
68.2866058865603,68.5076482714223,68.23134529034479,68.32608032226562,2216500,0.0,0.0
68.32610471414561,68.87871087357668,68.12084841651891,68.64187622070312,1780900,0.0,0.0
68.42874755991062,68.83925423844217,68.37348692966681,68.54716491699219,1611200,0.0,0.0
68.3813493273343,68.84711640657558,68.22345758805031,68.77606964111328,1003800,0.0,0.0
68.83923560165096,69.3681655170243,68.72082429958375,69.21027374267578,1986100,0.0,0.0
69.32868873524014,70.14970786536442,69.29711038143284,69.85761260986328,1669500,0.0,0.0
69.85760665350165,70.64704736250751,69.73918934255984,70.29180145263672,1361800,0.0,0.0
70.05496863574336,70.33916778014434,69.88918680533527,70.18128204345703,1447900,0.0,0.0
70.01547241210938,70.20493642549489,69.78653396874869,70.01547241210938,1102500,0.0,0.0
69.78655098393696,69.79444707644768,69.16289218057523,69.3207778930664,1475200,0.0,0.0
69.35236763242126,69.96813044442145,69.22606024627103,69.61288452148438,1213700,0.0,0.0
69.44709365206617,69.62866162533365,68.8313309201955,69.14710235595703,2315200,0.0,0.0
68.98130948742562,69.73128158452208,68.87868438954958,69.44708251953125,1412800,0.0,0.0
69.60497876518347,69.90497005868615,69.16289394059513,69.79444885253906,1309000,0.0,0.0
69.86548869715638,70.22073453558767,69.68391472049929,70.16547393798828,1719400,0.0,0.0
70.29968511240112,70.65493095944035,70.14968947687393,70.56019592285156,3819100,0.0,0.0
70.44180805305378,70.4891725756035,69.61289277069996,70.02339935302734,1815200,0.0,0.0
69.7944509376795,70.33916089197673,69.61287693761096,69.65235137939453,1678800,0.0,0.0
69.58919751049017,70.18127802358632,69.48656636686266,69.96023559570312,1292900,0.0,0.0
69.84123429422623,69.96020940500404,69.25426217343362,69.76190948486328,1397800,0.42,0.0
69.48430291568056,70.37268889131377,69.3256653725763,70.23784637451172,3046600,0.0,0.0
70.07127828459211,70.1664644539293,69.37326453102487,69.45258331298828,2121600,0.0,0.0
69.76988029734227,69.80160902764213,69.0004752295712,69.30189514160156,2679400,0.0,0.0
69.26221738088257,69.61915492736463,69.12737484569027,69.17496490478516,1446700,0.0,0.0
69.57947364397964,69.77777355470616,69.41290244516533,69.56360626220703,864400,0.0,0.0
69.60328901147341,69.67467409541842,69.16702665969345,69.3573989868164,1352900,0.0,0.0
69.3415661873765,69.3415661873765,68.82598480127852,68.87358093261719,1732400,0.0,0.0
69.11150966768697,69.37326710434746,68.7228433855045,68.80216217041016,1465500,0.0,0.0
68.18345102561175,68.41347968349727,67.81064616806054,67.93756103515625,1587900,0.0,0.0
67.92964582727012,68.3341795116722,67.79480328301462,68.13587951660156,1238800,0.0,0.0
68.53248467333398,68.77044105437668,68.238998479915,68.36591339111328,1549100,0.0,0.0
68.57213848097005,68.89735339003131,68.22313459149346,68.46902465820312,1527000,0.0,0.0
68.61974119338673,68.75458375573007,68.254869879709,68.44523620605469,1758000,0.0,0.0
68.03276966791238,68.03276966791238,67.19197950148082,67.21577453613281,1936900,0.0,0.0
67.40613616065208,67.81859748262208,67.29508259726943,67.58063507080078,1737900,0.0,0.0
67.60443473626009,68.04862477393813,67.34267729907036,67.83445739746094,1670100,0.0,0.0
68.20724352040544,68.42141083777727,67.98514856285964,68.0406723022461,1382000,0.0,0.0
68.12001355803996,68.30245222005432,67.82653343222151,67.8820571899414,1708900,0.0,0.0
67.91374653963496,68.23895520297108,67.65198924002125,67.73130798339844,2052200,0.0,0.0
67.48546222085795,67.7710147251657,67.43786610238254,67.54891967773438,1059200,0.0,0.0
67.61236779113261,67.61236779113261,66.87469153285883,67.22370147705078,2296900,0.0,0.0
67.00953157364759,67.19989785905035,66.19253057670574,66.23219299316406,3379400,0.0,0.0
66.59707385769364,66.89056004766944,66.33531639514517,66.70018768310547,2970900,0.0,0.0
66.57328189212643,66.63673934990463,65.32002433337013,65.33589172363281,2776900,0.0,0.0
65.02652206514573,65.4389832971481,64.82028842332744,65.08997344970703,2781900,0.0,0.0
65.06618233210597,65.84352084310459,64.93927350372664,65.70074462890625,1816200,0.0,0.0
65.32793483665967,66.11320093007248,65.29620611903447,65.61348724365234,2739500,0.0,0.0
65.20102206382298,65.77212689618207,64.93133703278357,65.66107940673828,2122900,0.0,0.0
66.06564777445968,66.69227668132766,65.79595654985084,65.86734771728516,1790200,0.0,0.0
66.01009970579523,67.15230955125925,65.82766105761989,67.1047134399414,1855300,0.0,0.0
67.27920697302814,67.58855441172086,67.01744958593915,67.16815948486328,1303600,0.0,0.0
67.12057549102497,67.69167431671525,66.81915566597296,67.4061279296875,1385200,0.0,0.0
67.7313346803164,68.42142072812922,67.7313346803164,68.2151870727539,1377100,0.0,0.0
68.35005429681271,68.85770189994523,68.16762165436901,68.79425048828125,1537400,0.0,0.0
69.16704536213476,69.32568901096704,68.50076019194842,69.0242691040039,2805000,0.0,0.0
69.3256474582811,69.9681372089536,69.27805136634154,69.77777099609375,2021400,0.0,0.0
69.93643119531012,70.43615098724094,69.80158866959074,70.18232727050781,1916600,0.0,0.0
70.19821631875635,70.8883026577674,70.04750634719784,70.70586395263672,1572800,0.0,0.0
70.80895101025256,70.94379958982893,70.22991848361673,70.64237976074219,1266800,0.0,0.0
70.47579986747817,70.76135227494048,69.97608618023621,70.19818115234375,1460700,0.0,0.0
70.6820474475983,70.72963750768376,70.30130881200854,70.45201873779297,1105200,0.0,0.0
70.62651425613846,70.77722416178425,70.11886684427684,70.12680053710938,995300,0.0,0.0
70.02368366527789,70.42028360090056,70.02368366527789,70.18232727050781,1032600,0.0,0.0
69.84124580310939,69.99988334470997,69.41291717882666,69.82537841796875,899300,0.0,0.0
70.00783258604196,70.14267513151445,69.64296131801517,69.96817016601562,1251800,0.0,0.0
70.02367875499792,70.28543614654598,69.71433131103542,70.0950698852539,1646300,0.0,0.0
70.32513364993758,70.58688512046423,69.81747994711769,69.89680480957031,1178500,0.0,0.0
69.93642243033449,70.9358558373046,69.86503735565361,70.03160858154297,1863100,0.0,0.0
69.87296499619549,70.04746991426072,69.3811850107033,70.03160858154297,1859200,0.0,0.0
69.8967837705244,70.05542134440475,69.53984015184027,69.80159759521484,1645400,0.0,0.0
69.76194151411603,69.99990394819207,69.50019009859567,69.6350326538086,1526400,0.0,0.0
69.87296488649595,70.01574108726751,69.34945618475616,69.90469360351562,2277400,0.0,0.0
69.64296094417683,70.30924602526599,69.57156979883979,70.24578857421875,1818500,0.0,0.0
70.0712638815473,70.43614109652229,69.76985015138742,70.0078125,1877500,0.0,0.0
69.82539864005567,70.26166108325438,69.5081174133326,70.03956604003906,1125700,0.0,0.0
69.94438067757918,70.64239454325477,69.75401435996513,70.35684204101562,1476100,0.0,0.0
70.48378457096794,70.72967474638284,69.98407052206841,70.30134582519531,1839800,0.0,0.0
70.60271830281644,70.68203707519753,70.26164213510683,70.53926086425781,1590400,0.0,0.0
70.90413433162263,71.05484424012236,69.96815826359698,70.29337310791016,4549000,0.0,0.0
70.2696112745193,70.3013400125363,69.5160734144392,69.62712097167969,1231900,0.0,0.0
69.34155446724914,69.50812576968605,68.76252175663087,68.79425048828125,2644800,0.0,0.0
68.79422557100601,68.84974931837426,68.30243948600527,68.63558197021484,3133100,0.0,0.0
68.53246075527326,68.53246075527326,67.39025115966797,67.39025115966797,1986100,0.0,0.0
67.29054366283093,68.47919532997079,67.28256441923979,68.29571533203125,1549500,0.485,0.0
67.79314051526002,68.29572336579021,67.63358605656612,68.03246307373047,1536500,0.0,0.0
68.00851162818441,68.30368272605402,67.18682618585213,67.34637451171875,1952900,0.0,0.0
67.23471669084812,67.30651772702655,66.13381818928694,66.30134582519531,2184000,0.0,0.0
66.30931346966796,66.59650539137485,65.94234736668244,66.26144409179688,1460500,0.0,0.0
66.56457929258072,66.88367594478635,66.42895652037697,66.71614837646484,1527000,0.0,0.0
66.85976437053775,67.03527123375126,66.39707165142431,66.68425750732422,1288700,0.0,0.0
66.21356777445374,66.22952017301927,65.15255372167438,65.19244384765625,1688700,0.0,0.0
65.25625660566281,66.66029876798366,64.90524302189367,66.62041473388672,1771600,0.0,0.0
66.45288564606287,66.5246805576032,65.07276906702528,65.1605224609375,1860200,0.0,0.0
64.88132647378428,65.10469659308613,64.03570319679683,64.4505386352539,2696100,0.0,0.0
64.45053054020767,64.63401050671209,63.134235546644796,63.17412567138672,2022500,0.0,0.0
63.70064541015848,65.02491975806426,63.54907631333939,64.24311828613281,2255400,0.0,0.0
63.76446497272948,64.8653630859794,63.07041693758871,64.57019805908203,2806900,0.0,0.0
63.900086731541165,66.54862945924795,63.81233331486341,66.26941680908203,3936000,0.0,0.0
66.91560172594184,67.46605392039737,66.1417854770378,66.52470397949219,3697600,0.0,0.0
66.42099273880196,66.90762311438773,66.11784235549186,66.54065704345703,2029400,0.0,0.0
68.44728033084719,69.30087667654165,67.7372799165022,69.08547973632812,2634300,0.0,0.0
69.165257356579,69.76357275269605,68.6546953721361,68.67862701416016,2862700,0.0,0.0
69.48436778267761,70.09066248847084,69.48436778267761,69.67582702636719,1754100,0.0,0.0
69.69176138110504,70.29007663603458,69.54816547646683,70.18637084960938,1355400,0.0,0.0
70.0906594867305,70.68099567987944,69.84335772062339,70.52942657470703,1437000,0.0,0.0
70.96818295393928,71.68616264823703,70.96818295393928,71.67020416259766,1458700,0.0,0.0
71.63832598887214,71.90158023597213,70.94427767870744,71.430908203125,2641000,0.0,0.0
71.30324260865555,71.92549577384126,70.83257072107922,71.81380462646484,1966900,0.0,0.0
72.65144281646069,72.90672380479617,72.12492844080951,72.63549041748047,2256600,0.0,0.0
72.56369428018681,72.8588654153676,72.14088568545436,72.51583099365234,2129100,0.0,0.0
72.39616669093692,72.78706439918665,72.24459150173878,72.51583099365234,2377500,0.0,0.0
72.89077788473763,73.27369635808726,72.64347003072079,73.16999053955078,1332400,0.0,0.0
73.3933671047851,74.22303198503086,73.12213366955586,74.15921020507812,1322200,0.0,0.0
74.17513537735668,74.31873127456402,73.74434768573471,74.03951263427734,1545700,0.0,0.0
73.97572246469863,74.51021612158955,73.93583233480199,74.24695587158203,1775000,0.0,0.0
74.24695123015009,74.58998563212732,73.95975935470966,74.19110870361328,1789400,0.0,0.0
74.01561034295314,74.53415162657852,73.99965794199557,74.37460327148438,1276400,0.0,0.0
74.35067317770144,74.52618003816065,73.80022703561967,73.91989135742188,2169600,0.0,0.0
73.86401793791191,74.81334686279297,73.86401793791191,74.81334686279297,2346900,0.0,0.0
74.64584121873875,75.02078657096321,74.36662853720351,74.9729232788086,1776200,0.0,0.0
75.00484551830615,75.75473639707494,74.94900296901793,75.5552978515625,1663700,0.0,0.0
75.39572308257151,75.51538738530665,75.03673017436607,75.50740814208984,1513800,0.0,0.0
75.02079884461823,75.8743955171801,74.89315526281635,75.8504638671875,1734300,0.0,0.0
76.7758262740523,77.0151548556681,76.41683948800727,76.50459289550781,1624700,0.0,0.0
76.60830279233257,76.84763138672844,76.39291192647947,76.65616607666016,1040700,0.0,0.0
76.59236471463133,76.72798143650375,76.15359757165574,76.36101531982422,2003600,0.0,0.0
76.24933227505196,76.3929282450878,75.92225019860017,76.20944213867188,1745700,0.0,0.0
76.4088634872896,76.46470601385195,75.59515723075538,75.73077392578125,1039400,0.0,0.0
75.58717390425032,75.68290655306176,75.0845911923421,75.23616027832031,1914500,0.0,0.0
75.41964677241835,76.08178390286473,75.30796172467784,75.77066040039062,1830100,0.0,0.0
76.00200386766691,77.31829888992176,75.9461613436381,77.22257232666016,1794700,0.0,0.0
77.1587530120677,77.25447957837116,76.46470497447343,76.71998596191406,1904100,0.0,0.0
76.6402246307533,77.51775279165605,76.56045045001302,77.13483428955078,1548100,0.0,0.0
77.5736170396187,78.01238428607067,76.76788967632551,76.84766387939453,1618400,0.0,0.0
76.08979309807134,76.84766323684416,75.74675854999936,76.57642364501953,2342900,0.0,0.0
76.2493089075069,76.33706231154571,75.33987007144873,75.4754867553711,1722400,0.0,0.0
75.84247779101224,76.43281408772512,75.62708687409688,75.77865600585938,1250100,0.0,0.0
75.08461572558276,75.57921935676946,74.43045762757731,74.43843078613281,1568000,0.0,0.0
75.0606758454715,75.0606758454715,73.61674295871902,73.76831817626953,2220700,0.0,0.0
73.68853460314735,75.33988503732499,73.62471282637246,73.74437713623047,1392600,0.0,0.0
73.7762856215667,74.58201270318185,73.15403244784906,74.358642578125,3085600,0.0,0.0
75.36382712307433,76.13764953613281,75.06067668458435,76.13764953613281,1685100,0.0,0.0
76.16956754903855,76.7918148010178,75.8743963277541,76.60034942626953,2916700,0.0,0.0
76.87157059302258,77.2385366771943,76.64022121870963,77.19864654541016,1124900,0.0,0.0
77.51775646731323,77.86079093850395,77.16674883813633,77.54966735839844,801400,0.0,0.0
77.58156420578169,77.74111254594634,77.46987915039062,77.46987915039062,770600,0.0,0.0
77.58953004357728,77.74907835617681,77.39806476480429,77.40604400634766,554600,0.0,0.0
77.46621691011336,77.54639185595002,77.17758221153638,77.21766662597656,835900,0.485,0.0
76.92900158170079,77.18556497734691,76.70450937512966,77.02521514892578,942400,0.0,0.0
77.37799591021782,77.50627455586104,75.91879037892046,75.92680358886719,1259900,0.0,0.0
76.29561474983781,76.5361394901753,75.26935506008824,75.9107666015625,1378400,0.0,0.0
75.53392553977055,75.53392553977055,73.90635120444176,74.03462982177734,1827500,0.0,0.0
74.30725494188287,74.41950106083043,72.50329159414107,73.01641845703125,2681700,0.0,0.0
73.6337768877838,74.12285191647594,73.26496731346688,73.81016540527344,1696500,0.0,0.0
74.51569260376122,75.6221209277174,74.48362141969618,75.59004974365234,1717400,0.0,0.0
75.76647444103902,75.94286297929723,74.6199550593165,75.02083587646484,1416600,0.0,0.0
75.17314249547336,75.3334923114538,74.43551743788456,74.6760482788086,1354000,0.0,0.0
75.24531189014677,75.78249060093832,73.99456596843402,74.5878677368164,2117000,0.0,0.0
73.5054914958562,74.5878682522765,73.44936843787751,74.43553161621094,1891100,0.0,0.0
74.46761117722379,74.96470554443516,73.72197268488435,73.89836120605469,1732600,0.0,0.0
73.82618001160107,74.79631042480469,73.32908581669831,74.79631042480469,2161400,0.0,0.0
75.17313994616437,75.2372762002095,74.06670545577983,74.89252471923828,2009200,0.0,0.0
74.63597589365601,75.36558180256385,74.53174909964983,75.14910888671875,1770000,0.0,0.0
75.71033592917159,76.11923599200985,75.0047880370006,75.84663391113281,2242800,0.0,0.0
75.87066351314542,75.9588577384065,75.00476602769086,75.01277923583984,1792900,0.0,0.0
75.00479157050374,75.34954926385323,74.47562603873037,75.14910888671875,2216700,0.0,0.0
74.86049208825847,75.49388456493071,73.85828996383206,74.93264770507812,2702000,0.0,0.0
75.24533597190191,75.2693878447164,73.8101817633911,73.85829162597656,2972000,0.0,0.0
73.86626745854133,75.41366703508795,73.50547731499064,75.16512298583984,3202700,0.0,0.0
74.5477600755561,75.47779989931756,74.45154652815211,74.63594818115234,3866600,0.0,0.0
75.012793923361,76.15931295929103,74.4194922056701,76.09517669677734,1750700,0.0,0.0
76.16734109918188,77.1214392240603,76.03905632540291,76.86487579345703,2222400,0.0,0.0
76.96912717894436,77.45018300042143,76.68049246266679,76.84886169433594,2111200,0.0,0.0
76.9691187542339,77.9793401506309,76.88894381225612,77.8270034790039,1671400,0.0,0.0
77.75482944471206,78.44433867592804,77.65059653957529,77.843017578125,1810700,0.0,0.0
77.5062528474998,77.94722394922607,77.30581254979738,77.62651824951172,1050100,0.0,0.0
77.93924516814337,77.97131636649331,77.289820223185,77.81096649169922,1078300,0.0,0.0
77.77085604455971,77.85103096142102,77.19358685603177,77.5463638305664,826300,0.0,0.0
77.84300767853641,78.42027683772656,77.69067717932784,78.39622497558594,1513700,0.0,0.0
78.41228021233071,79.12584748587143,78.41228021233071,78.78108978271484,1280200,0.0,0.0
78.46035476396158,79.00555264717158,78.42026425552372,78.72493743896484,1232100,0.0,0.0
78.34011879805193,79.13386100441991,78.34011879805193,78.92540740966797,1202700,0.0,0.0
78.5485869340386,79.2140505470801,78.5485869340386,78.91739654541016,1316800,0.0,0.0
78.77306751205278,80.02381349680334,78.40425795544569,79.76725006103516,2221200,0.0,0.0
79.5748291015625,79.74319828300729,79.27817514361415,79.5748291015625,1376600,0.0,0.0
79.34231218877737,80.07993125313541,79.32627965127149,79.75923156738281,1806000,0.0,0.0
79.5908589742977,80.12002448421853,79.5908589742977,79.98372650146484,1516500,0.0,0.0
80.0719153602166,80.13605162504571,79.53473055897398,79.6229248046875,1775500,0.0,0.0
79.63094023909923,79.7431863432561,79.2380788745502,79.26213073730469,1709800,0.0,0.0
79.29422006410314,80.0959816297322,79.14990273761171,79.82337951660156,1797700,0.0,0.0
79.53473880214852,80.00778127063509,79.46258320287954,79.91156768798828,1913000,0.0,0.0
79.59888273050937,79.59888273050937,78.70892695391248,78.73297882080078,2038100,0.0,0.0
78.6848749630135,79.57483073820778,78.64478444029287,79.4706039428711,1705900,0.0,0.0
78.70891991404922,79.10178742793592,78.25191613318184,78.38821411132812,2361400,0.0,0.0
78.34813720479953,79.41448150116074,78.32408533776137,79.12584686279297,1549700,0.0,0.0
78.3721916742352,78.46038593427362,77.55439758300781,77.55439758300781,1868600,0.0,0.0
77.63456391964674,77.75482936247104,77.08936588020379,77.1214370727539,1884000,0.0,0.0
77.3860200122111,78.7730701474897,77.27377388761688,78.63677215576172,1420200,0.0,0.0
78.50850246131073,78.62074860747418,77.57044276110638,78.300048828125,1784100,0.0,0.0
78.60468973456997,79.49464539314901,78.41226870802574,79.43852233886719,1378000,0.0,0.0
79.08573986511081,79.37437444335202,78.86124766357958,79.18195343017578,1450100,0.0,0.0
78.86125212286164,80.28838644211197,78.04345206595036,80.0238037109375,2568000,0.0,0.0
79.66301643952765,79.91957985330414,79.18997401343564,79.67103576660156,1666600,0.0,0.0
79.92760485784987,79.96768926215815,78.87729314691575,78.99755859375,5200100,0.0,0.0
79.13384469522317,79.31825250160342,78.48441994358026,78.49243927001953,1815600,0.0,0.0
78.30003162316183,78.70892558707212,78.18777938470751,78.25994110107422,1628800,0.0,0.0
78.40426059342605,78.5405585851799,77.36196815976186,77.36998748779297,1761900,0.0,0.0
77.03325271091845,77.71474881846433,76.79272179439387,77.39404296875,1684800,0.0,0.0
77.75261851038002,78.15552357946373,77.3980662301199,77.95407104492188,1860800,0.485,0.0
78.3247719129545,79.14670200039353,78.2844850798656,78.88078308105469,1973600,0.0,0.0
78.43756492150814,78.63096380336373,78.01854630650938,78.27640533447266,1741500,0.0,0.0
78.1636090199176,78.28448180982677,77.43837842830804,77.77681732177734,1479700,0.0,0.0
77.6075739527069,78.40533043149377,77.56728713371913,77.84931945800781,1074600,0.0,0.0
77.47059384002256,79.17085389124476,77.35778090136893,78.77600860595703,1095300,0.0,0.0
78.84047271069029,79.58182282059008,78.6148468220512,78.92105865478516,1592700,0.0,0.0
78.78407438728763,79.16280623146652,78.01855702196289,78.37311553955078,1405900,0.0,0.0
78.21998654852021,78.759877842712,77.97824105818555,78.38920593261719,954600,0.0,0.0
78.51815219973919,78.8646508508248,78.23611369585878,78.5987319946289,1386600,0.0,0.0
78.30058316538832,79.11445326681236,78.15553706956864,79.00164031982422,1551000,0.0,0.0
78.83240239591754,80.22645040556694,78.63094987388843,80.1700439453125,2239800,0.0,0.0
80.50043126889193,80.51654476605097,79.73490797520743,79.80743408203125,2330500,0.0,0.0
79.44482071752357,79.6382195823566,78.98550917227149,79.16278839111328,1431900,0.0,0.0
78.51007535251395,78.55036831514421,76.89039539069644,77.25301361083984,2628400,0.0,0.0
77.59951700724194,78.39726730456465,77.59145718464664,78.17969512939453,1493800,0.0,0.0
77.32555863296041,77.69623064751708,75.83481075002629,76.08460998535156,3956700,0.0,0.0
76.0845883629787,76.29410071091579,75.35935804153742,76.1007080078125,2578000,0.0,0.0
75.93955889604074,76.62449640294065,75.56082708163227,76.31829071044922,2653600,0.0,0.0
76.31827335094604,76.39885313086816,75.9153683034923,76.2538070678711,1925500,0.0,0.0
76.36662372143317,76.76952878857722,76.17323101060018,76.51972961425781,2404400,0.0,0.0
76.24577750591685,76.7695493149738,76.10073139704929,76.68091583251953,1911900,0.0,0.0
76.02820218802533,76.72925937711919,75.81868978418497,76.17324829101562,1527900,0.0,0.0
75.89925952402206,76.41497752498888,75.19014266181003,75.40771484375,1731900,0.0,0.0
75.80255801320057,76.6808942440159,75.6172189798876,76.59225463867188,2113100,0.0,0.0
76.81788140148639,77.15632018163096,76.70506847477154,77.05156707763672,1516400,0.0,0.0
77.0918500557576,77.63174134212255,76.26186664433382,76.37467956542969,1094700,0.0,0.0
76.68896242604457,76.8823613185677,76.00402492159752,76.43916320800781,1008100,0.0,0.0
76.34244362409105,76.79370143976747,76.11681779017427,76.56806945800781,992200,0.0,0.0
77.3738842249655,77.67203617953572,77.08379824075212,77.29330444335938,1096100,0.0,0.0
77.27718037043078,77.6800853711652,77.18048095703125,77.18048095703125,1199000,0.0,0.0
77.06768057523452,77.34971289202167,76.55196258229704,77.05156707763672,1157600,0.0,0.0
77.26912500227324,77.72843648366829,76.95485957541572,77.18854522705078,1750400,0.0,0.0
77.72039356405803,78.6148434035864,77.69622024101847,78.53426361083984,1324700,0.0,0.0
78.6148367112997,78.655129678165,77.66398048300834,78.26028442382812,1624100,0.0,0.0
78.22804729906976,78.3569737203595,77.92183552130047,78.115234375,1152900,0.0,0.0
78.30060268781298,78.46176847215362,77.79294429979359,77.89769744873047,1886100,0.0,0.0
78.02661924447523,78.13137237887018,77.42226146974897,77.90574645996094,1014100,0.0,0.0
77.90572293640233,78.93715891017214,77.77679036575942,78.57454681396484,1294400,0.0,0.0
78.52619845193259,78.61483806228463,78.06688690185547,78.06688690185547,1270900,0.0,0.0
77.98630499026991,78.00242463599139,76.49555744889668,76.85816955566406,2152700,0.0,0.0
77.09186555427699,77.6639900970952,76.64867360311355,77.5028305053711,1251100,0.0,0.0
77.22885334499,77.26914631763778,76.49556919598724,76.98711395263672,1332800,0.0,0.0
76.76146229304673,77.10796083883245,75.6091537475586,75.6091537475586,3743800,0.0,0.0
76.0120915830428,76.05237841172554,74.94036234499183,75.56889343261719,1949300,0.0,0.0
75.4641243830432,76.56002671671507,75.19014572570336,76.23770141601562,1479300,0.0,0.0
76.32636283937948,76.82596135778358,76.18937654548454,76.616455078125,1594300,0.0,0.0
76.13296838183766,76.25383502210832,75.1740520500545,75.302978515625,1481500,0.0,0.0
75.10957462668847,75.29491369408119,74.71472931527116,75.12569427490234,1472000,0.0,0.0
75.02090458074674,75.14177730195367,74.58576647310699,74.59382629394531,1878500,0.0,0.0
74.6905375502928,75.09344258634299,74.45685189164254,74.72277069091797,1449400,0.0,0.0
75.0048115834829,76.46332601384677,74.8919986522859,76.2215805053711,2234300,0.0,0.0
76.31021877318636,76.48749798990481,75.9073136980421,76.41497802734375,1322000,0.0,0.0
76.01206644649632,76.22963246340207,75.31100946252353,75.50440216064453,1149200,0.0,0.0
74.71472277019357,74.84364920538813,74.24735137844493,74.64219665527344,1784600,0.0,0.0
74.44879440805506,74.9000460952959,74.42462108878762,74.66636657714844,1823800,0.0,0.0
74.84365261615406,75.02899167575717,73.94920276105553,74.61802673339844,1370000,0.0,0.0
75.04509111777361,75.64944868244932,74.7388854982281,75.36741638183594,1712700,0.0,0.0
75.19820183296892,75.32713440601502,74.71471697973296,74.82752990722656,3285000,0.0,0.0
75.33517748433823,75.61720976340172,75.04508538363218,75.55274963378906,1350000,0.0,0.0
75.4721673779884,75.57692046452505,75.04508291477963,75.19818878173828,1273700,0.0,0.0
75.20626298702133,76.32633860685183,75.05315709077973,75.88314056396484,2072300,0.0,0.0
76.13295013276876,76.14906363166064,74.77918875562547,74.86782836914062,1800800,0.0,0.0
75.16351288631307,75.34981837893201,74.88809643708058,75.15541076660156,1476400,0.485,0.0
74.29675499960928,75.11489586600581,74.04564496521344,74.07804107666016,1624700,0.0,0.0
74.58836655943311,75.00958397311078,74.17524508325148,74.35345458984375,1702400,0.0,0.0
74.84758396407796,75.85203031354877,74.49926704400507,75.68192291259766,2583400,0.0,0.0
75.75479343256657,76.01400549041571,75.17966687234204,75.6575927734375,1662900,0.0,0.0
74.76654725847821,75.82769559146546,74.76654725847821,75.43077850341797,1344300,0.0,0.0
75.51989850479197,76.13552336753827,74.69365570357924,76.00592041015625,1891800,0.0,0.0
75.48750840220117,75.60900926307156,74.12664313950955,74.46685791015625,1801600,0.0,0.0
75.30120531399704,75.61711994826425,74.41016387939453,74.41016387939453,1439600,0.0,0.0
75.495582318813,75.77910072509285,74.92855786645939,74.99336242675781,1668700,0.0,0.0
75.81152212871555,76.02213392992971,75.49560751694686,75.93302917480469,1362500,0.0,0.0
75.86821296885847,76.40283519404282,75.76290400291188,76.176025390625,1197600,0.0,0.0
76.20034066096746,76.32994982009673,75.44700441881695,75.63331604003906,1455400,0.0,0.0
76.35425469771053,76.41095716329764,75.65762087472305,75.82772827148438,1265200,0.0,0.0
75.7224156978455,76.2327378223502,75.21208739323637,75.34979248046875,1379000,0.0,0.0
75.30929008940278,75.95731726528642,75.12297849102248,75.70620727539062,1764100,0.0,0.0
75.45509657612986,75.58469953804654,74.42634409667859,74.65316009521484,2055900,0.0,0.0
75.14727410052843,75.82770970103816,71.98002656107991,72.5632553100586,4548700,0.0,0.0
72.95207219783104,73.58390129847548,72.24734259177559,72.41744995117188,2469700,0.0,0.0
72.31215204242712,72.34455433204538,71.16189857145069,71.50211334228516,1920100,0.0,0.0
71.00798425546077,71.16188738181644,70.48145794713956,70.68396759033203,2596600,0.0,0.0
70.95939172758615,72.17444982627805,70.76498416222486,71.8828353881836,1921200,0.0,0.0
71.8666155426344,72.4903424582677,71.58310330825562,72.36883544921875,1255000,0.0,0.0
72.02864464788205,72.53897301905806,71.90713759854943,72.32025909423828,1411400,0.0,0.0
72.67667655459606,72.79818360130442,72.2797593034469,72.47416687011719,1702100,0.0,0.0
72.49038181141962,72.57948658775466,71.47783315316381,71.81805419921875,1426800,0.0,0.0
72.02863124699982,72.11773598792551,71.43730652642465,71.55880737304688,1690000,0.0,0.0
72.23114298646433,73.21128898488013,72.17444052969992,72.57135772705078,1344800,0.0,0.0
72.5794570342188,72.76576863072079,72.19064196862936,72.27164459228516,1026400,0.0,0.0
72.20684714411041,72.68477317700116,72.04484188081793,72.33645629882812,1342100,0.0,0.0
72.71719151280378,74.0375589146381,72.71719151280378,74.02135467529297,1258400,0.0,0.0
73.1302835272239,73.16268581270702,72.09343511217998,72.27164459228516,1513200,0.0,0.0
74.57214112228216,74.57214112228216,71.17808406482789,72.36883544921875,1626200,0.0,0.0
72.12583502481664,72.77386217284783,71.769416076332,72.4417495727539,968800,0.0,0.0
72.38505920955072,72.76577838990865,72.25545005023531,72.70907592773438,824500,0.0,0.0
72.3202665788933,73.0817050654166,71.83424451136803,72.93589782714844,752800,0.0,0.0
72.93591417390294,73.0655172035742,72.5065944816993,72.84680938720703,764400,0.0,0.0
72.19063004458965,72.58754716101537,71.6884039727121,71.97191619873047,957600,0.0,0.0
71.54260520182947,71.54260520182947,70.78926909561716,70.80547332763672,1462100,0.0,0.0
70.40046920552962,70.54627024447358,69.0072015968622,69.03150177001953,2253100,0.0,0.0
64.82740072111802,68.62648446833305,63.82295439306543,66.57708740234375,3721000,0.0,0.0
68.52118182360891,68.65889312191162,64.81930460904965,64.87600708007812,2899200,0.0,0.0
66.2935726015273,67.58153751060114,65.67794756156913,67.44383239746094,2768800,0.0,0.0
68.22142910497921,69.08006775668797,67.50049548607241,68.70745086669922,2341100,0.0,0.0
68.37535066270594,68.93427300816163,68.04323192140198,68.90187072753906,1334800,0.0,0.0
68.22954921297331,68.86947422361003,67.94603077877044,68.4725570678711,1610100,0.0,0.0
66.74719739611608,67.14411467197837,65.91285843293177,66.29357147216797,2320900,0.0,0.0
67.14409905899208,67.35471082541933,66.26115995144991,66.98209381103516,1631900,0.0,0.0
67.8488591742994,68.01896659963045,67.1927234707582,67.43573760986328,1464200,0.0,0.0
66.47177530265343,66.64188269202864,66.00195754251924,66.22876739501953,1547700,0.0,0.0
67.42761135340173,68.20524766801795,67.21700576701471,68.1728515625,1609100,0.0,0.0
68.81277527032614,68.97478669526284,67.60581951004156,67.67872619628906,1689500,0.0,0.0
67.5329205902281,68.03514056906899,67.11169705560224,67.56532287597656,1518400,0.0,0.0
67.45190205517811,67.70301818847656,66.90917775241915,67.70301818847656,1242600,0.0,0.0
67.63820732213229,67.71920992721611,66.81197086211307,66.9334716796875,1129500,0.0,0.0
67.16029935930706,68.55356047842538,66.97398777297234,68.41585540771484,1591700,0.0,0.0
68.41586510701745,69.67952345052848,68.25385984557923,69.46891784667969,1833900,0.0,0.0
69.3069076538086,70.40046481858481,69.08009781166692,69.3069076538086,3093900,0.0,0.0
68.47258488641803,69.29072587786736,68.31057958400116,68.67509460449219,4858400,0.0,0.0
68.71558111398122,69.05579586846586,68.12425017204923,68.26195526123047,1792100,0.0,0.0
67.36281164279245,68.09184142464373,67.17650004914124,67.67872619628906,2531100,0.0,0.0
67.65443033494785,67.73543915002578,67.0469013024928,67.4033203125,1754200,0.0,0.0
66.67425706940907,67.40329284731192,65.83991852696008,67.13597869873047,2311300,0.0,0.0
67.58152300326392,67.67872986349315,66.49606802773603,66.771484375,1809000,0.0,0.0
66.39636141325316,66.82856469610954,65.5319548475404,65.67874145507812,1798300,0.55,0.0
65.8499781126224,66.74700443392014,65.58086834974839,66.33110809326172,2204000,0.0,0.0
67.00797230511041,67.57881188642926,66.31481573358187,67.12213897705078,1792900,0.0,0.0
67.0161304067983,67.45649024666668,66.05386399114897,66.50238037109375,1600600,0.0,0.0
65.5074864445342,67.50540924072266,65.36885638734583,67.50540924072266,1101200,0.0,0.0
68.04364725390829,69.8703205524724,67.99471422747715,69.82954406738281,1686300,0.0,0.0
69.73982003991094,70.16387296092273,69.5685700523695,69.82137298583984,1393400,0.0,0.0
70.30250366104413,71.40340000343136,69.73982068136377,70.4329833984375,1039100,0.0,0.0
70.22097098229254,71.75407087363295,70.04972095892082,71.50127410888672,1238400,0.0,0.0
71.52574798801949,72.16997791601086,71.31372145208877,71.48497772216797,1474900,0.0,0.0
71.5746415912827,71.5746415912827,71.06089168423578,71.44416809082031,860300,0.0,0.0
70.93859657953303,71.3544930812597,70.49008635599309,70.5634765625,890700,0.0,0.0
70.36773913756213,70.57976558678403,69.18528992230141,69.28314971923828,1971800,0.0,0.0
69.69091631283838,69.821396092212,68.82650955015224,69.76431274414062,1616500,0.0,0.0
69.86214979249434,69.96000960382165,68.5329200187867,68.7612533569336,2730600,0.0,0.0
68.63894553058537,68.7612687667537,68.38614873835756,68.54109191894531,1672900,0.0,0.0
68.51661555767475,69.69906509554917,68.22304853000064,69.42179870605469,2111000,0.0,0.0
68.60632647786382,70.28621941839849,67.17108623446387,69.76431274414062,3203200,0.0,0.0
70.08232623703621,73.27900511439505,69.7724399743835,73.00989532470703,3514400,0.0,0.0
73.34424887810063,73.95585867535866,73.17299888146238,73.87430572509766,2088400,0.0,0.0
73.89061218628417,74.33912848608504,73.56441907930318,73.98847198486328,1526300,0.0,0.0
73.4747472796184,74.12713377291797,73.10778376564907,73.86618041992188,1636300,0.0,0.0
73.7927635007335,75.13830638115589,73.7927635007335,75.1301498413086,1545100,0.0,0.0
74.94260122118303,75.16277804834756,74.37991812053706,74.95890808105469,959400,0.0,0.0
75.13014902287686,75.44003531752847,74.81211241008373,74.97521209716797,1739000,0.0,0.0
75.01599151290951,76.42677442577822,74.8773614281725,76.24736785888672,1221100,0.0,0.0
76.0598062405324,76.4838592654187,75.74176958267657,75.84778594970703,1993800,0.0,0.0
76.12503173250911,76.50830820198075,75.66020853416656,75.78253173828125,1037100,0.0,0.0
75.92115783691406,76.36151761577298,75.26062127943383,75.92115783691406,1109400,0.0,0.0
75.51343392794206,76.04349708222209,74.80397043029707,75.52974700927734,2009100,0.0,0.0
75.41560231242362,75.4971490780207,74.15976221304638,74.52672576904297,1312600,0.0,0.0
74.25760664327977,74.82028983294138,73.9558830257894,74.7632064819336,900000,0.0,0.0
75.35847770964098,75.35847770964098,74.15972162443887,74.48590850830078,1880900,0.0,0.0
73.86616915278734,74.62456569137855,73.1403925560473,73.16485595703125,1543600,0.0,0.0
73.18114427470569,73.77644717482248,72.87942077686318,72.91204071044922,1195000,0.0,0.0
72.92835995671618,74.3391427713225,72.8060367403903,74.2739028930664,1333500,0.0,0.0
74.42069103457428,74.67348779097955,73.36056476683159,73.4747314453125,1942000,0.0,0.0
73.8580000679026,74.78764647710838,73.61335365637825,74.7142562866211,1226900,0.0,0.0
74.69793937196314,75.51341907301432,74.12710606987389,75.41556549072266,1391600,0.0,0.0
75.72545699105447,76.66326003343225,75.49712363568263,76.27998352050781,1971200,0.0,0.0
76.3452170944716,76.59801382823862,75.96194061320107,76.10057067871094,1709300,0.0,0.0
75.66837478037975,76.35337485670821,75.5786715006295,76.15766143798828,1305700,0.0,0.0
76.15766143798828,76.55724481584656,76.01087481854398,76.15766143798828,1074900,0.0,0.0
76.07609720932162,76.40229031327705,75.83960736449433,76.00270080566406,439900,0.0,0.0
76.1495010905483,76.76111093738646,75.92932428319807,76.6387939453125,2228400,0.0,0.0
76.89975017414346,77.47058356439206,76.29629062260372,76.78558349609375,2320800,0.0,0.0
76.52464093094548,76.94869401902689,76.10875060661246,76.14952087402344,1656300,0.0,0.0
76.22290934690336,76.56540942114422,74.82028288482968,75.3177261352539,1803100,0.0,0.0
75.31772159628134,76.95683788367957,75.31772159628134,76.91606140136719,1982600,0.0,0.0
76.32073126278475,76.48383091251685,75.8232944405444,76.1657943725586,1426400,0.0,0.0
75.55418563940488,75.83144571502972,74.95073248180952,75.26061248779297,1794000,0.0,0.0
74.94259498414051,76.20658494319107,74.7224119536829,75.34217834472656,1844000,0.0,0.0
75.3421702240585,76.67139991713202,75.20354016596706,76.07610321044922,1760600,0.0,0.0
75.08940111755801,75.78255788453654,74.40439467114695,74.58380126953125,1478400,0.0,0.0
74.8202771632812,75.79070018770624,74.55932385691702,75.74992370605469,1960600,0.0,0.0
75.95376622724143,76.24733936852863,75.09751019488455,75.21983337402344,1744400,0.0,0.0
75.45635272720176,76.71219249609025,75.19539941299232,76.63064575195312,1565700,0.0,0.0
76.61433845616436,76.79374503978569,75.46451496727403,75.47267150878906,2007600,0.0,0.0
75.08939230800802,75.18724591628735,74.10266235427711,74.1434326171875,2650800,0.0,0.0
74.77134450688321,75.0404481112088,74.17604151812667,74.89366149902344,1483300,0.0,0.0
75.49711954158862,75.83146301621865,74.8202698308571,75.69283294677734,1426200,0.0,0.0
76.198430674137,76.94051401960826,75.96194079742597,76.82634735107422,1139300,0.0,0.0
76.65511350599016,77.01392666651047,76.63065010352162,76.76112365722656,339000,0.0,0.0
76.51648327205736,76.67142022794965,75.96195667117695,76.4349365234375,750000,0.0,0.0
77.18958447504214,77.4602827176369,76.984511186714,77.31262969970703,800100,0.55,0.0
77.18958639753865,77.45207996280276,76.41851506989168,76.44312286376953,969200,0.0,0.0
76.11500539506957,76.63178784867083,75.80329623773967,76.02477264404297,1071100,0.0,0.0
76.02475396147358,76.02475396147358,73.75254515083688,74.69587707519531,1895500,0.0,0.0
74.71231411993843,75.05683579865168,73.11273845447067,73.60491943359375,2428600,0.0,0.0
72.12019472477749,72.73541477903233,71.29170289105392,71.79207611083984,2547700,0.0,0.0
69.99563085859269,70.53702119824732,69.32299058305732,69.50345611572266,2606600,0.0,0.0
69.87258667057384,70.12687560228204,68.765191917695,68.9210433959961,2159100,0.0,0.0
69.20811928290318,69.20811928290318,67.1081650497937,68.24017333984375,4311200,0.0,0.0
68.97845267598922,69.33117900483867,67.73160975676585,68.73236846923828,2132700,0.0,0.0
69.30656046094406,69.6264742609418,67.46090103403107,67.65777587890625,3002500,0.0,0.0
67.94487762451172,68.88821592242962,67.11637985764403,67.94487762451172,2530200,0.0,0.0
66.25506033226849,67.25581875547766,66.14021981731058,66.6488037109375,2556000,0.0,0.0
67.2148389620741,67.50194038230951,66.18947227670363,67.009765625,2432400,0.0,0.0
65.85313226564114,67.39528737389247,64.9262032706156,66.72264099121094,2990600,0.0,0.0
67.12460464875103,67.68240436309287,66.09923798697129,66.9769515991211,3716000,0.0,0.0
67.88748424168749,68.25661377218596,66.86211748103392,67.39530944824219,2039500,0.0,0.0
68.9456752624745,68.9456752624745,66.40276025516555,66.48479461669922,1654600,0.0,0.0
67.32966988801964,69.18352808367614,67.19022154078135,69.15892028808594,2525800,0.0,0.0
71.77566261172736,72.18580925522294,69.41322019819559,70.71748352050781,3423800,0.0,0.0
71.45573445553772,72.81741778557804,71.04558789397836,72.80921936035156,3301700,0.0,0.0
73.21936886750166,73.88380432128906,72.76000044440383,73.88380432128906,3257900,0.0,0.0
72.57956961243546,74.05609411631076,72.53034774813315,73.76078796386719,2481100,0.0,0.0
73.25219521805683,73.5803075359738,72.34986756876125,72.67798614501953,3340400,0.0,0.0
73.62952441154309,73.82639304064938,72.18580652863494,73.80998992919922,2023900,0.0,0.0
73.47367858852351,76.04939932882984,73.4326614157445,75.02403259277344,1751200,0.0,0.0
74.64668208691484,74.95019282752357,73.77717328725271,74.16271209716797,1866400,0.0,0.0
73.27680740525645,74.29396942007666,72.73541078325012,74.03968048095703,2372600,0.0,0.0
73.39981802032719,74.6794730562818,73.2111478827586,74.12167358398438,1373800,0.0,0.0
74.34315923247686,75.35212246972938,73.90840490348674,74.1708984375,1682000,0.0,0.0
72.94869591250341,74.12992046946873,72.44831641314128,73.498291015625,1779000,0.0,0.0
74.18731993577393,75.54900341041689,73.875604510549,75.36853790283203,1587300,0.0,0.0
76.295470226436,76.86967294761199,75.20447879786134,76.730224609375,2250300,0.0,0.0
77.107549548268,78.10010342443113,76.93528875240558,77.87042236328125,2767700,0.0,0.0
78.00989266087,78.62511264440737,77.73099593900355,78.39543151855469,1668600,0.0,0.0
78.04269629210596,78.65791620586022,77.3700561034016,78.63330841064453,2579600,0.0,0.0
78.95322282381274,79.84733943412566,78.92041034384611,79.10087585449219,1640700,0.0,0.0
78.90400249481516,79.20750696418467,77.66535804840419,77.7227783203125,1558400,0.0,0.0
76.79585330869104,77.56692467780417,76.2790645761037,77.27982330322266,2790200,0.0,0.0
77.63255029629438,78.00988442871069,77.08295533766676,77.91145324707031,1583000,0.0,0.0
78.33798916871908,78.52665933085764,77.73097404163161,77.87042236328125,1276500,0.0,0.0
78.03448542161964,78.47744447540921,77.31262969970703,77.31262969970703,1566700,0.0,0.0
78.03447913723042,79.66686688686536,77.68995754258631,79.43717956542969,1201500,0.0,0.0
79.07626869883661,79.63406834610048,78.83017822626641,79.58484649658203,1122800,0.0,0.0
79.47000238846924,79.6176554137354,78.62510139991193,79.21571350097656,1632000,0.0,0.0
79.37155868351833,80.47895306906724,78.92859967763088,80.16724395751953,1546000,0.0,0.0
79.56843952429031,80.4215451939021,79.56843952429031,80.20826721191406,1377700,0.0,0.0
79.82272773659358,80.02780103260443,79.10907667181364,79.65046691894531,1302900,0.0,0.0
79.896557180022,80.16725543208894,79.21571233694708,79.47000122070312,1312600,0.0,0.0
79.77352588633349,80.08523509694814,78.85479510898412,79.61766815185547,1348800,0.0,0.0
80.36412684461303,80.9383295887025,80.21647381636994,80.52818298339844,1474500,0.0,0.0
80.20827655858835,80.79888872624676,79.94578295722252,80.42155456542969,1306900,0.0,0.0
79.6504828193042,80.38054339817515,79.3551767134304,80.37234497070312,1314200,0.0,0.0
80.24109842593688,81.01217620815743,80.03602508031157,80.6512451171875,1285600,0.0,0.0
80.7578709173702,82.88243376703137,80.72506469350841,82.58712768554688,2363600,0.0,0.0
82.75118291079166,83.11211395263672,82.28361599673826,83.11211395263672,2781300,0.0,0.0
82.87420126767394,83.59606311718318,82.55428749649197,83.46481323242188,1689000,0.0,0.0
83.2105538045281,84.0554548966075,83.00548048088393,83.89959716796875,1696800,0.0,0.0
83.91600791221117,84.03904690173884,83.40742380824543,83.75194549560547,1731100,0.0,0.0
83.21056520835458,83.52227445000997,83.03009965748072,83.16954803466797,1576600,0.0,0.0
83.25155012517673,83.44842498738026,82.98085814174202,83.17772674560547,1442100,0.0,0.0
82.82309412348496,83.77157735746968,82.74886811970289,83.63961791992188,1609500,0.55,0.0
84.21695980043195,84.90151792816084,84.08499405859236,84.64583587646484,1725800,0.0,0.0
84.58806556598196,84.93447234107734,84.126198255815,84.48909759521484,1234200,0.0,0.0
83.92001549185991,85.45408212611615,83.59835696781948,85.31387329101562,1170500,0.0,0.0
85.33863379876165,85.52832666564264,84.40664315657101,84.67881774902344,1444700,0.0,0.0
84.15922313545275,84.41489888487513,83.5983813390788,83.9612808227539,1032800,0.0,0.0
83.9777652159126,84.78603954380536,83.12825631864565,84.71180725097656,1374600,0.0,0.0
84.18393979506543,85.28913048424305,84.11795694653854,84.58807373046875,2046000,0.0,0.0
85.46234107501698,86.07266676650458,84.77778309684393,85.12418365478516,1123800,0.0,0.0
85.25614751227073,86.06441546320903,85.01696438200125,85.02520751953125,1032800,0.0,0.0
85.23966340775237,86.60053013987346,85.17368054126193,86.08917236328125,1345900,0.0,0.0
86.51804172008686,86.64175800307342,85.8994665976255,86.57577514648438,1863500,0.0,0.0
86.72421242178217,87.09535488837457,86.29533025030605,86.54276275634766,1133200,0.0,0.0
86.64176392003506,86.7984653495461,86.43557219846664,86.50154876708984,1251100,0.0,0.0
86.11390422168616,86.97990558231453,86.11390422168616,86.84794616699219,1326100,0.0,0.0
87.16134085915371,87.58197361754237,86.84793179371975,87.15309143066406,2090900,0.0,0.0
86.34483130999816,87.13660661875257,85.50356571837293,86.06440734863281,2930400,0.0,0.0
86.27886392789641,87.54075624907608,86.03968077730121,86.2458724975586,2086800,0.0,0.0
86.43555044979117,86.94690176343396,85.95718426592437,86.32008361816406,1765600,0.0,0.0
86.17987399610946,86.46854109358526,85.8334734791385,86.171630859375,1315600,0.0,0.0
86.427313853382,86.95516410275559,85.81698818238218,86.94691467285156,1488800,0.0,0.0
87.13661964809106,87.45002878827258,86.49330250681379,87.00465393066406,1124400,0.0,0.0
86.35308992680254,87.14487166996618,86.02318820836828,86.2458724975586,1279300,0.0,0.0
85.90771771518322,86.51804341944083,85.47058600104849,86.20462799072266,1768500,0.0,0.0
85.97369259193454,86.69124199927944,84.86850806018995,86.57577514648438,1389500,0.0,0.0
86.22112453926454,86.39432481721441,85.6850248451503,86.16339111328125,1504000,0.0,0.0
85.89947266517703,86.02318895690236,85.19017263792188,85.38811492919922,1255100,0.0,0.0
85.74276413560837,86.06442271558282,84.93449611655991,85.08295440673828,1369500,0.0,0.0
85.03345031495215,85.93244934082031,84.95922432814507,85.93244934082031,979500,0.0,0.0
85.7509847325609,86.09738519567604,85.29736058386025,85.8499526977539,990400,0.0,0.0
86.01492671143617,87.15310258230298,85.64377789155472,86.88092803955078,1181500,0.0,0.0
86.83144247056975,87.14485786288603,86.00667572021484,86.00667572021484,947600,0.0,0.0
86.20461830738951,86.62525111356763,85.58604324226268,86.2128677368164,1488400,0.0,0.0
86.11390314481392,86.46030368473345,84.72004526291278,84.93448638916016,1247900,0.0,0.0
85.16541233668582,86.23760528546484,85.0829369240829,86.0231704711914,1192400,0.0,0.0
86.00667106503609,86.71597093534757,85.28087862929738,85.63552856445312,1509900,0.0,0.0
85.45408997047589,86.04792308243776,84.68705658293703,85.20665740966797,1088000,0.0,0.0
84.60456299412041,85.19839597857626,83.86227176355061,84.75302124023438,1233000,0.0,0.0
85.2314105228317,85.59430998135232,84.95924222141345,85.06645965576172,1269200,0.0,0.0
84.91796924949944,85.3880859646093,84.61280333908887,85.1489028930664,925900,0.0,0.0
85.66029076072456,86.74898281732214,84.6293321354438,86.52629852294922,931600,0.0,0.0
86.67473204718215,87.34279737282912,86.52628007756142,86.71597290039062,1286600,0.0,0.0
86.84794046042515,87.27681639763148,86.59225849149306,86.81494903564453,834600,0.0,0.0
86.80670205105713,87.0128937423898,86.46854465688543,86.88092803955078,836000,0.0,0.0
86.98815245765395,87.54074468475183,86.5345282160237,87.45001983642578,2029400,0.0,0.0
87.4500170434803,88.0438501072048,86.2706003453805,88.00260925292969,2725300,0.0,0.0
87.78820297861856,88.34904479980469,87.36757003961073,88.34904479980469,1376100,0.0,0.0
88.3490375450311,88.55522928158763,87.81293777148964,88.42326354980469,1238500,0.0,0.0
88.49749243490987,89.07482675801927,88.37377613925152,88.87688446044922,1080700,0.0,0.0
88.80262491154022,89.94905006734395,88.80262491154022,89.51192474365234,1797100,0.0,0.0
89.59442782332927,90.34496873730558,89.43772638816418,90.22125244140625,1422400,0.0,0.0
89.5366706027882,89.88307739776734,88.89335358599492,89.734619140625,1481700,0.0,0.0
89.14081997083024,89.52846147241216,88.7531784692483,89.14906311035156,1279800,0.0,0.0
88.04385058361656,88.3820079715837,87.09536756239488,87.12010955810547,3362800,0.0,0.0
86.91393129617943,87.58199674591619,86.5510381489164,87.1778564453125,1876800,0.0,0.0
87.57375221426597,87.78819337633024,86.61701956234248,86.74898529052734,2201300,0.0,0.0
86.52629184184157,87.06238525161557,85.6602841464855,86.85619354248047,1677200,0.0,0.0
86.98815468897294,87.78817948520337,86.70773070718901,87.62322235107422,2115200,0.0,0.0
88.28301938753123,89.23974539061152,88.00259546582964,88.02734375,1532500,0.0,0.0
87.95312613642405,88.03560155332353,87.40053392147941,87.4830093383789,1180200,0.0,0.0
87.58198109217615,87.99436445726978,87.21908171730311,87.26032257080078,1445300,0.0,0.0
87.71395919435821,88.10160064697266,87.35106603460027,88.10160064697266,1488600,0.0,0.0
85.19015465893955,85.8417211182091,83.4746383833289,83.87052917480469,3068700,0.0,0.0
83.21898630008822,83.2519777331003,81.0910860643516,81.40449523925781,2783300,0.0,0.0
82.44950697563608,83.39500928090222,82.13433532205966,83.37841796875,1944800,0.55,0.0
84.38198876739604,84.59763156078665,83.9341181939228,84.4483413696289,1495400,0.0,0.0
84.71373848441024,86.38910675048828,84.71373848441024,86.38910675048828,1609900,0.0,0.0
86.38912509423346,87.44244589885851,86.37253377765043,86.92822265625,1603100,0.0,0.0
86.47203975177203,86.5466816733924,85.65094064755854,86.18175506591797,1418600,0.0,0.0
85.80022706892755,87.3097136971333,85.49335741203463,87.22677612304688,1811200,0.0,0.0
87.38439080507457,88.16401817999599,87.07751471909343,87.84884643554688,1641700,0.0,0.0
88.58698103753207,89.98035392939093,88.48745847022695,89.8725357055664,1630400,0.0,0.0
90.2208818388805,90.76828129724242,90.0467110096923,90.4116439819336,1098900,0.0,0.0
91.04198908073505,91.36545647487715,90.64388607333944,91.24933624267578,1289500,0.0,0.0
91.67231512804798,91.87966226488975,90.73510834750684,91.72207641601562,1708400,0.0,0.0
92.43536521464424,92.70906499580445,92.07872783160518,92.1036148071289,1321300,0.0,0.0
92.4519608256551,92.52660277249282,91.8630955989117,92.24461364746094,1230300,0.0,0.0
92.15336606947972,92.29436061009625,91.46497202614106,91.78014373779297,919900,0.0,0.0
91.39033011012374,92.19483804916676,91.1166303587051,92.15336608886719,1290700,0.0,0.0
93.30620079000502,94.98156267776584,93.02421175381757,94.73274993896484,2947000,0.0,0.0
94.68299817163171,95.39626649005764,94.29318454783214,94.55029296875,2244300,0.0,0.0
94.575175319261,95.09769415537276,94.32636255096574,95.03134155273438,1420000,0.0,0.0
95.03134347741603,95.23869061906107,94.60005787926407,95.22209930419922,993500,0.0,0.0
95.35480515455987,96.19248938421441,94.96499151320383,96.12613677978516,1316900,0.0,0.0
96.18418309190884,96.47446779452504,95.172328133305,96.00171661376953,1197200,0.0,0.0
95.76950168391126,95.98514448949113,94.7742315773576,95.67826843261719,988600,0.0,0.0
95.64508081251218,95.993422461109,95.01474378571882,95.71143341064453,856400,0.0,0.0
95.31330528451205,96.092932338928,94.80737789742052,95.74459075927734,1302700,0.0,0.0
95.71973703676508,96.17589694950688,94.54200046892198,95.44603729248047,1848600,0.0,0.0
95.7197321424607,95.7197321424607,95.08939509541698,95.50408935546875,925800,0.0,0.0
95.37138053083699,96.54911699370663,95.0562151831575,95.91048431396484,1112900,0.0,0.0
96.28371268362969,96.93064106087972,96.04319557515358,96.90575408935547,1077200,0.0,0.0
97.18775511766027,97.58586442460535,96.93064667993013,97.41998291015625,1626800,0.0,0.0
97.51120656163019,97.93419647216797,97.30385943478078,97.93419647216797,1416900,0.0,0.0
98.18302884152531,98.18302884152531,97.26240690818504,97.70198822021484,1144000,0.0,0.0
97.79319293421612,98.76357587980768,97.70195970058975,98.59769439697266,1002200,0.0,0.0
98.57281125310368,98.85480660289582,98.12494075242066,98.60598754882812,866300,0.0,0.0
98.57283651617749,99.39392948066724,98.57283651617749,98.92947387695312,967600,0.0,0.0
98.66405946828282,98.81334965784949,98.14154696866564,98.16642761230469,927200,0.0,0.0
98.08346910883152,98.75527165475943,97.86782636372304,98.68891906738281,1096200,0.0,0.0
98.53135099928564,98.68893050290075,98.19129869537541,98.6806411743164,938900,0.0,0.0
98.4318303780454,99.39391777640897,98.07519305926606,99.22804260253906,1314800,0.0,0.0
98.8796772139248,99.35242830651971,98.6972107698126,99.31925201416016,994000,0.0,0.0
99.31926608765308,99.94130742014359,99.26950480592797,99.34414672851562,1226200,0.0,0.0
99.29439614882416,99.48515196781803,98.90458252601194,99.13681030273438,1217900,0.0,0.0
98.79677914637571,99.29441107526354,98.58113632368878,99.02900695800781,1172000,0.0,0.0
99.22802984784138,100.1735321383767,98.75527870257373,99.21973419189453,1347500,0.0,0.0
99.28610708874143,100.0823193737218,99.17828885030848,99.93302917480469,1057700,0.0,0.0
99.92473254414895,99.92473254414895,99.41880503632373,99.66761779785156,1162400,0.0,0.0
99.47687473055964,99.51005103522886,98.4899002317834,98.57283782958984,1604700,0.0,0.0
98.58112056562123,99.23633825955224,97.90102222838297,99.22804260253906,1427200,0.0,0.0
102.42947821103049,102.42947821103049,99.48514654917528,100.45553588867188,1519400,0.0,0.0
100.3809093815271,100.61313719591213,98.7553083530986,99.37734985351562,2116900,0.0,0.0
99.11193895005354,99.33587109067544,98.73042094856957,99.24464416503906,1062000,0.0,0.0
98.82993399007093,99.43538403495592,98.6308761995566,98.71381378173828,1268300,0.0,0.0
97.94248141066399,98.13324354301601,96.02659606933594,96.02659606933594,1800400,0.0,0.0
95.49577763078524,97.90100519993848,95.30502184678724,97.66877746582031,1542400,0.0,0.0
96.86428378816247,97.36191562320086,95.75289990643569,95.95195770263672,2287200,0.0,0.0
95.9768522946348,96.63207006496289,95.81097077369115,96.30860900878906,1591900,0.0,0.0
96.26712667225637,97.5692664146052,96.06807519630807,97.32874298095703,974100,0.0,0.0
96.98867947044322,97.01356010948021,96.05976220409812,96.36663818359375,1743800,0.0,0.0
97.03846788009373,97.85127150636882,96.79794442260145,97.17117309570312,999200,0.0,0.0
97.79320162419808,98.6557601006616,97.70196838246464,98.19960021972656,1731900,0.0,0.0
98.53138040003037,98.87142647767509,97.68540037984705,98.74701690673828,1537700,0.0,0.0
99.61786531416621,99.99108765330516,99.21146667167868,99.26952362060547,998200,0.0,0.0
98.98752527964389,99.05387788437945,97.61903286370301,97.71026611328125,1112800,0.0,0.0
97.48633504240951,98.39036556276803,97.03846444717155,97.6439208984375,1134000,0.0,0.0
97.6107457029915,99.0787607309249,97.27898899967413,98.6972427368164,1582200,0.0,0.0
99.0141568855431,100.13163859930242,98.85570551680628,100.08160400390625,1473100,0.65,0.0
99.71465611030558,100.51524136428834,99.23096719774746,99.27266693115234,1515100,0.0,0.0
99.93148447914461,100.69037000889314,99.47281285609225,99.9398193359375,1962300,0.0,0.0
99.54788122653164,100.85717283707011,99.33939526076128,99.98152923583984,1587600,0.0,0.0
99.74802407797158,100.17333722156278,98.98079726550299,99.28935241699219,1724100,0.0,0.0
99.78136495820289,100.07324398064934,99.26431757380807,99.46446228027344,999600,0.0,0.0
99.29765303277682,99.8397175843257,98.97241557434431,99.70628356933594,1070800,0.0,0.0
99.53949543004815,99.72296401576199,97.61308800502067,97.73817443847656,2175500,0.0,0.0
98.0550732803975,98.81395851839004,96.87087509749537,97.07936096191406,1824200,0.0,0.0
96.8292015050115,97.07938715480975,94.91946970817531,95.93688201904297,3983300,0.0,0.0
96.11200968240686,97.73819732292849,96.05363387896469,97.40462493896484,1781200,0.0,0.0
96.76247811971746,96.92092944500133,96.30381294189908,96.6040267944336,1297900,0.0,0.0
97.62979053326832,97.62979053326832,96.62906061951719,96.64573669433594,1195300,0.0,0.0
96.72912038458705,97.36291932830565,96.65406851147452,96.79583740234375,1500300,0.0,0.0
97.45466417323232,97.68816739814052,95.8701698238736,95.97024536132812,1790500,0.0,0.0
96.37886683646498,96.67908705778314,95.95355379585007,96.50395965576172,2659000,0.0,0.0
94.83607635449788,95.90352324742811,93.26825816333191,94.4691390991211,3767000,0.0,0.0
93.51843321797337,94.88610018991123,93.5100920006183,94.28565979003906,2427400,0.0,0.0
94.65261946826713,94.94449852012139,93.80199960822243,94.31069946289062,2232400,0.0,0.0
93.96878082017157,94.34405295794751,93.26826477050781,93.26826477050781,1807300,0.0,0.0
93.13482672681681,95.58662308434332,92.98471661589713,94.55252838134766,2324600,0.0,0.0
94.73600566586224,95.01120862146495,93.62685898721058,94.50250244140625,1668500,0.0,0.0
94.66093779175651,95.70336726944856,94.44411067890087,94.9361343383789,1264200,0.0,0.0
95.34477457282976,95.37813308076801,94.68595835664017,94.71097564697266,1465300,0.0,0.0
94.71100129676083,94.94450455308149,93.00975510608474,93.50178527832031,1400500,0.0,0.0
93.61018668473541,95.06124703982232,93.27660790957546,94.58589935302734,2484100,0.0,0.0
94.91948678493529,94.99454503837248,94.34406350436738,94.7026596069336,1322500,0.0,0.0
94.76100519376654,95.87849288163811,94.42743285707363,95.08624267578125,1945400,0.0,0.0
96.17038198101991,97.81325199835828,95.90352026608326,97.70484161376953,1605400,0.0,0.0
97.54635063840988,99.13917906262809,97.30450631340116,98.18848419189453,1462700,0.0,0.0
97.12942321936545,101.44925181595369,96.73746866453732,101.03227996826172,2558200,0.0,0.0
101.39920457473316,103.06709186198911,101.39086971928613,102.78355407714844,2256100,0.0,0.0
102.37492500975358,103.56746469253915,102.17477395128967,103.3339614868164,1655400,0.0,0.0
103.80930782411463,104.21793842904285,102.79189555828573,103.00038146972656,1482200,0.0,0.0
102.80022570444207,104.2262748723565,102.24148501437315,104.21793365478516,1345800,0.0,0.0
103.93440348366516,104.36805778085085,103.32562813134672,103.88436889648438,1308800,0.0,0.0
103.82598979238749,104.22628556457464,103.32562484901766,103.48406982421875,1161800,0.0,0.0
103.35898768225827,103.73425981485651,102.75854718011252,103.37566375732422,1064800,0.0,0.0
102.87530440053989,103.7759652028516,102.79191129569313,102.97537994384766,1897400,0.0,0.0
103.00872216709254,103.92606531944526,102.73352558387218,103.77595520019531,1569900,0.0,0.0
103.80930357227636,104.44309613610825,103.7509277739633,104.19291687011719,1151800,0.0,0.0
104.24296743843237,104.88510131835938,104.02614028466442,104.88510131835938,465000,0.0,0.0
104.58489002537421,104.86842784986167,104.01780801391328,104.13455963134766,906200,0.0,0.0
103.90102198045554,105.21031943850129,103.51740871782117,104.75164794921875,1222800,0.0,0.0
105.33538964759965,106.41951862113126,104.39303588867188,104.39303588867188,2457700,0.0,0.0
104.8267288495432,105.30207654170157,104.15957765418175,104.49315643310547,2443100,0.0,0.0
103.90104571051414,104.88509956114582,102.99205010367324,104.40975189208984,1918400,0.0,0.0
104.86007107132663,105.59394554343223,104.62656787110576,105.16863250732422,1661600,0.0,0.0
105.16028953476705,105.65231958058105,104.58487276167699,105.48552703857422,1011700,0.0,0.0
105.27707233825329,106.73647411035058,105.19367922377366,106.68643951416016,1021200,0.0,0.0
106.66138266471758,106.71141724235456,105.1602817107637,105.72736358642578,1393500,0.0,0.0
105.46884796069871,105.9275131225586,104.62656314439529,105.9275131225586,1157300,0.0,0.0
105.92751362797702,106.39452637203385,105.40213144870846,105.90249633789062,803600,0.0,0.0
106.18604732912421,106.42789175305293,104.71830471191215,105.21033477783203,1247500,0.0,0.0
105.24366618837705,105.49385178107276,103.33394118990316,103.54242706298828,1640300,0.0,0.0
103.3506428877904,105.36044389420339,103.29226708335067,104.30133819580078,1364100,0.0,0.0
104.30967305138635,104.89343106017448,103.53410520400494,104.17623901367188,3206600,0.0,0.0
104.3847322918698,105.06856587719997,103.97610165688221,105.04354858398438,1048200,0.0,0.0
105.51055017045073,105.68568393987475,104.7433235221994,105.01018524169922,836600,0.0,0.0
104.91845296262869,105.00185242110808,103.9927749633789,103.9927749633789,859700,0.0,0.0
103.94273910402286,104.20960082542338,103.20887096079277,103.95108032226562,821400,0.0,0.0
104.16792272920912,104.39308475488777,103.91773704513396,104.11788177490234,436100,0.0,0.0
104.30967280739236,104.69328612119654,104.05948716850547,104.41808319091797,498200,0.0,0.0
104.58574429623722,104.79531816307244,102.72472733543063,102.80855560302734,991900,0.65,0.0
103.10194798699995,103.43726742136214,102.27203734361034,102.68280029296875,905600,0.0,0.0
103.09358632130258,103.09358632130258,102.14630828625806,102.65766906738281,830400,0.0,0.0
103.72230522121622,104.00732262181431,102.03732947230293,102.70796203613281,1298800,0.0,0.0
103.15227657258423,103.3534657266387,102.59899840432455,103.10197448730469,1135000,0.0,0.0
103.06842701233228,103.63846819624445,101.18226217675793,101.94511413574219,1480500,0.0,0.0
102.19660909073176,103.2863894205497,101.76907658817976,103.00975036621094,958600,0.0,0.0
102.8420714255756,103.30313641573257,102.43130850432674,102.50675201416016,980900,0.0,0.0
102.57384426063379,103.0265246262239,102.09601605179213,102.74988555908203,1560400,0.0,0.0
102.69119063276892,103.34506004777384,102.28880601047311,103.24446868896484,1139000,0.0,0.0
103.10198205711767,103.26126028010272,100.64577550261238,102.78343200683594,1287100,0.0,0.0
102.7834017154162,103.66361446261462,102.7834017154162,103.43727111816406,1021600,0.0,0.0
102.89238459524199,103.32830182291382,102.48162160414451,102.9594497680664,964100,0.0,0.0
103.06005382359137,103.97379287532164,103.06005382359137,103.66362762451172,989600,0.0,0.0
103.61332899262588,104.16660712711385,102.78341818658144,103.42052459716797,1145600,0.0,0.0
103.73909000879162,104.30074657730833,103.35347476492842,103.73070526123047,1109700,0.0,0.0
103.61331801356827,104.057613585931,103.23608761325306,103.99055480957031,1145700,0.0,0.0
104.30908718012817,106.8826535630342,103.83125910237969,106.51380157470703,2431200,0.0,0.0
108.2323293852414,109.11254219304963,104.65280412222063,107.77965545654297,3539400,0.0,0.0
107.92219334305081,109.01196752318187,106.61444769810308,107.47789764404297,1915600,0.0,0.0
107.5281748040016,108.6766356251976,107.5281748040016,108.02276611328125,1176000,0.0,0.0
107.98921092101696,108.0227371061285,107.06708093830409,107.96405029296875,1483900,0.0,0.0
107.71258811467757,107.82994896726396,106.09467122755056,106.63117980957031,1664200,0.0,0.0
106.58090420780024,107.23477376559113,105.59171512415334,106.36294555664062,1371300,0.0,0.0
106.12819810509164,106.75691966542476,105.67551781416944,106.4467544555664,964400,0.0,0.0
106.96651453690751,107.01681662068488,106.01924283565499,106.63957977294922,1486600,0.0,0.0
106.51384659000527,107.11742050028514,106.31265741847481,106.70665740966797,741000,0.0,0.0
106.91621457323645,107.2850666596442,106.30425601130428,106.41323852539062,1114600,0.0,0.0
106.39645450812233,106.79045438378209,106.06113505677233,106.56411743164062,759200,0.0,0.0
106.56411193575352,107.51976176993195,106.56411193575352,106.68147277832031,1164100,0.0,0.0
107.00003197049227,107.38565351018042,106.61441682649092,107.30181884765625,725200,0.0,0.0
107.58683593798601,108.67662259093338,107.58683593798601,108.45027923583984,897700,0.0,0.0
108.39162856231178,108.73533284385582,107.75451569088841,108.64311981201172,960900,0.0,0.0
108.29938469475577,108.96163243207566,108.05627186576186,108.77720642089844,838400,0.0,0.0
108.83592725010237,109.23830558597254,108.4670751124811,109.1963882446289,1185500,0.0,0.0
108.2826400458975,109.28021384664956,107.32698358300593,109.23829650878906,1939500,0.0,0.0
108.93649150073156,109.73286962238035,108.64309576716279,109.32211303710938,1502900,0.0,0.0
108.7688371499461,109.69096728279571,108.68500248646023,109.0790023803711,1299600,0.0,0.0
109.38080105806033,109.69935746401546,108.45029247505335,109.33050537109375,1589000,0.0,0.0
108.97843398093578,110.38676452636719,108.61797299301337,110.38676452636719,1661300,0.0,0.0
110.21907936615243,110.66337491998208,109.87538796188431,110.55440521240234,1125100,0.0,0.0
110.32807040306106,110.82266167425983,110.08497033816859,110.66338348388672,2274600,0.0,0.0
111.72803238769325,113.37109733076605,111.68611505097769,113.10283660888672,1884000,0.0,0.0
112.75913699959406,113.08607177323938,112.22262832511518,112.53280639648438,1661100,0.0,0.0
112.38190246332724,112.70045887428911,111.77832862749176,112.60824584960938,1030000,0.0,0.0
111.92921263279707,112.70044291574055,111.86214746149241,112.4489517211914,1256200,0.0,0.0
112.15555919202261,112.63339380895526,111.81186772820519,112.24777221679688,1167000,0.0,0.0
112.23101043701172,112.8764887898504,112.10525843180469,112.23101043701172,869800,0.0,0.0
112.05495161785456,112.38188633272465,110.94840827189947,111.45137786865234,1154200,0.0,0.0
112.25616801388244,112.39867673237468,111.46816809520409,112.34838104248047,976500,0.0,0.0
112.348386597748,112.70046923579274,111.99630395970327,112.5579605102539,890500,0.0,0.0
112.01306269762804,112.13042357910814,111.25860171545263,111.69451904296875,913600,0.0,0.0
112.25615846299243,113.9495062384463,112.08850191381751,113.5555191040039,1002000,0.0,0.0
113.26213153924856,114.02498368944782,112.41545749461528,112.73400115966797,1001700,0.0,0.0
113.16989490466804,113.83214273553503,112.76751663770297,113.58904266357422,2867700,0.0,0.0
113.77346445468905,114.03333400889242,113.18666017239528,113.35431671142578,915600,0.0,0.0
113.7734931449941,113.98306706947407,111.69452339573847,111.89570617675781,1109100,0.0,0.0
111.86215970883454,112.36512936162747,111.40109460024317,112.20586395263672,819600,0.0,0.0
112.09690439483472,112.65856099073183,111.54362615121876,111.8621826171875,1207800,0.0,0.0
111.87889423743765,112.49084621320986,110.94838596048797,111.30046844482422,1215400,0.0,0.0
109.74127353799486,110.74722563988087,108.2826346758664,110.35322570800781,1734700,0.0,0.0
110.50410018042392,111.88728240393681,109.7077093575938,111.41783905029297,1476100,0.0,0.0
111.26622587735783,111.44312591028579,110.78604293664742,111.15670776367188,947600,0.65,0.0
110.97136269125942,112.10020895049107,110.90396792546667,111.71269226074219,752200,0.0,0.0
111.48526184220623,112.35294876063323,111.29150988046509,111.59477996826172,1095800,0.0,0.0
112.01597333545799,112.36136672389644,110.11211921729618,110.84501647949219,1945500,0.0,0.0
110.84502885725989,111.11459512290101,110.30588347173774,110.87030029296875,981200,0.0,0.0
111.3673048733832,112.19286830366214,110.33113760905692,110.40695190429688,1190400,0.0,0.0
110.5923049617501,111.49369570985824,110.21322056051147,110.87872314453125,958900,0.0,0.0
110.74391638644319,111.46839402847131,110.72706448195784,110.97135925292969,725300,0.0,0.0
110.95453710525035,111.85591489185965,110.95453710525035,111.40101623535156,927500,0.0,0.0
111.13143066738142,111.90645124155796,110.65968013129466,111.88117980957031,1400100,0.0,0.0
111.86433853798279,111.86433853798279,110.17950768936696,110.24690246582031,1453900,0.0,0.0
110.11210749694153,110.83658515580788,109.65719604492188,109.65719604492188,747400,0.0,0.0
110.05315402831994,110.75236039531022,109.65721773792495,110.6681137084961,862200,0.0,0.0
110.00257435023724,112.04121751744492,110.00257435023724,111.52734375,1610400,0.0,0.0
111.87274528169159,112.20128670771211,111.02189767141142,111.29989624023438,1098400,0.0,0.0
111.86432282193584,113.65867153697656,111.63687994437889,113.37225341796875,1276400,0.0,0.0
113.61656188964844,114.32420060112948,113.3806866039011,113.61656188964844,2193400,0.0,0.0
116.91882559192207,120.31377141831578,116.78404889958537,117.73596954345703,4098900,0.0,0.0
117.01992063758884,118.77214612732477,116.85985966265437,117.31475830078125,2972700,0.0,0.0
117.51693120790851,117.85389217720413,117.10414309441992,117.21366119384766,1938600,0.0,0.0
117.34002108258633,118.1150544676828,117.12099773285571,117.44953918457031,1230300,0.0,0.0
117.38213586599095,117.61801110366525,116.17748824888545,116.32911682128906,1535500,0.0,0.0
116.15222271588793,116.3207032007448,115.05708028296269,115.95845794677734,1626800,0.0,0.0
116.64082916231685,117.02833300549352,115.1244790375793,115.59622955322266,1675300,0.0,0.0
115.46144773958191,116.32071501009642,114.97284528592614,116.21119689941406,1223000,0.0,0.0
116.46389150644866,116.72503813958664,115.77310493109744,116.48074340820312,1541600,0.0,0.0
116.96936955522735,117.63487198641145,116.58185286133464,117.60118103027344,924600,0.0,0.0
117.38212531276797,117.7527900398563,117.17995390107268,117.55060577392578,874000,0.0,0.0
117.44956331349579,117.7612529241149,116.75035693071669,117.05362701416016,792200,0.0,0.0
116.98620487258125,117.31474631495038,115.91634673069848,116.50603485107422,893300,0.0,0.0
116.53972927361147,116.53972927361147,114.96441677925718,116.25331115722656,1084900,0.0,0.0
116.0174667765908,116.2364901848944,115.51201232144001,115.73104858398438,961000,0.0,0.0
115.86578698330243,116.41336460434701,115.7141584094429,115.99215698242188,776800,0.0,0.0
116.2954699892566,116.31232189955149,115.41935061329987,116.01747131347656,772700,0.0,0.0
116.01743638113538,116.01743638113538,113.48177095048543,113.54073333740234,1625800,0.0,0.0
113.69235551378259,114.76221351065645,112.79938464769067,114.0208969116211,1216400,0.0,0.0
115.56252488550003,116.10168301850815,113.98721238510873,115.41089630126953,1085300,0.0,0.0
115.84896546472149,116.28701220276228,115.57096684967341,116.13538360595703,817700,0.0,0.0
116.25331745076407,117.1378561326501,115.83210977884102,116.910400390625,1064100,0.0,0.0
117.34848103929966,117.69387447731134,116.66612654494116,117.5338134765625,862100,0.0,0.0
117.92130014867591,118.55311167754358,117.2305262279846,118.35935974121094,891200,0.0,0.0
117.98869307820623,118.59523316478544,117.96342164578527,118.24983978271484,693900,0.0,0.0
118.03082648395696,119.13438864125641,117.76124737615652,118.86482238769531,972500,0.0,0.0
118.76370467874438,119.19334470586584,118.18243606857108,118.96588897705078,1223600,0.0,0.0
120.60017957983867,121.04665866844752,119.62297472942633,120.7518081665039,1343400,0.0,0.0
120.93712471579778,122.03226705262587,120.5833118723738,120.979248046875,1084000,0.0,0.0
121.00459257614816,121.61955244783108,120.92034586309848,121.32471466064453,1490900,0.0,0.0
121.04665260403816,121.40046547610201,120.28847114598396,120.44853210449219,963300,0.0,0.0
120.5580698594887,121.90593965741037,120.22952836370315,121.78800201416016,1513600,0.0,0.0
121.78800866321511,122.11655017693748,120.5496569143601,121.80484771728516,1455300,0.0,0.0
121.88906141083692,122.47032997490548,121.14773189675105,121.98172760009766,1140500,0.0,0.0
121.98173955495926,122.65567437433776,120.86132564926795,121.91434478759766,1139100,0.0,0.0
122.25130074656124,123.55704699528124,121.88063596842271,123.34644317626953,1175400,0.0,0.0
123.80139079282432,123.83508175784488,122.97581432605202,123.61605834960938,1259800,0.0,0.0
122.39451374944122,124.87121679759555,122.36082279317675,124.85437774658203,1104200,0.0,0.0
125.15767856159675,125.99166169025497,125.00603708550581,125.20822143554688,2145600,0.0,0.0
125.78945124103194,126.56447172816003,125.3429593328437,126.513916015625,890200,0.0,0.0
125.82316814889212,126.60660832259249,125.5283176090165,126.02535247802734,1296400,0.0,0.0
126.0843122168475,126.32018750208238,123.43070883083566,123.50652313232422,2165200,0.0,0.0
123.36328324216004,123.53176371035343,122.53771995004742,123.15267944335938,1196200,0.0,0.0
123.22010017189399,123.48124688076953,122.6725224670609,122.80731201171875,1344600,0.0,0.0
123.00111590924477,123.24542366892308,122.06603393629948,122.43669891357422,837400,0.0,0.0
121.9059521051005,122.5209118181096,119.75779001904581,119.85045623779297,1702100,0.0,0.0
120.8152014782071,122.05923692571446,120.40898977490997,121.55147552490234,773900,0.65,0.0
121.58532923170628,121.69535002017946,119.40192019679898,119.85044860839844,1049800,0.0,0.0
120.20582155864784,121.80529311677705,120.20582155864784,121.22982788085938,1231700,0.0,0.0
122.03382674868222,122.55005913686287,121.61068587027955,121.9576644897461,469500,0.0,0.0
122.19462899318074,123.3540309308138,121.99151671173829,123.11707305908203,1079200,0.0,0.0
122.73623961531766,123.26093016143876,121.9068871265249,122.16077423095703,836900,0.0,0.0
122.4569362279997,124.38645710571018,122.31306991581963,123.60787963867188,989400,0.0,0.0
123.2355580112778,124.59807229687095,123.2355580112778,123.76026153564453,1088700,0.0,0.0
123.734857402544,124.01411900974676,122.46543480777564,123.4048080444336,1085500,0.0,0.0
124.21724804965565,124.83503018017096,123.57407849687507,123.76026153564453,754300,0.0,0.0
123.64176474413847,123.65868108104905,122.28770882370341,122.45696258544922,1157200,0.0,0.0
122.67701291901389,123.52329470183115,122.48235881143655,123.30325317382812,911100,0.0,0.0
123.07475920912513,124.15801182176149,122.67701863285214,123.73487091064453,801400,0.0,0.0
123.53172487821517,124.22566906799308,123.26090857072859,124.0987319946289,907800,0.0,0.0
124.3610997781259,125.01274033713065,123.92950073717283,124.9788818359375,940700,0.0,0.0
124.7927582266164,125.01278691341,124.00570919607574,124.50501251220703,1178600,0.0,0.0
123.99722175258403,125.15662376863888,123.49790564108541,124.64884948730469,1642700,0.0,0.0
121.39911023556388,121.75454700862232,118.49637013230277,120.15507507324219,3224800,0.0,0.0
121.01827117535447,121.50065789517436,118.97027121274408,119.87578582763672,2068700,0.0,0.0
119.92657474921819,120.02812441197408,118.47096932129737,118.5386734008789,1307300,0.0,0.0
118.79253334509237,119.19875777397968,118.06473071820832,119.17337036132812,1394600,0.0,0.0
119.06337532569401,119.38496650632352,118.40327662783746,119.18185424804688,1305900,0.0,0.0
119.50343255561643,119.93503153057362,118.95334175783641,119.08029174804688,1181200,0.0,0.0
119.4103672035307,119.61346657115905,118.10708599948322,118.40328979492188,1621300,0.0,0.0
118.53865708712664,119.97733306884766,118.53865708712664,119.97733306884766,1484700,0.0,0.0
120.00276929697225,120.0366148892567,118.6233257448188,119.68963623046875,1419300,0.0,0.0
119.8335234950641,121.06908785094977,119.64734044200125,120.91676330566406,1223300,0.0,0.0
119.90122703105997,120.60364263754028,119.19035325338297,119.89276885986328,1335600,0.0,0.0
120.129643124435,120.129643124435,119.26643247370981,119.61341094970703,1009500,0.0,0.0
119.5373144519592,119.98584281118019,118.7248781727979,119.09724426269531,1306600,0.0,0.0
118.93643433849353,119.19879253445326,116.23680633784653,116.3383560180664,2062200,0.0,0.0
116.88843283333915,117.56546082557533,116.61762938438562,117.09154510498047,964300,0.0,0.0
118.10706744647162,118.37788377841517,117.51467286188692,117.67546844482422,777800,0.0,0.0
117.68393265009144,118.23402351010968,117.62469964521095,117.70932006835938,1165000,0.0,0.0
118.08169614464816,118.64024522058435,117.54853448914223,118.50483703613281,1091400,0.0,0.0
117.25233710786652,117.59084463697971,115.2043368562924,115.25511169433594,1633300,0.0,0.0
115.07738585817037,116.3721958700817,114.70501983140788,114.8150405883789,1123700,0.0,0.0
114.75581359863281,115.12816673168254,114.3072852919448,114.75581359863281,1150600,0.0,0.0
115.23817311314039,116.85457419723095,115.05199011323292,116.67684936523438,918900,0.0,0.0
116.10137679774958,116.3383346168293,115.46666558666477,115.5005111694336,729000,0.0,0.0
115.72901543016602,115.86442359309939,114.84041711661135,114.98428344726562,740900,0.0,0.0
115.69516474307387,116.26217187296105,115.4666650923564,115.77978515625,621700,0.0,0.0
116.0336839841068,116.35527516117922,115.26356454071437,115.54283905029297,591800,0.0,0.0
114.98431700109131,116.01678194658612,114.41730968073547,115.81368255615234,912100,0.0,0.0
115.72905117276729,116.12680470345843,115.34822689597965,115.88984680175781,1016900,0.0,0.0
116.28759483195543,116.59225682162223,115.91522874311418,116.3722152709961,867800,0.0,0.0
116.7869152007098,117.34546441606433,116.43993648390729,116.54995727539062,706700,0.0,0.0
116.2114403780646,116.6091810034532,115.12818763166108,115.47516632080078,1069800,0.0,0.0
116.06752745162352,116.27909787199705,115.58515360805339,115.85595703125,1097300,0.0,0.0
116.15218707000771,117.38776428641988,115.66134203407613,116.89691925048828,1219400,0.0,0.0
116.651510688486,118.82646168105347,116.651510688486,118.5133285522461,1302900,0.0,0.0
119.2157095740967,119.774258645064,118.80949793759099,119.76580047607422,1125300,0.0,0.0
120.01121713938285,120.8998155909092,119.62193475204741,120.891357421875,810900,0.0,0.0
120.58671143075283,121.18756434261486,120.2905076032804,121.018310546875,753200,0.0,0.0
120.83211095595007,123.10861099972865,120.42589931913646,122.77010345458984,1901400,0.0,0.0
122.68544192552382,123.41324460227605,121.77145626774902,123.25244903564453,1915700,0.0,0.0
123.54017179182978,124.43722813050788,123.23550993027578,124.35260772705078,712000,0.0,0.0
124.48807677190524,125.33435869989036,124.31881005571829,125.24972534179688,1025700,0.0,0.0
125.35971045888051,125.48664754666873,124.63190769134924,125.04657745361328,932000,0.0,0.0
125.04655302260507,125.33429855409626,124.64034150781268,124.69111633300781,825700,0.0,0.0
124.69961671574202,125.18199058167971,124.52189187256438,124.7419204711914,793200,0.0,0.0
124.6911332287132,124.87731622181077,123.61636484783442,124.462646484375,1112100,0.0,0.0
124.67423784688098,124.93658313218234,124.24262587523734,124.47958374023438,617900,0.0,0.0
124.93656961527473,125.34278120943083,124.29338726852437,125.04657745361328,931600,0.0,0.0
124.97853780333878,125.57408923774457,124.57867348904443,125.23377227783203,697500,0.78,0.0
125.0210972625988,125.95695281151397,124.74034059792426,125.88038635253906,1006100,0.0,0.0
125.88036969749571,127.75206756591797,125.88036969749571,127.75206756591797,1180900,0.0,0.0
127.79459952093532,128.35609975341612,127.2586084544505,127.43726348876953,1586300,0.0,0.0
127.42873082594367,127.90516144911639,127.1649933725274,127.62440490722656,1376100,0.0,0.0
127.68400904156802,129.84496667586487,127.46281274255033,128.89210510253906,1336300,0.0,0.0
128.55177699537356,129.04521380203474,128.2369822275565,129.002685546875,801000,0.0,0.0
129.4025881325755,129.5301988993756,128.68792889319485,129.06227111816406,750900,0.0,0.0
129.742855380248,129.742855380248,128.78999397358675,128.99417114257812,930200,0.0,0.0
128.9941973609932,129.0197195123046,128.35611761467763,128.841064453125,974300,0.0,0.0
128.68788347843375,130.46600841952608,128.50071243200298,130.36390686035156,814700,0.0,0.0
131.0190426323477,131.34234052807307,129.89601603567996,130.01513671875,702400,0.0,0.0
130.56808835270962,130.84884490376837,130.18524323099726,130.5170440673828,535800,0.0,0.0
130.20223282315018,130.50000842546783,129.87043202885093,130.22776794433594,725900,0.0,0.0
130.3724420398053,131.35082566836908,129.9470555957751,130.81483459472656,785500,0.0,0.0
130.4149654600667,130.80632668603013,129.88749044320443,130.5766143798828,876200,0.0,0.0
131.30824374270875,131.9718453512426,130.87435437767047,131.89527893066406,1477800,0.0,0.0
127.0629295621531,133.80955199009463,126.28872315777062,132.30368041992188,2293900,0.0,0.0
133.25657159118424,135.57917811464455,132.72058047739918,134.77944946289062,2129300,0.0,0.0
134.56673749915956,134.6007756822825,132.76310324654133,134.03074645996094,1621700,0.0,0.0
134.9921066313627,135.25584409886173,133.93714377960515,133.9967041015625,950400,0.0,0.0
133.9967252504663,135.37497312744964,133.97970615839785,135.3239288330078,1136500,0.0,0.0
134.80493706670336,135.15375700316463,133.8520757590645,133.8690948486328,979100,0.0,0.0
134.07328402344666,134.3200154081544,133.14594477609248,133.1629638671875,1015900,0.0,0.0
133.53727905520756,133.59682638938915,131.8442368311047,131.9718475341797,1725100,0.0,0.0
132.2271025838641,133.57982817487652,131.60604209558534,133.55430603027344,883900,0.0,0.0
133.56280064616107,134.07325643812055,132.89068299470486,133.8265380859375,1031300,0.0,0.0
133.99672137417372,134.61778190818887,133.23103101616942,134.41360473632812,1061700,0.0,0.0
134.4050918144719,134.7794339472429,133.78403126606375,134.27748107910156,570100,0.0,0.0
133.81808032959393,134.38810966726044,133.6734504764638,134.12435913085938,425800,0.0,0.0
133.37569470527788,133.42673901120364,132.05699388120823,133.01837158203125,1160300,0.0,0.0
132.51637426073574,133.92866030542112,132.48234905875836,133.69044494628906,757000,0.0,0.0
132.9672903175341,134.4901810724639,132.77161618618078,134.09031677246094,916800,0.0,0.0
133.19698897505356,135.00062317698632,133.00131486376682,134.8815155029297,1084100,0.0,0.0
134.27746773245033,134.27746773245033,132.17605795380064,132.5929412841797,918500,0.0,0.0
132.8226860944422,134.7879697877559,132.5844706759658,134.3540802001953,839500,0.0,0.0
133.54581511979913,134.12433442575886,133.1289317504363,133.69044494628906,793200,0.0,0.0
134.03077067170278,135.77485789155813,133.61390021636635,135.14529418945312,713800,0.0,0.0
135.34946604389236,136.0896473409676,135.281402649807,135.6642608642578,851700,0.0,0.0
135.5280982225611,136.01303192720476,134.72836978082995,135.8003387451172,744700,0.0,0.0
136.1236450712411,136.52350931717885,135.82586940494278,135.98751831054688,346200,0.0,0.0
136.19177326614752,137.05956555135822,135.99609906812847,136.82135009765625,759600,0.0,0.0
137.18712686215815,139.98616392460994,136.77024347763813,139.93511962890625,1609800,0.0,0.0
139.95210448572325,141.2793077764089,138.91416078777462,141.1261749267578,1455600,0.0,0.0
141.50907627836645,144.22304425672098,141.11771498188003,143.9933319091797,2090300,0.0,0.0
144.04430869060573,144.36760643694726,138.30159356638455,140.26687622070312,1913600,0.0,0.0
141.9940009453259,143.69554685470914,141.27085172289705,141.4154815673828,2221600,0.0,0.0
142.10459535114921,142.50445964960264,140.24991667471758,140.39454650878906,1118400,0.0,0.0
141.67069156403556,142.30877116976976,140.4710987896322,141.4835205078125,978500,0.0,0.0
141.15173752911787,142.71715657804643,141.15173752911787,141.6451873779297,872400,0.0,0.0
141.47502240941463,142.0705738356884,141.27084521801973,141.6451873779297,1178700,0.0,0.0
142.4193732014112,142.56401601321872,139.8755706292238,140.40304565429688,1844600,0.0,0.0
140.66680392047667,140.92203841540746,139.30557491712187,139.4246826171875,1481300,0.0,0.0
139.62034514508844,140.56470361046016,139.05032884354185,139.37362670898438,2143100,0.0,0.0
139.84153474425693,140.35200366719948,138.32716004976166,138.37820434570312,979400,0.0,0.0
139.5352257969186,140.98154977174036,139.14387762486373,140.52212524414062,1985400,0.0,0.0
140.94754174679036,141.71324512934268,140.78589282219275,141.2793426513672,1330000,0.0,0.0
142.01947648799012,142.8192048800307,141.28782444956067,142.47039794921875,1004100,0.0,0.0
142.8873124162945,143.6870410555197,142.61507182650826,143.3977813720703,1057500,0.0,0.0
143.78062338675662,143.95077537429339,142.7426793864886,143.1510467529297,829500,0.0,0.0
143.635962543774,143.635962543774,142.03650564629683,142.1896514892578,623400,0.0,0.0
142.52144651177835,143.04892143225464,141.82380666568673,142.16412353515625,524000,0.0,0.0
142.1641293457246,142.29174006339068,141.49201161465209,142.1896514892578,1215900,0.0,0.0
142.8392903587811,142.8392903587811,142.09565152986133,142.4973907470703,866800,0.78,0.0
143.13847084638664,143.22393923309974,142.44610257099143,142.6170654296875,724300,0.0,0.0
143.01023408233357,143.16409803090343,140.7365639375181,141.2665252685547,1281100,0.0,0.0
140.8989505137052,142.01014360838244,140.1125711193911,141.85629272460938,1547300,0.0,0.0
141.0357513027599,142.67689302553038,140.61691316414857,142.0187225341797,1392200,0.0,0.0
142.5059102560504,142.83072396364662,140.80492931710194,141.91612243652344,1442600,0.0,0.0
141.95033983577218,144.12997262811805,141.71099446266405,143.23248291015625,2292300,0.0,0.0
143.33499807964904,144.83083112268946,143.19823307119722,144.33506774902344,1116500,0.0,0.0
144.26672453039686,144.26672453039686,142.45463332415736,143.01022338867188,1027200,0.0,0.0
143.07004761875513,144.52314020593144,142.74523393077962,144.4547576904297,830200,0.0,0.0
144.80522676428072,146.60877502146707,144.57443738315885,145.75401306152344,953200,0.0,0.0
146.52331145682928,146.95069248886153,144.23255538560062,144.64283752441406,1365300,0.0,0.0
145.76257363672528,147.01907491340756,145.3522914982068,146.18141174316406,1135800,0.0,0.0
146.1728589873735,147.19858392016096,145.11296235269012,145.5830841064453,918800,0.0,0.0
146.28397266629574,147.56611570580728,145.93351710526392,147.37806701660156,1245400,0.0,0.0
147.37807882130727,148.2071990966797,146.10447860469813,148.2071990966797,1141500,0.0,0.0
148.0704178383913,148.35249086394606,147.19001402043244,147.92510986328125,1497400,0.0,0.0
150.44663650575546,151.8484454924293,147.4720687618634,148.52342224121094,2294700,0.0,0.0
148.90812609529996,149.9936646803372,146.71138101779604,149.37823486328125,1535500,0.0,0.0
150.04492611873926,152.91692715907965,149.36112690555237,152.89984130859375,1851000,0.0,0.0
152.63486152450494,153.06224253829237,150.58342483274524,151.2073974609375,1507600,0.0,0.0
150.21586446220914,150.50648038467313,149.00210410136077,149.74574279785156,1360100,0.0,0.0
150.41245773131934,150.76291325253834,147.83107305308536,148.44650268554688,1529400,0.0,0.0
147.53191762342334,149.27562626073114,146.77972293461528,147.94219970703125,1263000,0.0,0.0
146.94213845342307,148.08751640243653,145.18133082140443,145.6343536376953,1518800,0.0,0.0
144.9077732028364,146.420705306468,137.12943526803014,137.71922302246094,2068100,0.0,0.0
135.23188175361267,141.03570913628133,133.56508566607897,140.3006134033203,2478200,0.0,0.0
139.88177846011388,143.3008260293694,139.42875570059803,139.70228576660156,1631700,0.0,0.0
139.6680932905272,140.1040302194448,133.31721844994203,133.4710693359375,2062600,0.0,0.0
135.21480646406303,138.08680738217478,132.18894159968872,136.873046875,2279700,0.0,0.0
137.6337931356617,139.5228100198317,136.19778606574718,137.97569274902344,1766400,0.0,0.0
137.078219442228,138.76210213758924,136.95001032030183,138.34327697753906,1205000,0.0,0.0
137.18077415643248,139.43734557925487,137.09529272935865,138.87319946289062,1348900,0.0,0.0
139.75357728278667,140.3519080326575,138.08679410720646,139.6339111328125,1118900,0.0,0.0
139.25778600156715,140.88184119012485,138.7449367651512,138.9415283203125,1613600,0.0,0.0
138.12102392891413,139.36042653875285,137.31754535570332,137.90733337402344,1537300,0.0,0.0
138.1039307111946,140.48016851146159,137.80475873324562,137.8389434814453,1225300,0.0,0.0
138.71080201432628,141.02721320222608,138.08682929066558,139.59976196289062,1283500,0.0,0.0
140.57418587529003,140.8904436902794,138.86466161241114,140.1468048095703,773600,0.0,0.0
140.28351426615998,141.67678029123306,139.75356607913488,141.42034912109375,981500,0.0,0.0
141.42032717536003,142.77939521077656,139.48857033966038,139.53131103515625,762200,0.0,0.0
139.98439514346165,140.73657693522924,137.98424188313123,137.9927978515625,1172000,0.0,0.0
138.09533509928255,139.03557843780547,134.57372012705486,135.42848205566406,1871600,0.0,0.0
134.6250060627127,136.02681512794612,133.5907383726156,135.5310516357422,1412200,0.0,0.0
135.00111054883692,137.1551144117674,134.1548914848846,136.48838806152344,1840300,0.0,0.0
137.2662109389294,138.39450291189826,136.54821407029368,138.17225646972656,1230500,0.0,0.0
136.53968304007435,139.95017498448502,135.94989518852378,139.32620239257812,1194700,0.0,0.0
140.44596167298076,142.42046008086518,139.8305319039473,142.1042022705078,2453000,0.0,0.0
142.899127531337,146.2412506108812,142.34353736039802,145.5659942626953,2205000,0.0,0.0
145.73692566597805,145.89933253799904,143.4632555429513,144.625732421875,1832200,0.0,0.0
145.13007440917102,146.74557451459074,144.79671765861255,145.24974060058594,1647300,0.0,0.0
145.9249983284745,146.36947830766312,144.11290670640363,144.74542236328125,2172800,0.0,0.0
145.03599794148707,146.8737439155469,144.5402474998782,145.46337890625,1184300,0.0,0.0
145.85661206474222,146.87378110525512,145.05313356071912,146.13014221191406,1940600,0.0,0.0
145.50612572598712,145.86512418635868,141.76227718632245,143.28375244140625,1653700,0.0,0.0
143.68546251831418,144.54022431070717,142.84778657107555,143.4290313720703,1402800,0.0,0.0
143.42908740955048,145.39504290867552,142.53158456835914,143.7880859375,1317800,0.0,0.0
142.360600969634,142.86490737427508,138.78768934718065,139.1125030517578,1277300,0.0,0.0
139.37747765256879,140.2065977647099,133.91554946377056,134.12069702148438,1898700,0.0,0.0
136.8815852690535,137.30042334168044,133.68477071447347,136.7704620361328,1510100,0.0,0.0
137.06964962739858,137.26624125666763,132.1547675972306,133.03517150878906,1567300,0.0,0.0
133.41314535203634,134.11757367439913,131.49742907202162,132.17608642578125,1891000,0.78,0.0
133.03520347323587,136.0762968818529,132.64862569113728,134.58152770996094,1148800,0.0,0.0
133.7567954603147,134.00593235424637,129.4958283726767,131.31704711914062,2008800,0.0,0.0
131.97852354899888,133.576389373072,131.05931517596832,133.46470642089844,1582700,0.0,0.0
130.46656441716647,135.99896067964156,130.26898258160048,135.7584228515625,1868600,0.0,0.0
136.54873230340704,137.51948245884714,135.50926830553936,136.3511505126953,1493700,0.0,0.0
134.95084603357748,135.43192150668662,130.01121026565747,131.09364318847656,1514800,0.0,0.0
132.22765954127715,133.8598955515261,130.86174544993398,131.08509826660156,1011900,0.0,0.0
134.17772610814998,135.31168814830423,132.6743583059928,134.23785400390625,1909600,0.0,0.0
132.84616000484374,133.67087033864797,132.00427776390632,132.72589111328125,898900,0.0,0.0
133.52483106630623,134.74471823084872,133.17262341738302,133.79115295410156,933400,0.0,0.0
134.88217375213242,134.9938567137631,132.61423623962853,133.17263793945312,732000,0.0,0.0
134.51275683738385,134.82202158380898,133.57637664427006,134.32376098632812,836400,0.0,0.0
135.11410486473517,136.24808000086793,134.71034218217218,135.7068634033203,802700,0.0,0.0
136.3168036981639,137.6311888312118,135.08834365359752,136.93533325195312,1270000,0.0,0.0
136.8666470967005,137.15012785025718,135.33749481212834,136.66905212402344,976400,0.0,0.0
136.64323594720992,137.16726749887334,135.3718200758216,135.98175048828125,1181300,0.0,0.0
136.1106337897386,136.49721147772712,134.16054722404107,134.5299530029297,1128600,0.0,0.0
135.02817749500196,135.72403294464817,126.78972611423255,128.5594024658203,2220600,0.0,0.0
128.54225536519314,130.96481854352209,126.88424851705675,130.234619140625,2070900,0.0,0.0
127.85495871437308,127.8635446664201,120.6473862331552,121.48068237304688,4182600,0.0,0.0
122.48582747083513,123.37066581531501,120.58728281108073,122.47724151611328,2946500,0.0,0.0
123.39643807526636,124.56477023769092,121.92742708617826,122.00475311279297,2307600,0.0,0.0
121.18862763497359,123.7056884765625,119.2471271903875,123.7056884765625,2667900,0.0,0.0
123.06136231472557,124.88258037560975,122.79505361053857,122.94109344482422,2073800,0.0,0.0
121.85869045996452,124.65065892633083,121.12847807927697,123.95480346679688,2312800,0.0,0.0
123.74004050904314,125.75026782965668,122.64903454318181,124.96851348876953,1462000,0.0,0.0
125.19187902973752,125.83617953083579,123.92046304456855,124.38435363769531,1289100,0.0,0.0
123.07860741303898,125.20050523873118,122.99269541760064,124.12667083740234,1352500,0.0,0.0
124.70220729353026,126.06812109844529,123.66273013554907,125.82758331298828,1246800,0.0,0.0
126.18835997735913,126.26567286679732,124.67640667005699,125.2691650390625,1246600,0.0,0.0
125.56987325029064,126.43752655668456,124.85684577523668,125.24342346191406,1084700,0.0,0.0
125.58703642111284,126.11965389195765,124.56474435288472,124.99427795410156,1273600,0.0,0.0
124.34144003510704,125.50977240986107,123.83458022590226,125.3895034790039,1596800,0.0,0.0
125.39806270502359,125.90490929785659,123.51670310253655,123.97200775146484,1859900,0.0,0.0
123.96338189535805,125.95641069867628,123.87746994428535,125.22621154785156,1448200,0.0,0.0
125.26919411074333,126.81550469165715,125.07159920300288,126.11107635498047,1864500,0.0,0.0
127.20211664281318,129.50441099064935,127.15916065100136,128.62815856933594,1658500,0.0,0.0
128.57661936409914,129.4700568228535,126.43753676621147,126.50626373291016,1272100,0.0,0.0
125.94788201467765,127.27943921181608,125.20908346782421,127.19352722167969,1146400,0.0,0.0
126.79833632363857,127.37390983074648,125.63859024725639,126.59215545654297,889300,0.0,0.0
125.89632000646019,127.32237492222166,125.83617900128036,126.65229034423828,671400,0.0,0.0
125.37231608701019,125.70735189580002,123.26760328264696,123.72290802001953,1634800,0.0,0.0
124.42730228454127,125.77604421259119,124.19536355582655,125.1918716430664,1115800,0.0,0.0
125.41526222620072,125.50116110653325,122.68342090837703,123.44799041748047,2677800,0.0,0.0
124.59912947767594,126.92720789092,124.57335850443542,126.24855041503906,1266100,0.0,0.0
126.69526262528785,127.11621039069834,125.53552944404782,125.59565734863281,1170000,0.0,0.0
125.73310016965323,126.05095090030106,124.56476802795447,125.11457061767578,1987800,0.0,0.0
125.5526845900935,126.45470790505415,124.79671425604187,126.4375228881836,1333700,0.0,0.0
126.4547259248702,127.57151623071059,126.36022798110689,127.33097839355469,886700,0.0,0.0
127.30519680438302,127.56291963937012,126.34304553598096,126.935791015625,1199200,0.0,0.0
127.16773274487889,128.66251458203348,127.16773274487889,128.15565490722656,1130300,0.0,0.0
128.5422239912378,128.89443156628053,127.3996630896988,128.80853271484375,945600,0.0,0.0
128.61100136181682,129.3841568695018,127.66602186724207,127.73474884033203,2243800,0.0,0.0
128.10408353543136,129.93390067849293,127.7089200046077,127.90650177001953,1469700,0.0,0.0
127.03889829219794,128.26735844975016,124.94277162360495,127.70037078857422,3290000,0.0,0.0
126.18842650939887,126.84131310053444,124.84828328592954,125.18331909179688,1379500,0.0,0.0
123.7915745944775,124.30700699048737,122.20229521305208,122.94109344482422,1866900,0.0,0.0
123.02703506012006,123.38784175681451,122.29682260431402,122.82085418701172,1313200,0.0,0.0
122.17656933321344,122.52019105735368,120.61306033921971,120.92232513427734,1633500,0.0,0.0
121.91025169996793,123.16448269972302,121.22299519314157,121.52367401123047,2461200,0.0,0.0
121.05118311007072,121.48930273839864,119.6852691732301,121.0941390991211,1631700,0.0,0.0
121.79855289875948,122.25385748976146,120.93948565410278,121.08552551269531,2005500,0.0,0.0
121.46350704759759,123.32768123972409,120.92229053402627,121.12847137451172,1474800,0.0,0.0
121.34446833377913,121.78502511990689,118.30372623039365,119.69451904296875,1768500,0.78,0.0
120.09189410215137,121.69000155278438,119.52175248611654,119.67723846435547,1332800,0.0,0.0
118.57150397700862,119.78953006997244,118.165495279354,119.73770141601562,1080400,0.0,0.0
119.97094669566064,121.543139692431,119.97094669566064,120.27328491210938,790100,0.0,0.0
121.13714624851039,121.92324943657442,120.10053346775116,121.69865417480469,1153300,0.0,0.0
121.59496767168217,121.79366175763101,120.42013649306107,120.6274642944336,1738400,0.0,0.0
120.93842404207561,124.53202609139541,120.85203418097727,124.13465118408203,1276300,0.0,0.0
124.13464789659118,124.92938450892854,123.33991128425382,124.44563293457031,1150500,0.0,0.0
123.16714756432143,124.21239370112373,122.13053514110086,122.32921600341797,1142800,0.0,0.0
122.90804117872631,125.01582809970982,121.88870894910991,123.07217407226562,1251700,0.0,0.0
122.87344624490761,124.58385744567637,122.87344624490761,124.17784881591797,1028700,0.0,0.0
124.20378921150812,124.50614061415715,122.37243972687801,122.51065826416016,1028300,0.0,0.0
122.37241140644106,124.26423600627734,122.30330215379382,123.70272827148438,1545500,0.0,0.0
124.0396499633789,124.69618139106304,123.64228816569648,124.0396499633789,1714500,0.0,0.0
123.68544853563843,126.00919609498283,123.4263053129357,125.655029296875,1763100,0.0,0.0
125.01578820530244,127.87511621977752,124.7825461056909,126.86441802978516,2432600,0.0,0.0
118.20868914613179,119.9191137986643,116.32551110280619,117.70765686035156,5825900,0.0,0.0
116.61920984423779,120.99026848940056,116.40324834452623,119.38351440429688,3355700,0.0,0.0
118.47648539937053,119.66859721581726,117.13753451132699,119.26258850097656,2648500,0.0,0.0
119.77225209115056,122.3551565804832,119.43535265178065,122.01825714111328,2291300,0.0,0.0
122.07871203001352,122.59701167449327,120.73110131938367,121.11984252929688,1118100,0.0,0.0
121.2494503950882,122.55385338210242,120.63611380732196,120.7052230834961,1457700,0.0,0.0
121.44812041001511,124.55797165210325,121.10258724144775,123.8150634765625,2158300,0.0,0.0
123.09805186475299,123.80641189370847,119.88454377209995,120.22144317626953,1575000,0.0,0.0
118.95157019996803,121.02480813635941,118.22594285378973,120.1004867553711,1283700,0.0,0.0
120.47195490854263,120.8434023182219,119.34895260327482,120.54969787597656,1156600,0.0,0.0
120.92983006647896,121.75048129161382,120.63611235097308,121.43086242675781,1155000,0.0,0.0
121.43087185937878,123.11536938524168,121.16306845366685,121.232177734375,1512900,0.0,0.0
121.0939265184607,121.58632506775706,120.42877458585032,121.28397369384766,1051500,0.0,0.0
121.30990438082547,121.45676982081399,119.55629781062326,119.65132141113281,1386200,0.0,0.0
119.21075197306529,119.42671348026286,117.120246165142,117.88906860351562,1451700,0.0,0.0
118.12227466108793,118.70968345434102,117.2843432144696,117.38800048828125,1605500,0.0,0.0
117.46578829984308,119.34897964107029,117.46578829984308,118.60607147216797,1289000,0.0,0.0
117.85451020697278,120.11779581992229,116.90428746126405,119.72042083740234,2084700,0.0,0.0
120.4288081779143,121.1630695774094,119.32308603882362,120.03143310546875,1427000,0.0,0.0
119.75497864696726,120.80887185181912,119.46126098076276,120.446044921875,1290000,0.0,0.0
120.72248660842308,121.25806694639772,119.14164674049543,119.46126556396484,1711200,0.0,0.0
119.41808765067385,119.85864440919993,118.64926516153311,119.26258850097656,1647800,0.0,0.0
118.86523264929338,119.40944674743703,117.35350192320769,117.62129211425781,1478800,0.0,0.0
117.63851375902003,117.91495073976448,116.498244166551,116.74011993408203,1925300,0.0,0.0
117.05113489703554,117.48305790403568,116.14409394608644,117.09432983398438,1722600,0.0,0.0
118.07910356154983,119.73768618339199,117.50032836392076,119.32304382324219,1490800,0.0,0.0
119.60811565354034,120.20415828488647,119.30576429951176,119.49581146240234,796200,0.0,0.0
119.47853029689635,121.45674488835195,118.89112138250765,119.8154296875,1164800,0.0,0.0
119.66860471326983,120.80888794500665,119.34033896208874,119.69451904296875,1432400,0.0,0.0
119.48718797338182,120.62745786706158,119.23666524574965,119.97093963623047,1523300,0.0,0.0
119.80680461190605,120.23872761465644,118.94295860640523,120.02276611328125,1410500,0.0,0.0
119.64268095713712,122.23421917281519,119.47854809447831,122.11328125,1861200,0.0,0.0
122.08737295450176,122.94258535317852,121.32718415567797,121.86277770996094,1458800,0.0,0.0
121.37037706340313,121.63816724543342,119.86728010398878,121.48268127441406,1319100,0.0,0.0
122.10461755088943,124.4542793439613,122.10461755088943,123.05484008789062,1422400,0.0,0.0
122.4242723359986,122.72662374841023,121.71591219548934,122.26013946533203,1489400,0.0,0.0
122.06143894639408,123.96189745580935,122.04415833613986,122.38105773925781,1887900,0.0,0.0
123.08944094636153,123.59910700427211,122.26014285415019,123.35723114013672,932000,0.0,0.0
123.69413806334676,125.26633127500324,123.68549116544823,125.16267395019531,1282000,0.0,0.0
125.27496420106439,126.35477181820612,124.75665127233822,126.29429626464844,1614600,0.0,0.0
126.30293384140768,127.08902371093309,124.83438504546615,126.45841979980469,1204600,0.0,0.0
126.59664746792977,127.75419806815968,126.23383369089855,126.76078033447266,987400,0.0,0.0
127.73692855672196,128.18613225452347,126.62257280051321,127.8405990600586,915900,0.0,0.0
128.2465896936869,128.85127928918902,127.69372875190717,128.22930908203125,2265600,0.0,0.0
128.1515799179343,128.20340857724452,125.87102663956261,126.1388168334961,822800,0.0,0.0
126.25975840830272,126.37204944629917,123.79779157007009,123.9705581665039,1674700,0.0,0.0
124.01373252064994,124.43702181569255,123.2967387423096,123.4695053100586,1672400,0.0,0.0
123.68695375578419,124.40030453096203,123.01711551951652,123.51296997070312,856700,1.0,0.0
123.38255060656576,123.79142001818452,122.27773241299259,122.764892578125,925400,0.0,0.0
123.72178143557015,124.69610143211229,123.16502525552973,124.5221176147461,2037500,0.0,0.0
124.79179330541002,125.98360965467646,124.40032640162637,125.8879165649414,1039900,0.0,0.0
126.08802133336845,126.17500662073327,124.643930167121,125.0093002319336,1365400,0.0,0.0
124.93100032511823,125.5051589308917,123.87837621453356,124.84400177001953,1196900,0.0,0.0
124.77440144216719,124.94839854659334,121.71224886117444,122.6691665649414,1551300,0.0,0.0
122.15592994333632,122.66049242706517,121.2077066273834,122.3734130859375,1661300,0.0,0.0
121.7818403005906,121.93842175953152,119.00675384703088,119.06764221191406,1663900,0.0,0.0
118.83278150979038,118.94586370525097,115.605326183802,115.70101928710938,2884400,0.0,0.0
115.73581965688864,116.33607523529696,112.00381488877895,112.5257797241211,2231100,0.0,0.0
114.50052849737295,114.86589860902924,112.08211684823,113.6740951538086,2055200,0.0,0.0
113.41308689168692,114.97027337819098,113.3434907042456,114.16993713378906,1301100,0.0,0.0
114.78760475231032,115.96201908052242,113.83938139718336,115.77932739257812,1611000,0.0,0.0
115.1964429137628,115.6836029174058,113.64796435613412,114.83976745605469,1346500,0.0,0.0
110.20303541618348,113.46527524119688,110.20303541618348,111.72541046142578,3778700,0.0,0.0
111.68192903772989,111.85591286801355,109.72457444322144,110.50751495361328,1873400,0.0,0.0
110.96858571008545,111.48184269066653,110.00296012035882,110.75980377197266,1744900,0.0,0.0
108.36748825862917,111.06427760653862,106.10566514867473,110.10735321044922,3985600,0.0,0.0
109.602799585472,109.91597583292042,103.85254492684767,104.2440185546875,3615000,0.0,0.0
105.14874429671325,108.35879072781908,104.78336760035157,106.72332000732422,2860600,0.0,0.0
105.41841694539234,109.55929735960594,104.99215189360885,107.9586181640625,3383000,0.0,0.0
109.69849797031645,112.28220545450904,107.83684276379395,109.45491790771484,2923500,0.0,0.0
109.75069809129377,113.12602749413718,109.4984168452383,112.83025360107422,2391800,0.0,0.0
114.08294601094364,115.05726615034656,110.66411106565576,110.97728729248047,3454800,0.0,0.0
110.97726190507251,113.03900382051006,109.95074153798912,112.63013458251953,2258200,0.0,0.0
114.64840832289646,115.86632189347459,112.66496311202218,113.70889282226562,2027200,0.0,0.0
114.06554287397638,114.80499079385352,112.71715814520178,113.91765594482422,1089400,0.0,0.0
113.64798775695859,115.24866046254964,113.46529608091784,114.57011413574219,1309700,0.0,0.0
115.39653767826647,116.49266109390263,114.11773587610173,116.4056625366211,1001400,0.0,0.0
116.1707770512539,117.26690046689005,115.77061554563765,116.4056625366211,1080200,0.0,0.0
115.94461270974955,116.52746594298857,113.93507058231353,115.3182601928711,1277000,0.0,0.0
115.2051497143537,115.21385753441872,113.3522025943882,114.1264419555664,2205800,0.0,0.0
114.76148277132192,117.28429474319121,114.15253273470357,115.68360900878906,2799400,0.0,0.0
116.49268586484736,117.60619860942367,114.77891746009247,115.88373565673828,1573900,0.0,0.0
115.11815444945134,118.46738617740101,114.22212515211011,117.64095306396484,1316600,0.0,0.0
117.00590628200717,118.52828796225633,116.32736008073958,117.96283721923828,2089400,0.0,0.0
117.85846216632024,118.032446027415,115.7097276327995,116.56227111816406,1335300,0.0,0.0
115.48354578955245,117.17991160395407,114.83109637831204,116.28388214111328,1657000,0.0,0.0
117.08421389378796,118.79798200859467,116.55355452919122,116.61445617675781,1485800,0.0,0.0
115.63139626605548,117.44085698885134,115.57050790941486,116.75361633300781,446800,0.0,0.0
117.44956898066896,118.34559829406106,116.77973058754885,118.22380828857422,1101100,0.0,0.0
117.53657975444287,118.34561060200572,115.91850478520074,118.21512603759766,1271600,0.0,0.0
118.95456758115179,120.08546914295628,116.84062483240714,120.07677459716797,1095900,0.0,0.0
120.04197709964102,120.06807400980856,118.04112991740148,118.22380828857422,1560300,0.0,0.0
118.1542555530287,121.08592425289947,117.79757999082742,120.9641342163086,1572100,0.0,0.0
122.47776830929011,123.3825053764036,120.32033982281915,121.3033676147461,1734800,0.0,0.0
121.0162939415374,121.0162939415374,114.7962827327044,115.49221801757812,2456000,0.0,0.0
113.70017523843546,116.13598889632782,111.79502093717639,115.92720031738281,2369200,0.0,0.0
116.16205755400084,118.12809974957304,112.06468390399475,112.63013458251953,2326300,0.0,0.0
112.6562499489077,114.2743248034628,110.85549008007156,113.66537475585938,1904100,0.0,0.0
115.64013256566795,116.48396823806249,113.50010583242738,114.07426452636719,2444400,0.0,0.0
115.55309424897399,117.4147486023279,114.92674201101269,115.01374053955078,1459100,0.0,0.0
115.59662908250611,117.4843809204633,115.34434123658335,115.90980529785156,1610800,0.0,0.0
114.51792892903784,116.26648870683205,113.39572169609013,113.99596405029297,1985800,0.0,0.0
112.84765629478855,113.63929813507808,110.78591367339463,111.43836975097656,1734000,0.0,0.0
110.82070034723729,112.36917913116086,109.83767901421098,110.67281341552734,2083100,0.0,0.0
110.89900837185175,113.16952630269306,108.38489710608573,109.27223205566406,1781700,0.0,0.0
108.7328651968613,110.23785139587382,106.99300013477253,108.9155502319336,2606700,0.0,0.0
108.91554370029874,111.51664659081615,107.2887742125201,107.90642547607422,3601600,0.0,0.0
107.2887626856617,107.64543151241047,103.4436631350378,103.47845458984375,976600,0.0,0.0
104.16570745125097,107.5497440775809,102.4345437715767,107.51494598388672,1261400,0.0,0.0
106.0969615584225,109.55929565429688,105.18353646167553,109.55929565429688,1281300,0.0,0.0
110.3046718420759,111.2604846052925,108.91040469395206,109.36639404296875,1024400,1.0,0.0
109.83991147435165,111.17278943913205,109.35761636429731,111.0938720703125,1189400,0.0,0.0
109.47161587340882,111.13771843109352,108.73502696653522,111.01495361328125,1905600,0.0,0.0
110.33973882011882,110.76941565015923,107.4898290533935,108.25272369384766,2191400,0.0,0.0
109.90128182920036,111.84799032878651,109.36637519858687,111.5235366821289,1419100,0.0,0.0
111.4621775185767,112.83013223472483,110.33098162246147,111.54986572265625,1669500,0.0,0.0
113.08441293942815,114.00514221191406,111.95321061781995,114.00514221191406,1309900,0.0,0.0
114.46991449554868,114.92590382960242,113.61933830562344,113.98763275146484,1152700,0.0,0.0
112.24258780885,115.27665114791601,111.64629879350831,115.25910949707031,2390400,0.0,0.0
114.42609001825845,114.6891479442114,113.1721225896454,114.26824188232422,1120600,0.0,0.0
113.39133910578184,114.82068285259709,112.86520990758177,114.14546966552734,1032600,0.0,0.0
114.6628280162223,114.6628280162223,113.12826119565014,114.07530975341797,973900,0.0,0.0
114.09284231529764,114.7592778930562,113.68070047446967,113.97007751464844,1407200,0.0,0.0
113.50532432420664,116.39030383535899,113.50532432420664,116.33769226074219,1281300,0.0,0.0
117.24968828080192,120.57311591577577,117.07429849881684,119.84529113769531,1777000,0.0,0.0
118.36331978335579,118.96837966043802,115.09250417316399,115.89924621582031,1555300,0.0,0.0
116.35521481888466,116.84627394187322,114.04897638732314,114.96971893310547,1116100,0.0,0.0
115.14509882494616,115.64493547789273,114.07528568248736,114.81187438964844,1105800,0.0,0.0
116.18863433208072,117.42505999173144,115.22404409114161,116.84630584716797,1269700,0.0,0.0
115.4520438393689,115.4520438393689,113.75086473649928,114.9171371459961,1538800,0.0,0.0
115.3643591611168,118.94209407560837,115.25913599257247,118.3282699584961,1622500,0.0,0.0
119.10867423615092,119.46820447223642,117.25842486599309,118.91575622558594,1381200,0.0,0.0
118.60009943883304,120.77479622178323,117.36367374910816,120.40650177001953,2584800,0.0,0.0
116.2938564168721,120.23112133436504,113.99639489380482,117.88103485107422,3388900,0.0,0.0
118.67025435186156,121.39739954118627,118.35457147726456,121.37109375,2285500,0.0,0.0
119.30163221106255,120.94142246981261,119.30163221106255,120.87126922607422,2300200,0.0,0.0
120.95893029112013,121.20445988534321,119.85403373675689,120.63448333740234,1554300,0.0,0.0
119.6611306427028,120.57309580726867,117.898562642381,118.39839935302734,1438000,0.0,0.0
117.83717833309409,119.02097879549781,116.76736514521724,119.01221466064453,1739400,0.0,0.0
119.64357311427797,119.7838795457027,118.95081847184196,119.45941925048828,899000,0.0,0.0
120.26617519926162,121.92350664539728,120.24864692855579,121.57275390625,1295100,0.0,0.0
121.96735501359568,122.94948677534934,121.59906062057283,122.60749816894531,997500,0.0,0.0
122.05507899511706,122.59874988869839,121.02033541337545,121.66924285888672,1179800,0.0,0.0
122.76534192816868,126.55353604452516,122.54611810329695,126.45707702636719,1981500,0.0,0.0
125.7379915279785,126.32550965650348,124.69448418762896,125.61522674560547,1681500,0.0,0.0
125.80812055617078,126.18517896512513,125.27321409716552,125.9308853149414,936900,0.0,0.0
125.58019460327061,126.45708999267018,125.07159367177546,125.58895874023438,1049600,0.0,0.0
125.57138143188347,127.12348957692475,125.57138143188347,127.00072479248047,825300,0.0,0.0
127.50934702550592,128.30732494878563,126.79028646685117,127.1673583984375,1059300,0.0,0.0
126.59736596836024,127.7460966322931,126.36061387909466,126.57106018066406,1150900,0.0,0.0
126.28165491607314,127.54438596475278,125.53630213064208,127.41285705566406,835500,0.0,0.0
127.28134964271034,127.50057347149928,126.19400801534805,126.34307861328125,1461100,0.0,0.0
127.18487353535039,127.50933385701153,125.17678942079156,126.63243865966797,1463300,0.0,0.0
127.56195611841987,127.99163961805735,125.50124687981972,126.57106018066406,1297200,0.0,0.0
126.4482871202532,126.89551224260207,125.63278099420849,125.97476959228516,1130700,0.0,0.0
126.21150228949585,126.29919714953284,124.97509039725952,125.00139617919922,1121200,0.0,0.0
124.7471188476688,124.77342463587865,122.66888129692872,123.42301177978516,1861900,0.0,0.0
122.4935075177232,123.5633208621858,121.98490663426061,123.33531951904297,1490900,0.0,0.0
123.21256367392117,125.97479211880722,123.12488216510096,125.948486328125,1073200,0.0,0.0
126.10631575150897,126.66752822965323,125.66786808482249,126.25538635253906,1365600,0.0,0.0
126.92183893225491,127.98287482241926,126.37815471165607,127.35150909423828,1469400,0.0,0.0
127.00075807093684,127.78995855196744,126.00109788412938,127.0621337890625,1709100,0.0,0.0
127.37780736802065,128.25470267426428,125.39602879283981,125.55386352539062,4524400,0.0,0.0
125.89589168053585,127.54444609992858,125.659126152188,127.48307037353516,1268000,0.0,0.0
128.04425012341383,128.86853381196556,127.38657867578554,128.0179443359375,1599400,0.0,0.0
127.7636389544206,128.29854560764872,125.77308293268837,127.72856903076172,1776700,0.0,0.0
127.18487566247741,128.7983730216475,127.18487566247741,128.4388427734375,1315000,0.0,0.0
128.00917765632514,128.02671930958095,124.08069028976512,124.21221923828125,1570100,0.0,0.0
124.16836132497016,125.18554955228534,123.83513687892162,124.55418395996094,980000,0.0,0.0
125.61522674560547,126.0887442260849,125.01894448275303,125.61522674560547,782200,0.0,0.0
125.60650096345228,126.23786671710866,124.48407593036582,125.07159423828125,1021000,0.0,0.0
125.59263767912589,127.02323434660268,125.46018001541086,126.14898681640625,653900,1.0,0.0
126.91722405702372,127.50889054048864,126.18426046486552,126.74943542480469,1294100,0.0,0.0
127.61487655861978,131.30618661924683,127.61487655861978,130.99710083007812,1238900,0.0,0.0
131.34150230455555,131.6859056341174,129.96388898630812,131.350341796875,1094500,0.0,0.0
132.14510709788237,133.37259720053063,131.58875810662994,132.56898498535156,1174700,0.0,0.0
132.89573194342617,134.0967304812619,132.55132864451625,134.01724243164062,769900,0.0,0.0
134.22917759235753,135.0592812413363,134.08788048724762,134.40579223632812,993300,0.0,0.0
133.90242664936156,136.00416361298784,133.57567544159767,135.91586303710938,1172300,0.0,0.0
134.90917369344422,134.90917369344422,133.05468603059643,133.3372802734375,918800,0.0,0.0
133.81417769357628,134.35286132536106,132.6573358306054,133.95547485351562,790100,0.0,0.0
134.39701380131808,136.3398025224734,133.85833018785408,136.2868194580078,1024800,0.0,0.0
137.2669904591939,138.22955166971747,136.59583598410137,138.11474609375,807200,0.0,0.0
138.34436681830292,138.56513849515778,136.73714254287916,137.4259490966797,839900,0.0,0.0
137.80565561927565,139.35105704585393,137.7879901157335,139.30690002441406,832200,0.0,0.0
139.58952024460882,140.13702968316215,137.8586643947463,137.89398193359375,998500,0.0,0.0
138.28257674939545,140.13706466034083,137.68208411527567,139.81915283203125,1198200,0.0,0.0
139.58067426490254,139.6866403513522,138.13241269248098,138.81239318847656,1284600,0.0,0.0
138.87424524132828,139.4747513583971,137.99999780779464,139.46591186523438,1046500,0.0,0.0
139.6071871695738,139.7396582727589,138.35320554679805,138.47683715820312,1690400,0.0,0.0
134.2821554938201,135.15641613900766,130.21112544827972,133.5315399169922,2554000,0.0,0.0
134.8384825289713,135.6774120257292,133.6992933753565,135.6332550048828,1548200,0.0,0.0
136.24261853163986,137.52309158488384,135.8187406775995,136.88726806640625,1103300,0.0,0.0
137.11688741613634,137.68206241350953,136.057185980416,137.43479919433594,1685400,0.0,0.0
137.9205111109735,138.22959692831662,134.41466837407933,136.30447387695312,1422600,0.0,0.0
135.92470156405298,136.72831368506303,134.68838558929403,136.52520751953125,1017700,0.0,0.0
137.42596566562736,139.18331327620936,137.22285947138656,139.00669860839844,669800,0.0,0.0
136.11903092035988,137.66443318488479,135.68631343535108,137.16990661621094,816000,0.0,0.0
137.47893457372447,138.92720973533784,133.0281834185694,133.91127014160156,1661300,0.0,0.0
133.8318171075912,134.73256948299257,133.1959934867004,133.46092224121094,1009600,0.0,0.0
131.5534755574707,134.0084564157994,130.84700324054157,133.84066772460938,1421800,0.0,0.0
133.47857445485857,135.49201143208919,131.19138270504146,134.9003448486328,1038400,0.0,0.0
131.54458896694712,132.48948464431646,130.0698224523176,130.42306518554688,1879100,0.0,0.0
131.22670955187027,132.56016582666643,130.7763266404748,131.53578186035156,1279400,0.0,0.0
130.33473046105337,134.12317900940843,129.47813549673208,133.29307556152344,1995900,0.0,0.0
134.317473095482,135.69508599289918,133.5050215907589,134.6442108154297,1018300,0.0,0.0
133.10766626375042,134.84734829425037,132.24224499433723,132.9928741455078,1233000,0.0,0.0
132.17159261094523,132.7102760688872,131.36798043232395,131.95082092285156,1014600,0.0,0.0
133.01934803671563,133.78762911971393,132.1274218853577,133.5315399169922,889700,0.0,0.0
133.20482643508237,134.0084387581365,132.4188796232044,132.42771911621094,872000,0.0,0.0
130.67921736017163,130.80284900768055,128.45384770501096,129.18679809570312,1986200,0.0,0.0
129.76074685440264,130.4848708577847,128.46260847747303,128.68338012695312,1041400,0.0,0.0
129.54883114733192,129.54883114733192,125.67208062587754,125.74272918701172,3252300,0.0,0.0
124.983239634719,126.02528878139677,123.90587295460219,124.87727355957031,1726400,0.0,0.0
125.05393197258624,125.99000189711248,123.72047565224896,124.39161682128906,1480400,0.0,0.0
123.41141013000457,124.33865418909753,120.91227226495302,123.31427001953125,2070600,0.0,0.0
123.60565850271085,125.14223436114605,123.1022925668177,123.86174774169922,1734300,0.0,0.0
125.21290026446623,128.70993072633706,125.00096800757838,128.19773864746094,1736100,0.0,0.0
129.16912488348973,129.9992287270544,127.90630360715461,129.96389770507812,1006100,0.0,0.0
130.0168445301571,131.22668241120738,128.85117715168613,130.74098205566406,999900,0.0,0.0
131.3768453833109,133.86714350068954,131.29735731931893,133.46975708007812,1273400,0.0,0.0
134.62661393272163,136.22499928803717,134.3528591116241,134.4235076904297,1126500,0.0,0.0
135.73926765882123,136.86077810785446,134.017237749598,134.58241271972656,1157400,0.0,0.0
134.4499889639921,134.82088386829156,132.39239474086315,132.9045867919922,1254900,0.0,0.0
133.6640382668977,134.23803938147614,132.97523153946867,134.2115478515625,844300,0.0,0.0
133.50503463457855,133.55803115297627,130.0433365484113,131.6240692138672,1090500,0.0,0.0
132.11862652742684,132.11862652742684,129.99922343950396,130.15817260742188,782200,0.0,0.0
130.8557739499241,133.56685644620663,130.18463294367973,131.76536560058594,1074100,0.0,0.0
132.1274265064209,132.73675847969594,130.97942458702377,132.05677795410156,890300,0.0,0.0
134.58241798422992,135.01513535126847,132.37470106536242,134.3881378173828,1051200,0.0,0.0
134.56478880878439,134.94450971541073,133.7523504616154,134.16738891601562,1484300,0.0,0.0
134.43227982094353,135.46548960647857,134.0702245276021,134.27333068847656,1062800,0.0,0.0
134.22035892018664,134.58241424394438,133.0281864271969,133.18714904785156,1085200,0.0,0.0
132.0303165881902,133.45208702563195,131.6947527315696,132.5248565673828,1368200,0.0,0.0
132.70263613381533,133.52052438170796,131.66249520230318,132.53372192382812,811800,1.0,0.0
132.7915688149079,134.3562368576667,132.59598530956302,134.07174682617188,1616000,0.0,0.0
135.8141779554636,135.8141779554636,133.32494510796656,134.72958374023438,1041800,0.0,0.0
134.5073380897836,134.65846829945812,132.49816498007027,133.1204833984375,898500,0.0,0.0
133.7694355859792,133.84055806686717,132.56926576448748,133.4405059814453,688500,0.0,0.0
132.10701258023434,132.1959055226276,129.2799511336495,131.55581665039062,1063400,0.0,0.0
131.03125248731547,131.3957500352702,129.58216108192966,130.00889587402344,1033500,0.0,0.0
128.93322554463535,130.29341088114836,127.84863136496485,130.16006469726562,1456100,0.0,0.0
130.73789694636037,131.26240994583284,129.85778513221422,129.92889404296875,1255000,0.0,0.0
129.96446427706536,130.5867689959557,129.12879212660172,130.56898498535156,1308200,0.0,0.0
131.2890996135315,134.86292658772865,131.21799069170902,134.66734313964844,1184200,0.0,0.0
134.75624592179548,135.00516783698842,133.97391215105947,134.4717559814453,869800,0.0,0.0
133.71608446244375,137.03209012433186,132.7026129448457,136.41867065429688,1512900,0.0,0.0
136.07197374317255,136.80096901868592,133.50273339730435,133.63609313964844,1273000,0.0,0.0
133.52056831830492,133.83171403862227,132.25817428776685,133.35165405273438,955400,0.0,0.0
134.30287830258177,135.58304255735183,133.90281255991,134.48956298828125,1402700,0.0,0.0
134.8362647587734,136.009765511728,134.6762493280404,135.0585174560547,994100,0.0,0.0
136.01864541851262,139.5480191985772,135.59192405467905,139.512451171875,1874700,0.0,0.0
138.2411640885554,141.21935536478537,138.2411640885554,141.0948944091797,1427400,0.0,0.0
140.90819285593574,142.93513612220994,140.04585141065292,141.03265380859375,2054400,0.0,0.0
137.79669975629864,139.58360691481658,136.1164695728472,138.35678100585938,2869100,0.0,0.0
138.51672197126229,139.31683954963344,136.92539916636687,138.45449829101562,1697600,0.0,0.0
137.43215876079623,138.86346650857047,135.67192139991243,138.58787536621094,1552200,0.0,0.0
138.52567437347753,139.40578641553773,135.307445936819,137.1121368408203,1182300,0.0,0.0
136.62317787423598,139.21020264578064,134.19618210604676,134.60513305664062,1709700,0.0,0.0
134.39173735401818,135.95639120314286,132.95154445237813,134.83624267578125,1761300,0.0,0.0
132.54263555168745,132.78267229970027,129.21774337395755,130.40011596679688,2016200,0.0,0.0
131.4757905623299,132.56038469067485,129.92890707635596,132.44480895996094,1536000,0.0,0.0
130.5245864538159,132.96046763068804,129.39553881597263,132.48040771484375,1393400,0.0,0.0
133.3782588272288,134.6317670250714,133.29825112912613,134.1072540283203,970300,0.0,0.0
133.68947211291916,133.8672715913507,131.6269601804677,132.93380737304688,966300,0.0,0.0
132.21366162081537,132.72039062462594,131.20019004796865,131.44911193847656,1127000,0.0,0.0
131.10243841447627,136.38316532713716,130.90685493139773,135.02297973632812,1219400,0.0,0.0
132.48037129994594,133.39605118725996,130.31118313632695,130.320068359375,1265500,0.0,0.0
131.03128274011834,131.3335431137206,129.11101642801046,130.34674072265625,942600,0.0,0.0
131.4491145109932,133.89389378471876,131.4491145109932,133.54718017578125,926300,0.0,0.0
135.4052297565782,136.20534759786398,134.8629326380681,136.04531860351562,1124800,0.0,0.0
135.73417224475773,136.2764694145689,134.40065594835937,135.2718963623047,1009100,0.0,0.0
136.72095626477014,137.53885808613407,134.73846610516503,135.24520874023438,785400,0.0,0.0
135.87643461661742,136.3565081412482,134.240657672816,134.96075439453125,691000,0.0,0.0
134.24064098590375,134.24952621109577,129.19995099525397,130.11563110351562,1449800,0.0,0.0
131.48465227664244,131.6446812263433,128.45313667163327,129.17323303222656,1543900,0.0,0.0
130.34677906850803,130.34677906850803,128.57765598798107,128.90658569335938,1291200,0.0,0.0
128.01751662740654,129.59995428938848,127.2351830182562,129.17323303222656,1330400,0.0,0.0
130.9423898950812,131.92919238900265,129.97337141476245,131.70693969726562,1253200,0.0,0.0
133.0760121447521,133.9116843624584,132.2670091624852,133.22714233398438,1330400,0.0,0.0
131.59139331583572,131.7780780027736,128.4620712423259,128.9599151611328,1352300,0.0,0.0
130.4534393440224,130.85349145929402,129.47552211537874,130.4978790283203,992800,0.0,0.0
132.23146239302136,135.44079170804835,131.93808722090102,134.66734313964844,1258000,0.0,0.0
135.44080087136948,135.76973052665494,134.06283141765968,135.5652618408203,957600,0.0,0.0
136.07196101747635,136.81872666994883,135.1207267241371,136.6498260498047,1056300,0.0,0.0
136.67651509875427,139.8947296142578,135.9741890225206,139.8947296142578,1486700,0.0,0.0
140.0992256331723,141.9217007062798,138.77460806297228,141.83279418945312,1274000,0.0,0.0
142.08172919559706,143.06851827646506,140.61485306478681,142.1083984375,1822200,0.0,0.0
143.04181959455968,143.7619296734196,141.18379044317155,142.03724670410156,1224600,0.0,0.0
140.66819363834844,141.17493637249189,139.08575529086022,139.3880157470703,1459800,0.0,0.0
138.90790928616713,140.32143291540905,136.81872890441298,140.0013885498047,915500,0.0,0.0
139.14798799780309,140.1614598675851,137.9478178728269,139.84141540527344,799500,0.0,0.0
139.87696114487545,140.2414588418944,138.35676021766574,138.5701141357422,661000,0.0,0.0
138.82790799735307,139.68135063489424,137.4854932182725,137.84999084472656,2046200,0.0,0.0
132.61374742097047,137.88558883742476,132.46261720366627,137.17437744140625,1447900,0.0,0.0
137.25437764921136,137.74333630503506,134.30286883036084,135.32522583007812,1254100,0.0,0.0
135.46746101823862,137.80555004208898,135.41412254422926,137.449951171875,894100,0.0,0.0
137.39660421385304,139.01459660821394,136.78318467016828,138.08114624023438,896100,0.0,0.0
138.94050851705873,139.2717198275874,137.32918625351076,138.6988067626953,811300,1.07,0.0
139.32544305300442,140.44441506854812,138.75252992741912,140.0863494873047,821600,0.0,0.0
141.16952386801194,141.53655001185592,136.29080802049052,136.72048950195312,1081200,0.0,0.0
134.9569426904851,135.50300146212194,132.75481389028138,133.5067596435547,1111700,0.0,0.0
133.14872560391856,134.18712127363315,130.99134423737434,134.1244659423828,948200,0.0,0.0
134.50939006913796,135.78054070528043,133.855914202946,135.61941528320312,679800,0.0,0.0
135.25236538874225,136.022218586208,134.3571878874716,134.45565795898438,696800,0.0,0.0
132.76379342281123,133.05920368272973,130.74069687651325,131.0540008544922,1088000,0.0,0.0
132.3520149614745,133.4083179836745,131.10771863127087,132.6563720703125,700300,0.0,0.0
132.79960415959772,134.72423056102468,132.4504854374073,134.18711853027344,668500,0.0,0.0
136.1296729791821,141.4738710297088,136.05805712743827,138.33180236816406,1785700,0.0,0.0
137.40975433488768,138.4034019647247,137.10539724521792,137.8036346435547,667900,0.0,0.0
137.4813771125829,140.7487698809018,137.21282110137113,139.4418182373047,994100,0.0,0.0
139.45078396590498,140.22063735057853,138.50189776930623,139.43287658691406,1017500,0.0,0.0
140.3101094414179,141.78714667556224,139.9072686872667,140.50704956054688,647500,0.0,0.0
140.47127974448307,142.18107238954985,139.96103557032177,141.715576171875,1336200,0.0,0.0
142.46752556306225,143.70287516066966,142.20793004003562,142.7718963623047,1450800,0.0,0.0
142.9688291644425,145.14410430770283,141.59919478691594,144.64280700683594,1276900,0.0,0.0
144.2310117134762,145.17095093298224,143.7028602034211,144.68756103515625,937300,0.0,0.0
144.66967736650753,145.1620278630603,142.1989916828908,143.34481811523438,1460700,0.0,0.0
146.90758147275318,154.27488854342047,141.49175481422563,153.80044555664062,2709500,0.0,0.0
155.36701857055508,155.53710449621573,149.47674845612605,152.12648010253906,2469700,0.0,0.0
151.1776141063104,155.1790595116863,150.89115068628914,154.35548400878906,1357600,0.0,0.0
153.80043982721233,154.00632682189564,151.36555600194467,152.3681640625,1095600,0.0,0.0
151.1507441364693,151.3834853965173,148.5010124143651,150.90904235839844,1610600,0.0,0.0
153.00377169645702,154.67774963378906,151.75052837321292,154.67774963378906,1523200,0.0,0.0
155.47443843050263,157.15737668319773,155.20589607896713,157.10366821289062,1310200,0.0,0.0
157.3185356253042,158.65234167083204,156.42335791557423,157.71240234375,1648300,0.0,0.0
157.30953688713535,159.0014218011004,156.21741925385376,158.9387664794922,1225000,0.0,0.0
159.44901836194114,160.49637444007746,157.77504074038887,158.00778198242188,1013000,0.0,0.0
157.5781020878391,158.1331077945234,156.6650171677091,157.91827392578125,1011600,0.0,0.0
157.08575978310827,158.3479634641667,156.54866142431231,156.8709259033203,777200,0.0,0.0
157.37219646408832,158.06148691653632,156.05628453638013,156.45016479492188,1057800,0.0,0.0
155.40285754940993,155.8593932689395,154.17645478550594,155.20591735839844,1163500,0.0,0.0
154.8120444046965,156.38755234905787,154.61510420423525,155.45657348632812,724500,0.0,0.0
156.68292369630444,157.06785714126232,155.9041236076732,156.79930114746094,758200,0.0,0.0
155.7609267736043,157.46175901602152,155.30439104352263,157.40805053710938,1167600,0.0,0.0
158.04361698661404,158.13312655610127,155.66244115715705,156.17269897460938,1113600,0.0,0.0
155.17011070254233,155.841494027139,153.15596072875232,154.3644561767578,1168100,0.0,0.0
154.3465256771371,155.07161737359687,153.6930498303597,154.5255584716797,833400,0.0,0.0
155.36700439453125,155.84144737580817,154.4181184319774,155.36700439453125,630400,0.0,0.0
156.16370871221,157.15735626175248,155.6087030453874,156.8171844482422,853200,0.0,0.0
156.5665548690899,157.16633587399085,156.16372768586209,156.98728942871094,1102400,0.0,0.0
156.98730365482808,157.06788002623625,155.74300723960067,156.7545623779297,730900,0.0,0.0
157.03206054335587,157.22005385854644,155.33122848487304,156.0563201904297,584900,0.0,0.0
156.3606666945933,156.65607693593446,153.88102096648183,154.0421600341797,1221600,0.0,0.0
152.49353137010783,153.17386152576907,151.35665183137152,152.8157958984375,1309500,0.0,0.0
153.92578778658063,156.0921159704021,153.2544045769916,153.64828491210938,1326500,0.0,0.0
153.89893817580028,154.98210912992485,153.08432324544705,154.64193725585938,979800,0.0,0.0
156.19954050233505,157.14842654952147,155.84146127554013,155.9309844970703,941100,0.0,0.0
155.66239269983467,156.53966269994845,155.4923068136312,156.14578247070312,733400,0.0,0.0
156.1457889162696,157.2826680504621,155.21481042088737,156.1636962890625,816900,0.0,0.0
156.76347179987198,158.44640978895302,156.1995192906584,158.3300323486328,995800,0.0,0.0
158.26739804899321,160.9350233988449,157.75714027458264,160.32630920410156,921700,0.0,0.0
160.3800568712159,161.50797597443764,158.24952935024575,158.68817138671875,1102500,0.0,0.0
159.71755756166348,160.14723890921053,158.63440050607062,158.8671417236328,881900,0.0,0.0
158.8850642906087,160.460571821823,158.5448924591377,159.16256713867188,1176300,0.0,0.0
159.35952077889254,160.4068769357318,158.54490588157552,160.13832092285156,1394500,0.0,0.0
159.95032921809752,160.3531700711158,159.2073438200548,159.75340270996094,1043800,0.0,0.0
161.47215385719065,161.57062394810018,159.88768554321996,161.40948486328125,2683100,0.0,0.0
161.4990079462969,162.09877535062088,161.0066574922019,162.08982849121094,807800,0.0,0.0
162.11668155599025,162.1703900307162,160.86342462196671,161.29310607910156,272200,0.0,0.0
161.74963477509414,162.2777862548828,161.05139737417758,162.2777862548828,471300,0.0,0.0
162.82383891041312,163.22666606339914,161.70486700804915,162.1435089111328,616500,0.0,0.0
162.32361914254585,162.7288538719903,161.5131771646504,162.00845336914062,732700,1.07,0.0
161.54919288861052,162.1795519237581,161.10795805260346,161.75631713867188,816100,0.0,0.0
162.22456581647037,163.62033923087358,161.17098573657162,163.60232543945312,1257500,0.0,0.0
160.92786203304254,162.152538785128,159.84725439141064,161.28805541992188,1400800,0.0,0.0
160.3244859798112,160.8197620968951,159.2078784509249,160.7747344970703,1587300,0.0,0.0
159.98231679654265,160.63967582691504,158.65858497095343,160.1173858642578,1144100,0.0,0.0
160.52261597957715,161.6032235450211,159.74818788594018,160.95486450195312,1168400,0.0,0.0
161.59422049690633,161.90940001448013,160.3875575413611,161.75631713867188,1264400,0.0,0.0
161.64822957887927,162.68380948884567,160.29748392800641,160.50460815429688,1157500,0.0,0.0
160.8197924855194,161.97242780826602,160.46859912531528,161.9274139404297,698500,0.0,0.0
161.819331890454,162.3866494806363,160.47759995754078,160.86480712890625,1127000,0.0,0.0
160.65768432617188,161.4501123981673,159.40599395807658,160.65768432617188,1262200,0.0,0.0
161.66625105550526,162.08948581214332,160.61267104658586,161.90037536621094,1104200,0.0,0.0
162.2155769266035,162.73786698967558,161.30607963464055,162.47671508789062,2144900,0.0,0.0
161.38709804693295,161.83734661558512,159.76620045168585,160.18043518066406,1175900,0.0,0.0
161.27000062034605,161.57616629539072,159.36995144563772,159.8472137451172,1151000,0.0,0.0
158.8206631478533,161.89136144091032,157.6320141656829,161.72927856445312,1431600,0.0,0.0
162.0894968208837,162.0894968208837,157.82113512468823,158.75765991210938,1093800,0.0,0.0
155.80402064336099,157.35287683963662,153.42670871846056,156.1191864013672,1226300,0.0,0.0
156.884604991541,159.18087533191056,155.7139560199315,158.36141967773438,1138400,0.0,0.0
159.2259018448604,160.27046802514332,157.85714242247866,158.31639099121094,1228200,0.0,0.0
156.6595082017389,160.2795110060941,156.61448059098993,160.19845581054688,1647600,0.0,0.0
160.19848151346713,161.6122690229328,157.49698932106128,157.56903076171875,3070500,0.0,0.0
158.10930669085766,162.22457192330177,157.20880945289207,158.90174865722656,1898000,0.0,0.0
161.5221850376852,164.51184246059242,160.9908949654629,163.91751098632812,1178200,0.0,0.0
166.41188232687588,167.27635192871094,165.2772470812846,167.27635192871094,1584700,0.0,0.0
167.61853913011862,167.93371862915313,166.09669674651644,167.55551147460938,1073000,0.0,0.0
166.30380311546728,166.8080930495029,164.73694690561058,165.27723693847656,996600,0.0,0.0
164.8449919226041,165.65544753229474,164.06156386634854,165.54737854003906,908500,0.0,0.0
166.4028815248038,169.02333183172564,166.18677097775713,168.5100555419922,1027000,0.0,0.0
169.07733419153612,171.1394802896344,168.53704416419487,170.7972869873047,979100,0.0,0.0
169.86076761400523,170.7432508999578,169.1853948079151,170.25698852539062,659200,0.0,0.0
170.19392437680486,170.19392437680486,167.5914887282819,169.1673583984375,765100,0.0,0.0
168.84323946357597,168.87925330884244,166.8351343828953,167.9247283935547,778700,0.0,0.0
168.32092020560293,169.4645553965923,167.73560257316112,168.87022399902344,974100,0.0,0.0
168.59107102304208,171.859879948488,168.47400200109635,171.09445190429688,1047000,0.0,0.0
169.97783331653704,171.00439949514328,169.4195294928815,170.71624755859375,1133800,0.0,0.0
165.50237559312168,166.7900937439132,163.86347782179251,164.8450164794922,1656200,0.0,0.0
165.70948466013505,165.89858136155945,159.04579769605343,159.91928100585938,1871700,0.0,0.0
161.66623870572815,162.08947343003504,158.19931947227664,158.47848510742188,1673100,0.0,0.0
155.1106488639992,159.3609969161451,152.76035052897996,153.20159912109375,2031000,0.0,0.0
147.54647131034488,151.21148775920523,146.2317393561427,151.08541870117188,2842000,0.0,0.0
152.11196392587513,156.49738027452983,148.54600321138847,156.0381317138672,1950800,0.0,0.0
155.75901243435314,159.8652777486683,151.42762280464353,152.05796813964844,1978300,0.0,0.0
154.57935427447964,159.8922823141243,153.40870515407576,159.74819946289062,1722900,0.0,0.0
154.48929046282672,156.0381466761807,150.14890129972727,151.0223846435547,2368700,0.0,0.0
146.5198881781581,150.22993180765926,144.87197684764308,147.78057861328125,2953000,0.0,0.0
136.56936885818203,142.61169561498113,135.07454064400343,139.14479064941406,3172300,0.0,0.0
144.1155590169483,148.65407238468507,139.45099033729818,148.23983764648438,1957800,0.0,0.0
143.34112908499242,146.447855230659,140.99984475001423,142.66575622558594,2290200,0.0,0.0
133.27359653755346,136.67747513366464,125.6103696832234,126.24071502685547,3807900,0.0,0.0
132.39108577596767,140.8827667236328,129.04123550808094,140.8827667236328,2994200,0.0,0.0
125.41226229228467,148.8522058137235,125.41226229228467,134.37220764160156,3752300,0.0,0.0
136.92960163169658,144.04353773511863,134.79542767091837,143.62930297851562,2965600,0.0,0.0
134.30914580843557,137.96517581707533,121.18890934297723,127.65447235107422,3671500,0.0,0.0
126.22268389630052,126.69094626174946,118.30731999175883,122.76477813720703,2662700,0.0,0.0
125.05205561055224,125.05205561055224,111.5626099085829,113.2645492553711,2794200,0.0,0.0
109.96870786016258,112.90432344716771,104.40363553089085,106.3396987915039,2777000,0.0,0.0
110.37392542829396,125.00700966392799,110.1127804539589,123.99844360351562,3077700,0.0,0.0
124.31361694641653,134.9844984395345,123.9083960336009,129.2483367919922,3272400,0.0,0.0
132.8953733152898,136.67745866177657,128.6630393861142,135.5158233642578,2097900,0.0,0.0
128.51893931328405,133.74182492041783,125.30415826840627,129.04122924804688,1818300,0.0,0.0
128.66019675808138,131.88101404173042,125.56639695788398,129.15013122558594,2262800,1.07,0.0
127.06342180700202,131.944534809634,125.97469838623022,128.94146728515625,3034500,0.0,0.0
122.82644060418208,125.0492533814765,120.87579824723113,124.54118347167969,1962800,0.0,0.0
124.22362719327737,129.26805513040054,123.25285376928349,128.46966552734375,1428800,0.0,0.0
128.6965034439602,130.6471321714731,124.87688328014497,127.39002990722656,1503500,0.0,0.0
134.06754840524823,138.13212190928436,132.41630719943691,137.03431701660156,2138300,0.0,0.0
141.9789563171051,143.02231325660642,137.061545260454,138.1502685546875,1992700,0.0,0.0
139.62001573798113,145.04549563208417,138.2500407061736,144.07472229003906,1363000,0.0,0.0
145.74412874206672,149.0193802094041,143.58481761553963,144.51023864746094,1752300,0.0,0.0
143.42154258511172,143.42154258511172,136.28131721333676,137.84181213378906,1611000,0.0,0.0
141.29850166158846,142.43259130360238,139.4748766571548,141.5888214111328,1889800,0.0,0.0
137.73291873096213,138.89422543460384,134.5211829070491,138.54039001464844,1395000,0.0,0.0
137.5968460053365,139.4658237186214,134.64821262330346,139.10292053222656,1442100,0.0,0.0
143.12206985403887,145.29044804482413,141.19865882866753,143.87510681152344,1284700,0.0,0.0
141.18961307585602,142.24205153722767,138.97586798258013,140.81764221191406,1186200,0.0,0.0
136.32663567882358,138.91236546692576,135.57359853406444,137.69662475585938,1300400,0.0,0.0
141.18960304314004,142.27834004656995,138.61295500193685,141.1170196533203,1342400,0.0,0.0
141.96986719914318,145.88020588606136,139.8287055018685,140.73597717285156,1378800,0.0,0.0
141.8972628372989,143.72088748658885,138.7581110721078,143.5575714111328,1331900,0.0,0.0
144.5465118213868,149.81775737861594,143.85697657458178,148.09393310546875,1495400,0.0,0.0
151.15143875747395,154.46297422384612,150.27138428727972,151.0425567626953,1185800,0.0,0.0
154.59909602390317,155.0527318852924,151.19682706348394,151.97708129882812,934000,0.0,0.0
149.08286621536774,149.8721880257531,146.47898747968702,147.43162536621094,2374400,0.0,0.0
145.37214532874313,145.37214532874313,143.39429960366334,144.6644744873047,1946900,0.0,0.0
143.34891013465395,144.63723412143568,140.84484554900482,143.65737915039062,1733600,0.0,0.0
138.77628285127471,147.52238132972542,138.1502631744072,144.88221740722656,2225300,0.0,0.0
145.5898707668129,147.06872786429344,142.21481939986197,144.05657958984375,1316000,0.0,0.0
145.85298886262345,146.932644366254,141.76119860974396,142.3962860107422,1324800,0.0,0.0
144.6462823796006,146.63320909417345,144.26523002725105,146.07977294921875,829900,0.0,0.0
144.50117210535205,148.40244330750917,143.7662842201289,146.8782196044922,1092800,0.0,0.0
147.26833599462665,147.61308979637693,140.13718050809953,140.36399841308594,1416600,0.0,0.0
139.74706112391203,141.39830228991372,136.88916075982323,138.34986877441406,1324600,0.0,0.0
136.43552223852674,140.59082827246593,134.87501381202145,140.49102783203125,1726200,0.0,0.0
139.56560476375398,141.7339835340255,139.1119689219075,141.24404907226562,2081100,0.0,0.0
147.4225926541987,150.38936132949752,146.38830340584707,149.43673706054688,1437400,0.0,0.0
148.66553933136962,150.1353150357135,146.30662740530934,146.34292602539062,1151900,0.0,0.0
148.33892156427555,151.05166890572642,148.33892156427555,149.6998291015625,1027900,0.0,0.0
148.49315150833317,150.3349118777853,148.2754013252944,148.88328552246094,1009300,0.0,0.0
149.03752000447335,149.11917113164114,147.67661250954254,148.56573486328125,735300,0.0,0.0
152.8843638083441,157.9106572597323,152.4670265389868,157.0487518310547,1604800,0.0,0.0
159.28060060063657,162.13851445986867,158.5366450840856,159.89755249023438,1245500,0.0,0.0
160.85019879264007,161.05888125795923,156.73119123301356,156.87635803222656,1219400,0.0,0.0
155.8329621710601,157.4297690178164,154.30875255610079,156.4680633544922,1707500,0.0,0.0
156.9035523399592,157.95599071594447,155.1343754930065,155.35211181640625,787200,0.0,0.0
156.62232970901923,157.3481360481814,155.22512343400814,156.30477905273438,1105100,0.0,0.0
157.5295912293764,162.301835433884,157.24833921466652,161.9026336669922,1019200,0.0,0.0
160.15158823752648,162.37440090997833,159.5618533855757,162.1475830078125,985000,0.0,0.0
167.52767714989025,167.59119280002574,164.18892467071143,165.91273498535156,1747200,0.0,0.0
165.123437536114,167.31903323109947,162.2201710734831,163.51756286621094,1144200,0.0,0.0
161.3491920936812,162.93691753215606,160.3693370189584,161.52157592773438,850200,0.0,0.0
161.48526072109595,161.48526072109595,158.25536252320197,158.31887817382812,946100,0.0,0.0
154.36322211324733,154.40858847161408,149.69077792271764,149.8540802001953,1257500,0.0,0.0
154.42674262917268,154.42674262917268,145.72599535089543,149.64541625976562,1727400,0.0,0.0
146.21588124037206,150.90647332963732,145.47191195016538,149.65443420410156,1889400,0.0,0.0
155.37023011948153,156.2412167708672,151.36915984906,153.6917724609375,1787400,0.0,0.0
155.01644752381907,157.50237703469787,153.71904175795174,156.44085693359375,1625900,0.0,0.0
153.7281024058944,155.9327657529529,153.61923424372833,154.6807403564453,1395600,0.0,0.0
157.7654744930182,158.20096103034422,153.70996890877595,155.0345916748047,4293200,0.0,0.0
154.10010881365864,155.82391956239118,152.95693757426082,155.7694854736328,1123500,0.0,0.0
157.51145819467905,158.3915129506633,156.46810115929273,156.56790161132812,1059100,0.0,0.0
154.34504764736246,155.88742051725697,152.52143662671304,153.3561248779297,1359800,0.0,0.0
152.78453549610788,155.7241005330413,151.89541318347725,155.10716247558594,1129300,0.0,0.0
154.09101002031963,155.57893493690335,150.98814271295115,152.25833129882812,3738000,0.0,0.0
154.5775911546932,156.4494356001289,153.8471275071387,155.59112548828125,1079900,1.07,0.0
155.2349908948558,160.43963398437418,155.2349908948558,159.6543731689453,1133600,0.0,0.0
159.6543853250811,160.32093960075662,157.2072877870527,157.45382690429688,940900,0.0,0.0
159.78223811325583,162.28410541032272,158.6043396846459,159.42613220214844,857600,0.0,0.0
161.82753167906563,162.86845754821738,160.4944231808234,162.2201690673828,789600,0.0,0.0
161.4714326367297,162.40279180083618,159.72742090833702,160.09266662597656,1584500,0.0,0.0
159.96482743592398,161.16097750431626,158.03819989541995,159.17044067382812,986300,0.0,0.0
158.78693748528033,160.2752841932274,157.71861987383292,158.22994995117188,1115500,0.0,0.0
158.54040571482855,159.03347000244727,157.31685001462824,158.9330291748047,753600,0.0,0.0
159.56307767193377,161.76363619283106,159.27088108521042,159.59046936035156,1050400,0.0,0.0
159.84610583289953,163.97329132003014,159.10650251243203,163.83631896972656,1094100,0.0,0.0
166.3108478861004,167.14176630672202,164.38422006286729,166.37477111816406,1166700,0.0,0.0
165.9547368243285,167.20567040960205,164.47552987340939,165.826904296875,994500,0.0,0.0
166.90434628914136,167.2878578005124,165.96386114634663,166.2560577392578,1965300,0.0,0.0
165.1968624440818,165.7812416846637,162.1836513246719,162.84107971191406,846000,0.0,0.0
163.46197346744506,166.45691850508828,163.45283361712688,166.12820434570312,938100,0.0,0.0
165.59865261011745,167.4887490800952,165.08732243336408,166.7491455078125,891600,0.0,0.0
166.95914668861474,169.12317375568412,166.566509251214,167.83570861816406,706800,0.0,0.0
168.3378910723753,168.92227026083455,167.66219697556036,168.7305145263672,786900,0.0,0.0
168.5387712438893,171.5428422176939,167.79002801350774,171.4058837890625,655000,0.0,0.0
170.70282308983462,171.24154489852486,168.8401185233104,169.0318603515625,729200,0.0,0.0
169.7623440911353,171.7620211117891,169.54319663246733,171.19590759277344,535200,0.0,0.0
169.32403478690387,170.32842912256837,167.16913390153235,169.53404235839844,1191400,0.0,0.0
168.21923268512745,169.32408208897598,166.6761022475097,168.91319274902344,1234700,0.0,0.0
169.6892952073464,171.7437556127499,169.3423291464485,169.76234436035156,1001500,0.0,0.0
169.7349330794479,170.0910389513095,168.25572621674584,169.00445556640625,648300,0.0,0.0
170.1092982324068,172.26419915070375,170.1092982324068,172.14549255371094,922400,0.0,0.0
171.9629010099468,172.57467198474103,170.6389182177681,171.6159210205078,716000,0.0,0.0
171.67069455104803,174.13605801267246,171.2324135961216,173.98995971679688,731400,0.0,0.0
174.3003824653317,178.87497496091987,174.0081998493298,178.81106567382812,968200,0.0,0.0
179.5689934066715,182.02521745665547,178.79285826197741,179.258544921875,1237800,0.0,0.0
181.16684622558745,182.5273463348881,180.05287127741622,181.2764129638672,948400,0.0,0.0
179.7333065912842,181.3677516257842,179.36807479404285,180.34507751464844,775100,0.0,0.0
179.88855005792837,181.48646372413302,178.7106655429433,179.0850372314453,806100,0.0,0.0
179.6419795590478,180.85639531119193,179.03933464155708,179.48675537109375,998200,0.0,0.0
179.79720642614015,180.86552392341187,178.78367229805704,179.2310791015625,721600,0.0,0.0
179.85201119210402,180.6281461684731,178.27236348421263,178.7563018798828,703900,0.0,0.0
176.88447470727954,177.37753906904484,176.01703866503064,176.90274047851562,846600,0.0,0.0
177.0488198621967,178.93893004989835,176.86620395308418,178.18106079101562,602900,0.0,0.0
178.66503637913368,180.21729282848398,178.29980448494666,180.12599182128906,504000,0.0,0.0
181.2033667440914,181.2033667440914,179.12151508707794,180.2263641357422,591800,0.0,0.0
179.74241253013568,182.55472749022937,178.40929024959746,181.61424255371094,736600,0.0,0.0
182.61868226641752,183.35828570036455,180.8655445885839,181.40426635742188,710500,0.0,0.0
181.51386480136748,183.33092602295642,180.61903700317743,183.2213592529297,572500,0.0,0.0
182.31736063845824,183.5135107837773,179.88852880888075,180.38160705566406,1147900,0.0,0.0
180.45464759507922,183.65047439757964,179.0576158503164,183.55003356933594,713700,0.0,0.0
183.15737776207664,185.05661345713375,182.4816976515423,184.39918518066406,1137400,0.0,0.0
185.06573695462026,185.06573695462026,176.43700835463977,177.71534729003906,897300,0.0,0.0
179.80634346631413,180.31767352063608,175.37784901301228,177.04879760742188,961600,0.0,0.0
176.07181863168174,176.65619790559418,173.04948142132045,174.3004150390625,1130100,0.0,0.0
175.79788625544006,179.78810029698695,175.51482950641054,178.18106079101562,1353500,0.0,0.0
178.564549033271,178.92979476507858,174.64738434694732,175.2591552734375,805800,0.0,0.0
175.94399363509783,179.36809435528048,175.64267109979758,178.4732666015625,789100,0.0,0.0
180.0254857184915,181.68730834730567,179.11239238122914,180.9933624267578,817200,0.0,0.0
181.06644364402212,183.58657668557018,180.82903041734582,181.37689208984375,1213800,0.0,0.0
182.60042083928394,183.8787600051677,180.5733523033069,182.16213989257812,1207600,0.0,0.0
179.5780770328696,184.02483742564053,178.97543204593853,183.47698974609375,989200,0.0,0.0
183.24875029965958,185.52234436591505,181.41342331196654,181.80606079101562,1794400,0.0,0.0
179.23110155287588,180.04375414059874,172.9398884368552,174.86651611328125,1172200,0.0,0.0
175.11305395753078,176.48269407958844,174.4921571232272,176.3092041015625,981100,0.0,0.0
176.26353279255824,177.57838943563712,173.8712326924945,174.25473022460938,1036800,0.0,0.0
173.86212598948129,178.08061324165647,173.2046975952851,175.6243896484375,713400,0.0,0.0
174.3186688703764,176.37312907379524,173.90777961623263,175.88919067382812,919200,0.0,0.0
177.88885586553934,181.47730609843168,177.523610160313,178.67410278320312,930800,0.0,0.0
178.96802780035534,180.4007984334273,177.0025578780536,177.69139099121094,790000,1.14,0.0
178.60982546462125,181.06206953287196,175.9004181692064,177.4525909423828,1573800,0.0,0.0
178.56392118761505,179.050695496571,173.30123980126638,175.33099365234375,1218500,0.0,0.0
173.33796635407404,178.33430494095063,172.79608765073345,176.20352172851562,907000,0.0,0.0
178.32510868982328,182.09991447748516,177.78323003769862,181.64987182617188,817200,0.0,0.0
181.9713264701267,184.82768806322974,179.79460451365424,180.3916015625,1010800,0.0,0.0
182.18259261489038,183.85415377640615,181.3559984381683,183.3582000732422,810500,0.0,0.0
183.91842220944204,184.85523907055517,181.59475986896715,184.58888244628906,667700,0.0,0.0
186.49923572767722,189.86074411904286,185.07564472992303,188.93312072753906,1282400,0.0,0.0
189.56689292125367,190.0353084710987,186.92178293667982,187.18812561035156,835500,0.0,0.0
186.6829462326129,188.28104404183955,185.52571169000774,186.5911102294922,571900,0.0,0.0
186.81153277315792,189.36480636535018,186.50845853909047,186.5360107421875,557900,0.0,0.0
184.52462898324956,187.50957265586104,183.83579582803154,187.16973876953125,548500,0.0,0.0
188.069821580601,190.80678135544923,188.02389656801924,189.7873077392578,1219700,0.0,0.0
189.73219964314063,190.4302121720427,185.53490303009093,185.91146850585938,826300,0.0,0.0
186.63704362789886,189.7964797613052,186.14107593424126,186.84828186035156,712900,0.0,0.0
187.10543786136117,189.5576819880845,186.10433713071978,186.12269592285156,666400,0.0,0.0
186.8482643545829,187.6381268175189,185.13077842357157,185.26853942871094,1203000,0.0,0.0
191.0363567414874,191.10983394503228,185.52569260471373,189.84237670898438,1447800,0.0,0.0
187.1421410652002,188.2259122533762,181.53964117348593,183.60614013671875,1359600,0.0,0.0
184.0929619281159,184.24909576398855,182.00808962210516,182.42138671875,867500,0.0,0.0
178.56392719792274,180.9243356181571,176.66275491136366,176.95664978027344,1133600,0.0,0.0
177.64544738302757,183.55104994236294,176.60760111659917,180.75897216796875,1091400,0.0,0.0
179.62931014107926,181.56722787543998,177.72812400673413,179.90484619140625,1034200,0.0,0.0
183.05510314249113,185.77370402025258,181.8152119360794,185.5991973876953,1321300,0.0,0.0
188.00547784349726,192.45993670343506,187.54625585852813,191.22003173828125,810100,0.0,0.0
189.59441760536524,191.42212649406582,185.94820725291544,186.1686248779297,1090600,0.0,0.0
188.92397507451685,193.12127192731313,188.8137662516441,191.84463500976562,802500,0.0,0.0
192.06504011833215,193.4702585756202,190.8067760915131,192.340576171875,678900,0.0,0.0
203.97725346739603,206.36521381112405,196.02352393818674,196.44601440429688,1368400,0.0,0.0
196.6205158273151,201.2035569598602,196.25312977643316,199.79832458496094,1199000,0.0,0.0
200.3310065116216,200.47796091925716,195.98677019168,196.25311279296875,1021000,0.0,0.0
195.73879929592684,195.73879929592684,191.1006678690222,192.54261779785156,1130300,0.0,0.0
193.86518077749074,195.43571232804481,192.84570727397445,194.22337341308594,776600,0.0,0.0
196.59298378512878,197.22671252533476,192.1385238100188,194.5815887451172,1309700,0.0,0.0
192.72632352814662,194.05806478738572,191.21089623562386,192.75387573242188,797900,0.0,0.0
193.699872175881,194.3336009030949,189.18112848687912,189.29135131835938,1248900,0.0,0.0
188.40964462998696,190.57717352559894,185.6083869873438,190.0169219970703,1235000,0.0,0.0
189.84237235375028,189.9342223596601,186.88498154704735,187.2156219482422,1086300,0.0,0.0
188.36370951054698,192.54263324362557,187.9136808410903,191.74359130859375,1155800,0.0,0.0
193.98462326133154,196.20725674541612,193.86522101989948,194.99490356445312,1445300,0.0,0.0
195.04998947839346,195.04998947839346,191.74359878041014,193.88357543945312,967500,0.0,0.0
194.80199851593335,195.25202715413602,193.89273381503565,194.92138671875,539000,0.0,0.0
193.79171777868345,193.88356780043057,191.08231030929136,193.87437438964844,2758600,0.0,0.0
196.01434813811645,196.63889744543127,192.69876420742918,192.92837524414062,1810800,0.0,0.0
192.87328678194586,194.50811637733082,187.56468029547622,188.2994384765625,2011200,0.0,0.0
189.04336930814316,190.88943708486607,186.2880367381618,186.8574676513672,1234700,0.0,0.0
187.7391859608516,189.69546261539452,187.39017267342805,188.4004669189453,1816800,0.0,0.0
187.91366697531979,188.27185961090504,184.9746346671546,186.1961669921875,1157000,0.0,0.0
185.52570143351554,189.75972914066608,185.25016541069593,189.4658203125,1272100,0.0,0.0
189.84242594389923,191.56910563915278,189.1995177640752,189.72303771972656,1296100,0.0,0.0
188.8780370347983,189.3648113213797,184.983842742147,186.03086853027344,1101800,0.0,0.0
184.68992276155936,187.64731391762916,184.60726615508196,186.95848083496094,909700,0.0,0.0
188.64842325557336,188.8137504904286,183.2387877597055,183.3857421875,902300,0.0,0.0
185.0389401626215,187.94122697953662,184.41439086618692,187.08706665039062,954900,0.0,0.0
186.9768696606016,188.0698204877033,185.82881442446055,187.224853515625,862800,0.0,0.0
188.45555492531687,189.9158777413467,187.37178355497818,189.30052185058594,1003700,0.0,0.0
188.74025527112266,190.0260713557965,185.17668781596336,187.25238037109375,2372200,0.0,0.0
184.01946953884797,187.90448434999843,182.09992463834303,187.23402404785156,1035800,0.0,0.0
186.4992364135655,187.19726282280456,184.97461600999347,185.88388061523438,787400,0.0,0.0
187.04112409163025,187.56464392397817,185.4246676181721,185.50732421875,543600,0.0,0.0
185.69103563441834,186.41661437702828,184.6715760591022,185.92984008789062,309000,0.0,0.0
187.69325618200267,188.55659596728174,185.39714569534397,185.87474060058594,482100,0.0,0.0
186.96770160516877,187.04116481211338,182.60509144320068,184.06541442871094,575300,0.0,0.0
184.74893320950255,187.25216236368584,184.63809389897008,186.74412536621094,658200,1.14,0.0
186.3838816923056,188.3975517459449,185.83890296148218,188.3236541748047,659300,0.0,0.0
193.3947440634065,193.3947440634065,186.12524161814522,187.63087463378906,1418100,0.0,0.0
187.10433479835427,190.11560042821765,187.10433479835427,188.26820373535156,1012700,0.0,0.0
190.30034580203892,195.73168273805913,189.77383095562107,193.08990478515625,1243800,0.0,0.0
193.66260915312617,194.2260657386563,191.20556803625593,193.29312133789062,986200,0.0,0.0
194.03209683966756,194.1614140606781,189.66300705711117,193.0160369873047,861400,0.0,0.0
191.29795060379362,194.0136121502012,190.66059643159406,192.19393920898438,995400,0.0,0.0
193.8103897395511,195.17745931706756,193.20997737028094,193.36700439453125,971500,0.0,0.0
193.4131910252194,194.05054512234238,191.25174033503362,191.41799926757812,612300,0.0,0.0
192.33248296238983,192.63730512729612,189.45978035986968,189.7368927001953,724500,0.0,0.0
188.25898309737065,188.58228319999088,185.01680653856707,187.68629455566406,1537200,0.0,0.0
190.74371548128252,192.11078513729814,188.56378674057282,189.1826629638672,976900,0.0,0.0
189.83848170904525,189.83848170904525,187.49228009522704,189.3489227294922,725900,0.0,0.0
189.15496124125409,190.61440643558853,187.35375214190816,188.27745056152344,673700,0.0,0.0
187.03041924605392,188.60070346501743,185.76495714343017,187.93565368652344,662000,0.0,0.0
187.53846254578227,187.90793622368895,184.82278732016434,186.8826446533203,1027300,0.0,0.0
188.14810164315904,188.14810164315904,183.93603981457883,184.47178649902344,692600,0.0,0.0
181.9223966839162,182.42120171181267,178.17218344281457,180.43524169921875,1433300,0.0,0.0
182.2549281096826,185.774216740424,181.60834205191838,182.2364501953125,914200,0.0,0.0
181.0264309740272,181.9408975776561,179.17903394452935,179.39149475097656,1557900,0.0,0.0
181.60833971572785,181.89468395944573,178.44929293598696,180.01034545898438,1070900,0.0,0.0
181.69147966893442,185.76499315721836,181.69147966893442,183.11398315429688,997200,0.0,0.0
182.2179872639859,183.2155832270518,181.10955200319677,182.3380584716797,818000,0.0,0.0
183.52965034281115,184.06539714407785,181.74690497546436,182.02401733398438,1247900,0.0,0.0
183.14170729641106,186.9565725536928,183.02162198001375,186.76260375976562,1886200,0.0,0.0
187.51076740485465,189.70917401570918,186.80876172406508,188.65615844726562,1278700,0.0,0.0
188.3605760711008,188.776237532273,185.89430303399212,187.7878875732422,1000000,0.0,0.0
188.74852400784803,189.60757083231536,187.68627650628432,189.2657928466797,1407800,0.0,0.0
189.4782388480033,189.84771253421076,183.48343174184097,185.60794067382812,878900,0.0,0.0
184.85053147959525,186.4115841335933,182.356548454143,185.64491271972656,1059100,0.0,0.0
186.67025025606395,187.5108193808012,182.77224096206385,183.84373474121094,1009500,0.0,0.0
182.92923219135244,184.0931012420162,181.37742558316023,183.11398315429688,1183700,0.0,0.0
183.47423257552717,184.4348727878128,181.53446014047253,184.03768920898438,839800,0.0,0.0
184.80436086171827,187.52926854705888,184.80436086171827,186.03286743164062,988200,0.0,0.0
184.85976324497653,186.34691821620703,184.1023238000368,185.68185424804688,715500,0.0,0.0
186.56858501417616,187.45534161383426,185.1091399593435,186.15292358398438,871900,0.0,0.0
185.98669428853137,188.0927256920035,185.88508689211298,187.92645263671875,937300,0.0,0.0
187.67702945372162,189.94933366249046,186.29148188836754,187.22442626953125,1050100,0.0,0.0
187.46456277804293,188.88706601967567,184.92439251250167,186.75331115722656,1472900,0.0,0.0
188.129614921609,193.099115859299,188.129614921609,190.68826293945312,831200,0.0,0.0
190.73449672728475,191.90758360281347,189.40436871313844,190.7437286376953,778400,0.0,0.0
191.09474641204622,192.97908511320125,190.5589996012962,191.7228546142578,910400,0.0,0.0
191.1224599010837,193.0252765547995,187.60317087335403,188.4067840576172,1939100,0.0,0.0
190.1340950993921,194.60479243888585,188.5083908199,193.9859161376953,864700,0.0,0.0
195.05735958845713,199.86058771455046,193.69952202067554,197.11720275878906,867400,0.0,0.0
197.28350294974905,197.68068649031275,194.65095691215475,194.76181030273438,1341400,0.0,0.0
194.28147601428245,198.96461932849007,194.28147601428245,197.65296936035156,786400,0.0,0.0
197.24654850426728,199.00158390647422,196.1288813424349,196.7939453125,980900,0.0,0.0
197.80999701058155,200.0915330741296,197.15417907171005,199.5188446044922,952500,0.0,0.0
199.46345353877902,203.15824748679523,199.46345353877902,202.94580078125,1245500,0.0,0.0
202.798011736204,203.8510274792586,200.69198025009476,201.8466033935547,1206000,0.0,0.0
202.3268956507411,205.0610491746584,201.6525997508214,203.12127685546875,1139400,0.0,0.0
203.4168512978819,206.5758979562922,202.8441628324416,204.83010864257812,1038100,0.0,0.0
204.13737291785105,205.1719107499935,200.10081489574023,202.00363159179688,6863100,0.0,0.0
201.31081517858107,202.8441577805594,200.12848245030133,202.39154052734375,886500,0.0,0.0
200.9967422859435,203.0842952304138,199.50034155567047,200.193115234375,932800,0.0,0.0
201.21844926005457,205.87389693135168,201.1537977033936,203.54617309570312,954800,0.0,0.0
204.04495205771713,205.97549224706825,201.190727648282,205.78150939941406,802900,0.0,0.0
206.90842936640794,210.39077607497734,206.58512930771565,210.24298095703125,1015800,0.0,0.0
209.3285232352763,211.31448321724073,208.7466028377307,209.476318359375,1308900,0.0,0.0
209.50417854717642,209.9962109829833,207.72171901573338,208.65936279296875,804700,1.14,0.0
208.65007430669186,208.9471579639863,205.00160594706335,205.65145874023438,1421100,0.0,0.0
206.607669916124,207.16468051464165,203.40481293603094,205.521484375,953000,0.0,0.0
206.61694967818283,207.7866988568043,205.53076413069738,206.37557983398438,1015100,0.0,0.0
206.68196110188836,208.58509854065696,206.180635931748,207.1925506591797,1011400,0.0,0.0
206.468446726181,207.31326258853358,204.0732766058166,204.19395446777344,1095800,0.0,0.0
203.74832555118593,204.53744169159836,201.91016629552118,202.66213989257812,1606000,0.0,0.0
203.7575869667378,206.77477381990306,203.4140963811029,206.68194580078125,1071600,0.0,0.0
206.80262098426795,207.74955742780247,206.35700966731633,207.58245849609375,843300,0.0,0.0
207.13684108244388,207.35965383246355,203.80401337895796,205.56790161132812,821000,0.0,0.0
205.50292335806364,206.86762134939661,205.43793099384354,205.74429321289062,730900,0.0,0.0
206.04136156703288,206.29202412139352,204.70451349808,205.40078735351562,1232000,0.0,0.0
207.025459081612,208.5758274116181,206.1992145424895,207.98167419433594,1222100,0.0,0.0
207.7402903432568,207.86096818979854,206.19920067014053,207.79598999023438,775100,0.0,0.0
207.98166292237931,208.56653755475233,205.43793707320802,206.89547729492188,738400,0.0,0.0
207.42463613860838,211.37948107683437,206.47771380516284,210.57180786132812,1072000,0.0,0.0
210.71104819175693,211.49087155115348,209.5877200795537,209.80125427246094,1082900,0.0,0.0
210.8131762283938,212.94841907129634,209.66199825390592,212.1500244140625,977600,0.0,0.0
213.26404979465636,214.16456515045317,211.1009572303207,211.3887481689453,839700,0.0,0.0
211.34232938347824,213.16193138489234,210.3582645507075,212.92984008789062,1005600,0.0,0.0
213.51470826446766,214.6844432664954,212.6420427474841,213.52398681640625,1018500,0.0,0.0
214.0160483156115,215.6499661198224,213.59828676992618,214.23886108398438,1136300,0.0,0.0
214.16455455984695,218.16580601210572,210.88742677726376,213.95103454589844,1594700,0.0,0.0
215.38071685211622,217.3859889949969,213.0041043119887,216.82896423339844,921300,0.0,0.0
217.2003047408266,219.7440160453872,216.4204672919083,219.07559204101562,1146500,0.0,0.0
219.3727023632093,220.15252574128138,217.59952140904406,218.77854919433594,1091100,0.0,0.0
219.6976291795408,220.4960238554766,218.3886449523296,220.07826232910156,801300,0.0,0.0
219.08491110710943,222.01853440608843,218.17510300157122,221.2108612060547,808000,0.0,0.0
222.80764785374845,224.72937061603685,221.42437860699408,221.9349822998047,948400,0.0,0.0
221.2851196106208,221.35009780549723,217.1631760428989,219.4376678466797,980500,0.0,0.0
219.4005619382035,219.69763145297983,215.16721865110148,215.18577575683594,1157800,0.0,0.0
215.58496664018642,221.84215315194373,215.31573280092323,220.9044952392578,884800,0.0,0.0
221.4522132113707,223.1789729302023,220.89520262945172,221.4150848388672,821500,0.0,0.0
220.55172861914258,221.18301015918664,218.42576436623145,220.5331573486328,679800,0.0,0.0
219.87401119420844,220.33819379552997,215.92845908297542,216.02130126953125,1022500,0.0,0.0
213.52401815443093,215.68711099475257,212.48425355558217,215.59426879882812,954000,0.0,0.0
215.94702162335093,217.0981995277521,214.9722353668376,215.4178466796875,760100,0.0,0.0
216.54116439573875,218.32362372753343,213.8767610324553,215.37142944335938,1473600,0.0,0.0
216.55045186841062,216.55045186841062,214.54519389111167,215.44570922851562,977900,0.0,0.0
215.68708410758083,216.95893987196322,214.96296039997483,215.90989685058594,816300,0.0,0.0
212.04788829761375,214.03458916122577,211.06382350055287,213.5425567626953,1147900,0.0,0.0
215.69636930447317,215.77991877352574,213.70966832342611,214.26669311523438,1050500,0.0,0.0
214.67517350432945,215.84490855425142,214.14599854187244,215.1579132080078,701000,0.0,0.0
217.57165541089074,218.72283328750655,215.74277494650434,216.52259826660156,702000,0.0,0.0
216.74541989718142,217.58094289361983,215.325022303799,216.94036865234375,731800,0.0,0.0
216.45763007809032,218.23081098239246,215.4642725299311,217.6273651123047,749000,0.0,0.0
218.24009825713813,219.1963133032824,217.58095271608542,218.9178009033203,556300,0.0,0.0
219.54907241183895,219.54907241183895,216.2069523122787,216.76397705078125,809400,0.0,0.0
215.95629376646588,216.90323017318215,214.25738386484147,216.01199340820312,817600,0.0,0.0
215.99348200029647,216.82900513457352,214.96299591296503,215.67784118652344,907200,0.0,0.0
217.07034326412165,217.8130240415884,214.9815217046088,216.01199340820312,734000,0.0,0.0
217.12605303703586,218.15653895444078,214.50805642740715,216.07699584960938,747200,0.0,0.0
215.427153332485,216.45763929904638,213.43115959894462,215.77992248535156,709800,0.0,0.0
216.0398510406206,216.3090706896748,214.22952774303923,215.38998413085938,824800,0.0,0.0
216.0398810733531,216.04915962608365,211.48160434855322,211.57443237304688,1327700,0.0,0.0
211.76010068892535,211.9828992633916,205.13157394971665,207.06256103515625,1399400,0.0,0.0
204.3331885499275,205.54934470947887,203.42338044407856,203.8318634033203,1821600,0.0,0.0
205.7814215896929,207.74027261369244,205.13156882086727,207.12754821777344,1370300,0.0,0.0
206.96971646001543,208.52008446813545,205.75356045258593,207.6009979248047,787000,0.0,0.0
207.2853967639538,208.14878383294774,206.06924052435562,206.11566162109375,645600,0.0,0.0
206.84904992037997,207.6474445666318,205.05731186682308,206.61695861816406,709300,0.0,0.0
207.35035978478857,208.32513184967402,206.5241153764212,206.96043395996094,2861600,0.0,0.0
206.72837266994404,209.1606993235227,205.45651677602768,208.5386962890625,899600,0.0,0.0
209.57441819760314,210.4701868761665,208.03479353446858,208.08145141601562,657800,1.14,0.0
207.82020268391975,209.19186194199153,207.42830207275463,208.60400390625,971200,0.0,0.0
209.56507423450125,209.99430680367996,208.27740500293754,209.583740234375,779200,0.0,0.0
210.08761587967734,211.0860404580154,209.10787153987076,210.5075225830078,452000,0.0,0.0
209.78902541672431,209.81701729779502,205.90732321107419,207.7921905517578,919800,0.0,0.0
207.26030867823007,210.40486750286556,207.14834115808387,210.1436004638672,631400,0.0,0.0
207.90417502450924,210.17161724198422,206.99906616147442,208.85594177246094,638900,0.0,0.0
211.63658275963877,212.9335922567055,211.43129945178754,212.16845703125,819900,0.0,0.0
211.09536093031755,212.61631958104346,210.98339340589132,212.25241088867188,789400,0.0,0.0
212.82160286781578,213.90400306389049,211.74852855278115,212.25241088867188,800600,0.0,0.0
212.30839905773,214.05329279352682,211.4966060128169,213.66139221191406,605300,0.0,0.0
213.36279283725534,215.63022052716695,213.23215931896394,214.13726806640625,649200,0.0,0.0
214.6224735867476,215.76085750927047,212.62563878195903,213.11085510253906,726000,0.0,0.0
210.98338486742426,211.45926106496347,207.58689913008254,209.96630859375,715200,0.0,0.0
210.04096037494494,214.43585642895684,209.53707805459572,213.76402282714844,826500,0.0,0.0
214.20259600721616,215.5649293040637,213.3161531832199,214.00665283203125,479800,0.0,0.0
214.70646185177387,214.70646185177387,212.13109498634626,212.34571838378906,436300,0.0,0.0
213.7453611756142,213.7453611756142,210.63813447051865,211.24464416503906,985400,0.0,0.0
211.42197267894758,212.084466247686,210.03164741581116,211.81387329101562,1440500,0.0,0.0
211.12338158047672,213.15754872532233,209.6397547277151,212.4950408935547,853000,0.0,0.0
212.43902397692332,213.32546674974694,210.32088150780802,210.7221221923828,728100,0.0,0.0
212.28040854941156,213.24150112820072,210.80610773971878,213.1201934814453,897700,0.0,0.0
208.7906091928946,212.0844535514627,206.68180671953533,211.5059356689453,1558800,0.0,0.0
212.0378182703752,213.1668621977583,210.2555924315614,210.40489196777344,884000,0.0,0.0
211.24465391768413,215.4529326903143,210.26489539531528,215.19166564941406,797000,0.0,0.0
214.26794227321355,215.33167662072336,212.30842488875365,212.37374877929688,804200,0.0,0.0
213.76403961350266,214.04397267590292,211.37530405859624,211.79519653320312,556400,0.0,0.0
212.17779003912545,213.60543312204527,211.41265478797328,212.4950408935547,753900,0.0,0.0
211.81386996842497,212.48570364657087,210.90876110308918,212.06581115722656,584300,0.0,0.0
212.36438146441384,216.14344208594758,212.36438146441384,215.27566528320312,968200,0.0,0.0
215.4529731423789,218.55087469181805,215.4529731423789,218.1869659423828,923600,0.0,0.0
217.70171308521594,218.99872243535265,216.8619281849496,217.0205535888672,603300,0.0,0.0
217.2071742783644,217.79503226055732,216.2647477210273,217.42178344726562,556400,0.0,0.0
217.34714363617744,219.81054320273407,215.92884079468894,219.4652862548828,618500,0.0,0.0
219.02671368572663,219.2040050890025,216.39537723127611,217.61773681640625,674000,0.0,0.0
216.6659763726247,217.8230263485715,214.33322465836736,214.50119018554688,601100,0.0,0.0
213.6707303178633,215.37830627464956,212.95223880601642,214.79977416992188,537400,0.0,0.0
214.88375349562946,216.2647527801351,214.1559360901677,215.14503479003906,671700,0.0,0.0
216.07814849003972,217.1045507768943,214.92109842912564,215.3316650390625,670500,0.0,0.0
215.39694819234947,216.4233645909332,214.47318767160994,215.13568115234375,719100,0.0,0.0
215.46227833774253,216.45136276624245,214.4078700283484,215.1730194091797,700700,0.0,0.0
214.41721425534217,215.01439816353204,213.16686267225515,214.62249755859375,813800,0.0,0.0
215.57425110652832,217.05787778537507,214.6038326543858,215.21034240722656,737600,0.0,0.0
216.02216506464967,218.2242835627648,215.87287975476872,217.23519897460938,545300,0.0,0.0
217.32847245457245,217.64572325355965,216.35803982027704,217.2818145751953,945200,0.0,0.0
217.393824696113,217.393824696113,214.71582990331453,215.80755615234375,678000,0.0,0.0
216.60065740824777,217.281816892865,214.39853931522453,215.6675567626953,878400,0.0,0.0
215.10771763826546,215.38765071461063,213.07356481026676,213.24151611328125,695100,0.0,0.0
211.4406083560687,211.94447643132355,206.34587265389527,206.75643920898438,1759600,0.0,0.0
206.383196108145,207.93214661308312,205.31946193060634,206.97105407714844,972300,0.0,0.0
207.1483390226926,207.6895390944633,204.9928788541828,205.27281188964844,859100,0.0,0.0
206.08461945897702,206.36455251424815,204.0131347831519,204.14376831054688,649500,0.0,0.0
205.67403893136617,206.21523900473326,202.83741928397856,204.67562866210938,824400,0.0,0.0
205.2448478620827,205.71139823850882,201.83902157137967,202.54818725585938,890800,0.0,0.0
202.2868885481084,205.82334807053246,201.79234633066966,205.46876525878906,987200,0.0,0.0
205.1421888052894,205.40345585488285,203.04271228949358,203.2666473388672,851900,0.0,0.0
201.97901787769342,202.53886984939587,200.20611770566285,201.4471435546875,2025500,0.0,0.0
198.87175410693249,201.22315758836476,198.04129506447714,201.05520629882812,1085200,0.0,0.0
201.41911183497606,201.41911183497606,198.9277347467274,199.4595947265625,1026200,0.0,0.0
200.8872232437627,203.1733311193373,200.38335518112905,201.24180603027344,1023600,0.0,0.0
202.01628690808815,204.1437552108527,202.01628690808815,203.30397033691406,976300,0.0,0.0
203.08004281139964,203.7425505960573,201.34447487977525,201.4937744140625,689800,0.0,0.0
201.0831660733476,203.649192554562,200.84989093869174,202.07225036621094,882600,0.0,0.0
201.54977869477,202.64150495414137,199.328994169662,199.5716094970703,1116100,0.0,0.0
200.13465881347656,201.14819066916237,198.61436818978237,200.13465881347656,879300,1.22,0.0
200.7821627261578,201.57046038359846,193.85638427911957,193.91268920898438,1100200,0.0,0.0
194.58839230801007,195.4142218770768,191.45394587561623,194.13792419433594,1471200,0.0,0.0
194.25991058465448,196.19312286261115,192.55191802394845,195.2265167236328,1683300,0.0,0.0
194.80422661164621,200.744640429315,194.29745357942127,199.44956970214844,1372100,0.0,0.0
198.6237505586602,199.79681786486458,195.36731457106325,199.3275909423828,1088200,0.0,0.0
201.29835685703398,202.771736319126,200.27544556660243,202.002197265625,795200,0.0,0.0
201.5329322436414,204.01044944092789,200.16278353984137,203.0813751220703,871500,0.0,0.0
202.89370659364764,204.48907517318244,200.6789550758105,200.7071075439453,771800,0.0,0.0
200.7164554309201,202.36812856971375,199.65599830767462,200.4536895751953,871600,0.0,0.0
201.101233472768,203.41921521585104,200.07832239479754,201.5610809326172,969500,0.0,0.0
202.79984289302152,208.1302528409517,202.79984289302152,207.80178833007812,1087100,0.0,0.0
208.8247346096369,210.70164212896216,208.25227724345598,209.7162628173828,956900,0.0,0.0
208.2428636552026,209.91331004231006,207.2387256744807,208.13963317871094,711700,0.0,0.0
209.43471335397257,210.32624151714273,208.5807170386584,209.5004119873047,542400,0.0,0.0
209.72562217560434,211.07699775163806,209.40655136450377,209.9039306640625,663400,0.0,0.0
209.7350585965214,210.7485904849867,207.51091320808248,210.71104431152344,521700,0.0,0.0
211.64947325551046,212.60670009075727,210.61716840184545,210.74856567382812,520400,0.0,0.0
210.2886944309973,212.4095945130228,209.21885784878393,211.63067626953125,605800,0.0,0.0
211.96855186383883,212.70993837310166,209.80072591134754,210.00718688964844,913600,0.0,0.0
210.07288666694078,210.54211356204704,208.40244006593596,208.52442932128906,759800,0.0,0.0
207.86750471911776,213.1603832732648,205.24922506868202,212.59730529785156,1122100,0.0,0.0
211.94977752904558,214.9997521066583,211.6588448485066,213.84544372558594,1480000,0.0,0.0
214.16455165554515,215.85375706865372,211.546257489823,214.75576782226562,1122300,0.0,0.0
215.37514393160995,216.4262075898538,213.25424352989128,216.00390625,961800,0.0,0.0
215.60977563430654,215.7693110731076,212.0248749940619,215.168701171875,882900,0.0,0.0
215.73173146898594,219.59815595739556,215.73173146898594,218.30308532714844,1183000,0.0,0.0
220.1706381263949,221.04339325340118,218.95064536936343,219.66387939453125,841100,0.0,0.0
221.1372473115882,221.84108764393108,218.16235055857905,219.08203125,683900,0.0,0.0
218.5564831985215,221.11845780851604,217.51479901121226,220.36770629882812,679200,0.0,0.0
219.95478914251365,221.87860782735675,219.95478914251365,220.2644805908203,645200,0.0,0.0
219.73892688480748,219.93600846134674,218.1341790858937,219.3541717529297,523000,0.0,0.0
220.41462117349903,224.05582619830324,219.025713674007,223.90567016601562,1078500,0.0,0.0
224.28109740716968,226.73984198467483,223.5209377376404,224.3092498779297,756500,0.0,0.0
225.2758130509571,228.1005535266328,225.09750455720453,227.17149353027344,872600,0.0,0.0
227.10579584326285,228.29763605409585,225.40719693409426,227.70640563964844,957800,0.0,0.0
227.58443379298276,228.73874231726398,225.36030279197345,226.13922119140625,852400,0.0,0.0
227.04012106791546,228.11935153022694,225.79199011463365,227.0495147705078,1047800,0.0,0.0
227.4999485126898,229.26424608415243,226.26119705162785,227.2090301513672,801300,0.0,0.0
227.96919047366657,229.40502361120608,226.955658673109,229.02964782714844,802700,0.0,0.0
228.26952199816273,229.02966733340475,225.82015685145535,226.88059997558594,888000,0.0,0.0
222.91093292371772,226.41136163461823,219.748348158083,220.30203247070312,1061700,0.0,0.0
222.08508188985383,224.23414907068758,220.74309985438552,223.45523071289062,846400,0.0,0.0
222.0475089067871,222.1507393765212,217.26138977499284,217.86199951171875,2850700,0.0,0.0
221.08095141122763,223.0516958305267,216.56699085314003,216.60452270507812,1095100,0.0,0.0
217.6461819592522,221.56892589984105,217.2426537387748,220.64923095703125,989500,0.0,0.0
221.1184701635758,222.04754454027758,218.50956985853588,221.40000915527344,939100,0.0,0.0
223.5678385570611,226.96505095611104,222.96722871452397,224.54383850097656,969300,0.0,0.0
225.79196455317017,227.23717694158972,224.14027688678559,225.21011352539062,1090800,0.0,0.0
226.04534913084947,226.22365763366855,221.90677899550923,225.76382446289062,974300,0.0,0.0
225.6230752621387,228.62612474966306,224.49693349427577,226.73983764648438,662600,0.0,0.0
227.82843017578125,228.7574902615317,226.0735118544345,227.82843017578125,721600,0.0,0.0
228.56978799091672,229.67717083759067,227.20903294752145,228.44778442382812,1114300,0.0,0.0
227.79085540249903,228.8043870848724,225.06934548625568,226.82424926757812,860200,0.0,0.0
228.10056575797668,230.63438801431232,226.47704478301486,229.9680938720703,985800,0.0,0.0
229.96808432692666,231.44144920429449,228.86070150373038,230.2871551513672,1097100,0.0,0.0
230.06192824330563,230.61562683191485,223.0516776718107,223.52090454101562,1982100,0.0,0.0
221.68154722185702,222.03816423116365,218.05911515362345,221.06216430664062,1128500,0.0,0.0
223.09860522495813,223.67106258331262,221.05278293030403,222.12261962890625,889200,0.0,0.0
222.43231385726637,223.45522501734825,221.6064699674626,223.10800170898438,601700,0.0,0.0
223.57725009157394,226.59907263026162,223.26755860311187,225.69815063476562,614800,0.0,0.0
227.04011990354007,228.8513431753353,225.73566970039988,228.72933959960938,664300,0.0,0.0
228.20379807895523,230.74701405782076,228.20379807895523,230.5874786376953,635800,0.0,0.0
230.859632361206,232.8397704310746,229.8273274642438,231.86378479003906,1038500,0.0,0.0
232.37303592521437,232.92946776319488,231.06211267789536,231.44879150390625,555200,1.22,0.0
231.74117377434482,233.50478626521442,231.12815754542922,232.75973510742188,533900,0.0,0.0
233.23129104196138,233.5142271447295,226.7143923143817,229.62860107421875,839700,0.0,0.0
231.0621187652473,234.5893579221622,230.3076273360317,233.49534606933594,797700,0.0,0.0
233.91034973442294,235.5985117712304,232.44852508447332,232.59942626953125,1120900,0.0,0.0
233.07096877175405,234.13667415422293,230.93952922535976,232.5711212158203,732600,0.0,0.0
231.91089707077325,233.29727084161564,231.48650016741306,232.12782287597656,695500,0.0,0.0
231.4865179301649,231.4865179301649,228.0347293219458,229.96810913085938,815300,0.0,0.0
230.87353597683565,230.87353597683565,226.58237878660222,230.2416534423828,696200,0.0,0.0
231.02441728312527,233.05209965365103,230.32651014253545,232.23159790039062,783700,0.0,0.0
232.85402092154132,234.0423495873136,231.76944939682963,232.957763671875,702400,0.0,0.0
231.51481009984477,231.51481009984477,228.42140816187396,229.96810913085938,1078300,0.0,0.0
228.0818872430285,230.28876281766333,225.39403039414572,230.16616821289062,1107400,0.0,0.0
230.8074684289637,232.5616548370308,228.09131950636663,228.44969177246094,1159000,0.0,0.0
229.71350169158876,230.01528966076813,223.62099966518656,224.14913940429688,1136100,0.0,0.0
224.8375874278723,226.79925943086303,223.0834009322661,223.94163513183594,1572000,0.0,0.0
221.6310173958274,224.79986996486065,217.0757909284216,224.37547302246094,1363600,0.0,0.0
220.98969892434428,223.53609485315246,217.00977074888473,220.6218719482422,1150200,0.0,0.0
221.73476989662348,223.85676909262637,217.24556788929726,219.763671875,1064300,0.0,0.0
221.46125378292854,221.86678446228206,215.51965370132993,217.45303344726562,1068600,0.0,0.0
216.519369352629,218.7168191436682,212.3885396312934,218.56591796875,1200900,0.0,0.0
217.1512426696071,220.9142596124915,216.08552295396993,220.61245727539062,1271800,0.0,0.0
221.43296024416767,221.83850533809485,217.2549866502813,219.7825164794922,1113200,0.0,0.0
218.84884511260074,222.98910059131018,218.29241324244376,222.54583740234375,1839500,0.0,0.0
223.40405732681944,232.94833258308583,223.40405732681944,227.7140655517578,1555600,0.0,0.0
225.95047569119504,227.37456774605388,215.85919352293405,215.89691162109375,1726000,0.0,0.0
216.03838733055494,217.12295894138495,211.58690342032963,212.03016662597656,904500,0.0,0.0
212.03956772272295,214.54824548841705,211.54914615865857,212.64315795898438,1140000,0.0,0.0
213.44484158100965,215.03868673298027,213.08645487463363,213.85037231445312,1255600,0.0,0.0
211.01158656051066,212.09615807510056,205.85277004254218,207.3240203857422,1483200,0.0,0.0
207.17313903256746,208.87074127961654,204.44754951034605,205.33407592773438,1304100,0.0,0.0
206.40922182876858,208.28601742473614,204.50413406121547,206.7015838623047,1394700,0.0,0.0
208.72926763819467,210.08733496193085,206.56953607011042,207.23915100097656,958300,0.0,0.0
206.541237937892,208.6066526197872,205.09827975561146,207.55979919433594,778700,0.0,0.0
205.69246514898367,207.62583071918422,204.32494301687143,204.80593872070312,815500,0.0,0.0
204.14573011934027,205.9659266993171,202.78764853079488,203.53269958496094,933100,0.0,0.0
204.04199582938028,204.5984276616846,201.34469878225119,202.6839141845703,1276400,0.0,0.0
203.08003156189667,204.8153518200824,200.83542345987172,201.34471130371094,1466000,0.0,0.0
199.36417862101354,202.8725517227496,197.39308062949286,201.95773315429688,1936500,0.0,0.0
202.63676441290553,206.6638511081621,202.26895181764874,206.003662109375,1160600,0.0,0.0
203.39126910806957,205.50382799160286,201.69366686899596,204.03257751464844,1876300,0.0,0.0
204.25891309630603,205.10770695324118,197.75144076047087,198.86431884765625,1439800,0.0,0.0
200.45815788769386,203.3440739776935,200.2789645738778,201.98599243164062,1202500,0.0,0.0
203.768510434731,204.90024047931374,201.39186726759746,203.07061767578125,1079600,0.0,0.0
200.09982137244276,201.55222009709902,197.6288756238905,200.06210327148438,1353400,0.0,0.0
199.72254459083047,199.8262873370302,194.7051890702262,194.7806396484375,1442800,0.0,0.0
195.97839161393225,198.21355919996734,191.26283846822034,191.94187927246094,1547000,0.0,0.0
196.00670335943892,199.10010538074852,195.6294504356648,195.9501190185547,950400,0.0,0.0
193.1867902727763,195.55400731458172,192.1022187356404,194.46942138671875,790000,0.0,0.0
195.82751546552277,196.56314069893077,192.12109712725382,192.26255798339844,886400,0.0,0.0
193.86582463505394,196.21417535509357,193.347110894797,194.42225646972656,1080200,0.0,0.0
195.75204748835156,197.05354481217097,194.29966339495846,196.59141540527344,663100,0.0,0.0
197.5628275698553,199.4113308940159,195.4879868852818,198.0438232421875,1019900,0.0,0.0
196.96868258080565,200.04321839343032,196.75175675063016,199.35475158691406,850600,0.0,0.0
200.260127830882,201.467308407251,197.4213697301706,200.25070190429688,1710600,0.0,0.0
200.4110503098076,201.42961172768142,198.74174012017588,199.93006896972656,1059200,0.0,0.0
201.1183590339212,201.76910772674663,200.05263932591853,200.41102600097656,750900,0.0,0.0
199.74137847585231,200.74108775418478,197.42133456512664,197.44020080566406,727600,0.0,0.0
198.0909793761369,198.87376304045378,197.41195286265602,198.70401000976562,945600,0.0,0.0
199.53393655772174,200.85428577382888,198.73228671104638,199.7036895751953,609400,0.0,0.0
202.15578973879872,202.2500921768989,199.27929914828255,202.11805725097656,960900,0.0,0.0
204.3155156680658,207.76730452366814,203.87225245701003,206.13572692871094,843500,0.0,0.0
205.38648123817808,206.61941001269557,202.56971864642443,203.5845184326172,865900,1.22,0.0
202.49381354425876,203.76468640916585,198.55794116401935,198.5958709716797,1507900,0.0,0.0
199.82883058340337,200.0754250217406,196.19643951497847,199.3072052001953,1015100,0.0,0.0
197.81817766899664,198.66225694716914,194.98244350136017,198.16908264160156,795000,0.0,0.0
197.46731769969503,198.93733317481784,195.2575333618748,195.77914428710938,712400,0.0,0.0
193.1710176708788,195.7601723225148,192.22261319023661,194.55569458007812,1086000,0.0,0.0
193.028761133524,195.23854529106745,191.44492740100222,194.3565216064453,1066100,0.0,0.0
194.48930993695458,195.17214783569992,192.45023166108484,193.14256286621094,821700,0.0,0.0
192.66834419913485,194.0530209627667,190.0981764308318,190.44908142089844,760900,0.0,0.0
190.97073178193486,193.4270959777049,188.53332525678928,189.50070190429688,1009500,0.0,0.0
189.20671036147883,189.68091264308654,188.41005400153912,189.05496215820312,1021400,0.0,0.0
189.20668331370172,189.32048721413724,185.8872678169701,186.14334106445312,1540800,0.0,0.0
185.84934248327528,188.08757756526524,185.17596895597384,186.48477172851562,968800,0.0,0.0
188.0875777904585,193.06670116143331,187.46162737923228,192.89598083496094,956900,0.0,0.0
195.0298951325512,197.8751085498544,194.6220881557262,195.88345336914062,876700,0.0,0.0
197.87508390929722,199.7244695059473,196.51887262892117,197.5431365966797,1093000,0.0,0.0
196.03519365705557,196.87927302464297,192.66835502130687,192.85804748535156,906400,0.0,0.0
192.69681534424876,194.18581732451196,189.04546677831414,193.58831787109375,957900,0.0,0.0
191.83376129437502,193.47449684797684,188.277244808199,188.35311889648438,1046700,0.0,0.0
188.35313989205338,191.30267847223143,187.5564691120037,188.07809448242188,1163700,0.0,0.0
189.79468656004377,193.51243012362545,188.18240195172305,192.2605438232422,1113000,0.0,0.0
191.18886594741593,193.03825188872256,186.29509509387793,186.9400177001953,1922900,0.0,0.0
186.99690349009472,191.25524467624095,185.68810071947223,189.69036865234375,1881900,0.0,0.0
199.0700870068066,202.80680283160353,189.54811275651727,193.6641845703125,1916700,0.0,0.0
194.33755558825564,202.6929963167563,193.3037982307812,202.01962280273438,1786000,0.0,0.0
200.19867557982843,201.6876773914354,196.19640796891952,197.42933654785156,1955300,0.0,0.0
196.2912772655283,199.43049379299651,193.63574181529253,198.4726104736328,1612600,0.0,0.0
196.4050785421008,200.99535271128798,195.6368732355782,198.6338348388672,1634100,0.0,0.0
200.63497773184082,200.98588277096596,192.60199034451063,193.05722045898438,1554500,0.0,0.0
192.9528646508327,195.8075710436378,191.59665335881732,193.31326293945312,1040100,0.0,0.0
192.8770046023073,197.1163735688113,192.30797062631206,196.8792724609375,1590800,0.0,0.0
197.7992117966615,198.44413428922002,193.90126928262336,196.9266815185547,1492000,0.0,0.0
194.6979503601261,197.2491607402421,191.37853466259304,196.38612365722656,921600,0.0,0.0
198.91835652724612,201.4885245082162,197.34400165145792,201.28936767578125,958500,0.0,0.0
198.95628470191582,199.38306381084152,192.36487665749752,192.89598083496094,1208800,0.0,0.0
190.73362404271313,193.1425650353936,188.6471370975207,190.4396209716797,1603500,0.0,0.0
191.05607698848706,191.66305526852483,187.62285744872696,191.3595733642578,1179300,0.0,0.0
193.6642136902215,193.74008779373048,191.03712893330706,192.04244995117188,1007400,0.0,0.0
191.38802386646324,193.76851386306546,188.50486618979792,192.73475646972656,1169800,0.0,0.0
191.79583099663208,192.69681234451213,189.13081676414845,191.5113067626953,870200,0.0,0.0
193.15206157410077,194.75486747488262,192.50713899682873,193.78749084472656,835400,0.0,0.0
195.1531819290948,196.15848830077925,193.58830595019663,196.07313537597656,792400,0.0,0.0
193.80643777827297,198.28290753883752,192.1277580001857,197.33450317382812,2172200,0.0,0.0
198.61483874358493,198.8614186667104,193.08563960465838,195.35232543945312,817800,0.0,0.0
196.8129049465263,198.652811983128,194.26169453834171,198.46311950683594,483500,0.0,0.0
196.86032312328854,197.57162647701367,195.92139748662998,197.10690307617188,514300,0.0,0.0
197.5905635546462,198.6622651267836,196.8413304676003,197.42933654785156,458400,0.0,0.0
196.7654911065177,199.56328160571434,193.77802259358825,199.2977294921875,922600,0.0,0.0
197.54315715138654,198.33982789026322,195.1721460188448,195.6937713623047,677800,0.0,0.0
195.09627936622527,197.48624808220998,192.67784520389276,192.86752319335938,810600,0.0,0.0
189.5291634382287,189.95594259511927,186.56066701167518,186.61756896972656,1173500,0.0,0.0
182.95672514546368,184.32243001239542,177.78792324419135,178.8880615234375,1297400,0.0,0.0
178.87858477524156,180.0261606611685,174.93321832950758,176.33685302734375,1206600,0.0,0.0
177.4654428213733,179.3148431466093,174.82887950753917,176.79208374023438,1304300,0.0,0.0
173.71924657579336,173.71924657579336,168.88239241874862,169.92562866210938,1324000,0.0,0.0
169.4324413008523,171.14906543134458,168.18055501042736,169.05308532714844,2128600,0.0,0.0
170.82660517558443,172.85619012296146,169.39451966354153,171.9267578125,1029300,0.0,0.0
169.4609328766084,173.27352355325624,169.27125484431136,172.02163696289062,1019900,0.0,0.0
171.6896415621093,173.53902718520195,168.95823235169422,170.80763244628906,695000,0.0,0.0
172.0690166292058,178.23364570510796,171.65173081705407,178.2241668701172,1507200,0.0,0.0
179.14411375842982,179.61831597754488,176.232519658245,177.6361541748047,1381100,0.0,0.0
178.48971736513286,179.77954801600592,173.19761871544063,173.5485382080078,979300,0.0,0.0
173.91134172732964,173.9399836605304,170.77015498103512,172.61285400390625,749500,1.22,0.0
170.88471891159583,174.15003034152826,169.7294554485146,174.00682067871094,1486900,0.0,0.0
174.67512748346877,176.87110088046109,172.10679445684178,174.6178436279297,779400,0.0,0.0
171.82995138104008,174.7992865482737,169.02292535925628,174.39828491210938,1428400,0.0,0.0
174.94250192762772,175.4103444694126,172.42190972612337,173.98773193359375,937800,0.0,0.0
174.71336511844916,177.5872175338315,172.9852192047955,177.24349975585938,1220900,0.0,0.0
175.67767263414478,176.8520356056883,173.7299483260084,174.0259246826172,1149200,0.0,0.0
173.35758871262473,175.41988075504455,173.08069726565827,174.66561889648438,1127500,0.0,0.0
174.40784002014118,178.20782066878326,173.92091254846557,174.58924865722656,800700,0.0,0.0
171.58171804835857,172.40282080688053,170.13046361195455,170.23548889160156,1154100,0.0,0.0
167.4380116842001,168.26867149804565,165.6716959101248,168.01087951660156,1271300,0.0,0.0
170.77014126233,172.97565735340987,169.06110958790075,172.45053100585938,858000,0.0,0.0
172.92792833443997,173.99728058296114,171.54351482344939,172.13546752929688,863900,0.0,0.0
174.21689334602507,179.23897859766996,173.69176690131056,178.981201171875,1152100,0.0,0.0
178.89524872289212,180.32740371076255,177.7304281672668,179.8022918701172,765700,0.0,0.0
179.55402917882984,182.12236259968344,178.33192484430688,182.06507873535156,619200,0.0,0.0
182.39923700365384,184.0509994356257,181.94095152655478,182.89572143554688,743700,0.0,0.0
182.32287059406758,183.16305821819847,181.473125946798,182.83843994140625,581300,0.0,0.0
182.18921949970218,185.3208639532355,181.71183449680217,184.99623107910156,894800,0.0,0.0
185.22537605485573,189.9133001514791,184.05101305908622,188.8726043701172,850500,0.0,0.0
189.74142807398303,194.6394025791798,189.74142807398303,194.29568481445312,1035200,0.0,0.0
195.2695461473457,198.96450103850106,194.63939451003205,198.3629913330078,1275900,0.0,0.0
196.7589956851948,198.8403872111879,196.70171181840726,197.9715576171875,1087000,0.0,0.0
193.81829767910014,203.56650516961207,192.97809547054834,195.63235473632812,2000300,0.0,0.0
196.17657572674554,200.06248170760642,195.29818915261637,199.1077117919922,1276200,0.0,0.0
199.22230183356123,200.93133363875313,198.19114853637453,199.9479217529297,1097000,0.0,0.0
198.2197756234751,201.33232019155483,197.3413890809857,201.227294921875,1058700,0.0,0.0
203.07957545180122,203.79565294956402,199.11728579163403,199.8524627685547,707500,0.0,0.0
199.55645249851435,200.69263101587148,198.76399172952884,199.56600952148438,902300,0.0,0.0
203.18458686445197,204.1202573184405,202.22027447799877,203.79563903808594,725800,0.0,0.0
205.63835301775055,206.3830724006744,203.14640290761824,203.52830505371094,649800,0.0,0.0
204.61673367057486,207.75793478055172,203.38508691740228,207.624267578125,595300,0.0,0.0
203.8433909850144,205.9916234427019,202.9172629377651,204.3112335205078,2414900,0.0,0.0
203.74789396252592,208.0539156015999,202.97453266262673,207.2423553466797,818600,0.0,0.0
205.32328877456567,207.04187766620225,203.862491858833,206.20167541503906,652200,0.0,0.0
206.9559442696944,206.97504374931012,205.30419621447803,206.80319213867188,453300,0.0,0.0
205.99164436696125,206.25897882336034,203.29918575355362,204.03436279296875,1030800,0.0,0.0
201.23686758597,201.24641004081633,196.39617691897735,197.09315490722656,1138900,0.0,0.0
196.13835262181058,198.39160992796926,195.61324088778426,196.10971069335938,742600,0.0,0.0
196.55848619018454,196.7398948128155,195.3172969022254,196.31979370117188,654000,0.0,0.0
196.92129234640547,198.42983054025262,196.23385685126925,198.4202880859375,618200,0.0,0.0
199.2032064265519,199.2032064265519,190.19017555757318,190.44796752929688,860900,0.0,0.0
189.31177176471485,189.56000669028086,187.19218145304183,187.6504669189453,1297700,0.0,0.0
188.18516002009636,188.5193207561739,185.19672546151799,187.2876739501953,1466000,0.0,0.0
188.5288563119747,188.5288563119747,185.3303715664073,186.01780700683594,1321500,0.0,0.0
185.2349149332761,188.53842540932618,184.3278863838355,188.31883239746094,1159200,0.0,0.0
189.31178435184086,190.83942209793312,185.30175347914027,186.56204223632812,1303000,0.0,0.0
186.68616774462862,188.84394259370097,184.6907020393303,188.61480712890625,1786900,0.0,0.0
188.86303254587585,193.96150034126197,188.1755970488988,193.61778259277344,1417300,0.0,0.0
192.72982568497858,195.29815868833143,190.99213771667647,194.73484802246094,1160400,0.0,0.0
195.28862729380842,198.12429503845664,195.24090045411572,197.16952514648438,1026500,0.0,0.0
197.74240381112813,199.86199425365518,196.69215104460275,198.19114685058594,1270600,0.0,0.0
193.88512364354654,195.71828003767124,190.49568770618473,191.36451721191406,1064800,0.0,0.0
191.46954975824556,192.0424175269625,187.57410137804754,189.6459503173828,1632000,0.0,0.0
190.1997254562371,191.1258388914796,185.55954298220246,185.97962951660156,1103200,0.0,0.0
184.5283767630749,186.4570014101083,182.55199614020663,185.2826385498047,2016700,0.0,0.0
183.88869226014447,188.64344237840808,183.78366698629014,188.51931762695312,727400,0.0,0.0
186.71480979967788,186.71480979967788,184.0128090826867,186.02737426757812,891200,0.0,0.0
187.87962903532014,190.04696089457525,183.9364244916147,184.00326538085938,1078200,0.0,0.0
183.8409425664232,184.02235117387283,179.85955393111323,180.3464813232422,815900,0.0,0.0
179.04800156683487,179.6876956636939,176.32690147293303,179.23895263671875,1092700,0.0,0.0
178.71383498732135,181.32036748018936,177.8640903015421,178.77113342285156,1499600,0.0,0.0
179.95504697091658,180.89073206787313,173.80632579038684,175.2098388671875,1317600,0.0,0.0
176.83295077921414,181.33945158924428,175.72541412865726,179.94549560546875,1153000,0.0,0.0
177.59956324608206,179.09942727401793,175.22477364498172,176.7919464111328,1297500,1.31,0.0
177.59955158458408,178.3879352039044,173.32108981900456,173.68643188476562,1450800,0.0,0.0
175.51320501493177,181.15692804542368,174.3786831246157,179.74359130859375,977400,0.0,0.0
182.34914571291554,185.94496987744483,181.96455578181227,185.78152465820312,773700,0.0,0.0
183.6567068528477,187.0025582866598,182.82023299144126,185.37770080566406,906900,0.0,0.0
185.80071344979206,186.57948770220764,183.66628752137785,184.50274658203125,1478900,0.0,0.0
182.92601439501823,183.04139871330514,179.29172378701568,180.18588256835938,815800,0.0,0.0
181.95492799930744,181.95492799930744,177.41686996882035,178.9552001953125,1092700,0.0,0.0
178.16680740924014,181.0127140147533,177.22458781855065,178.8590545654297,1029000,0.0,0.0
178.8686623274202,180.99347935015606,177.263038002821,178.01296997070312,1038400,0.0,0.0
173.50378265479378,184.26242740604408,173.50378265479378,183.43557739257812,1601900,0.0,0.0
184.5989263913088,184.9162075565164,178.33987432477113,178.92636108398438,987000,0.0,0.0
181.71456428514927,184.49316206226203,181.68572187716504,183.60862731933594,1263300,0.0,0.0
188.3389875898037,188.44474798417005,182.70487361937114,185.91612243652344,1174500,0.0,0.0
184.65660266866766,186.2333845051809,182.22412851850888,184.55084228515625,929300,0.0,0.0
184.45470699322408,185.4161596965078,180.79155987040573,181.69532775878906,1197700,0.0,0.0
182.2048995200232,189.3965764219157,181.57996112083345,188.07937622070312,3526100,0.0,0.0
189.70423935821606,193.8288798626232,189.17543741270174,193.0404815673828,1617000,0.0,0.0
193.30967993901803,198.2707794541806,189.31965705222035,197.93426513671875,2157800,0.0,0.0
200.01099647445741,204.01064307676606,198.08809114687864,199.55911254882812,1821700,0.0,0.0
200.56866603068303,202.08776319119062,198.5880756412254,198.88612365722656,951000,0.0,0.0
199.7321712901961,206.45271567207698,199.0976090440864,205.79893493652344,938600,0.0,0.0
204.289467692162,206.49120261337538,203.81836525349672,205.2989959716797,1294100,0.0,0.0
206.71234323684504,207.39498115097237,203.251107435335,205.06825256347656,818500,0.0,0.0
203.78954028768203,208.2410567395106,201.26091474962834,201.49166870117188,984100,0.0,0.0
198.68419107398398,206.0777645535608,198.097704350529,202.86651611328125,1281000,0.0,0.0
206.0200625366738,207.34687182301684,203.11647156869805,206.8565216064453,774600,0.0,0.0
207.5776259722365,207.79877064958382,205.5778173250346,207.40457153320312,1083800,0.0,0.0
208.40447109930147,208.4621705815989,203.92411290067537,206.40464782714844,986800,0.0,0.0
205.39516068943323,206.37583195552955,202.7415416454889,203.46263122558594,972100,0.0,0.0
210.82735270124715,215.94228824831072,209.46209159003803,215.60577392578125,1432800,0.0,0.0
215.605776522988,218.69204626741313,215.0385229284434,217.7017364501953,841100,0.0,0.0
217.17295143228802,221.51870729080196,216.6153070779255,217.00950622558594,1269500,0.0,0.0
218.91316918018316,221.21104056283767,217.29792100388573,219.0766143798828,1023200,0.0,0.0
218.93239430782242,219.97075028303223,217.47098213920327,218.87469482421875,714600,0.0,0.0
216.54798904844995,217.8171136633373,212.70217822118502,217.72096252441406,883900,0.0,0.0
220.3745860286269,220.3745860286269,216.62491159065988,218.1343994140625,914900,0.0,0.0
217.91325702143845,220.07652568017122,216.83643465035158,217.2979278564453,969900,0.0,0.0
219.40351007603962,220.58609282630061,218.3843725294241,219.93231201171875,998800,0.0,0.0
220.0476838610208,221.86482895239868,219.5285058366005,219.86500549316406,694800,0.0,0.0
220.65339811104764,221.05720649090907,219.28813701610537,220.14382934570312,417300,0.0,0.0
218.28821514044975,219.6823332956851,214.49047989934905,215.5192413330078,1127100,0.0,0.0
215.73075428695756,216.24993227248336,213.40404059144674,215.72113037109375,1117600,0.0,0.0
215.5577205675264,218.91319621032162,213.54828768294794,218.70167541503906,2640400,0.0,0.0
220.89377017967035,221.48025694629695,217.0287260017279,218.66319274902344,1306200,0.0,0.0
216.67298656997943,220.5380306300573,214.32703957501278,219.4900360107422,850500,0.0,0.0
216.85567203803754,217.20179561700277,214.1828345501524,215.548095703125,1410200,0.0,0.0
215.55771700515498,216.69223894933978,211.42346698923686,213.04832458496094,1058400,0.0,0.0
212.48105476844424,213.95207628165434,211.1734784599681,211.61575317382812,1435200,0.0,0.0
212.1926161336562,215.0481319363544,211.95225294939274,212.78872680664062,865200,0.0,0.0
213.259829928223,214.02899505440206,210.98119162884424,211.28884887695312,916900,0.0,0.0
212.11569583386083,215.98073990230625,210.71198306865617,215.60577392578125,1027900,0.0,0.0
222.0090720877247,222.75900410658454,215.34619647941693,216.97105407714844,825000,0.0,0.0
216.70183276123123,219.730403027895,214.90392082970612,215.57693481445312,881000,0.0,0.0
212.58681352064977,213.4328966168612,207.981461403272,209.59669494628906,1138400,0.0,0.0
207.14499119188912,208.9044514775443,206.38544997761403,208.43333435058594,1922300,0.0,0.0
208.61601449350198,211.03887954179672,207.7987884548146,208.9140625,732000,0.0,0.0
208.62562313049966,210.70234977776246,208.1064304657312,209.68321228027344,771700,0.0,0.0
211.3465468926504,213.78863038036002,211.07732663034895,213.7405548095703,735100,0.0,0.0
212.40414217427838,212.40414217427838,208.0872139964862,211.70228576660156,880200,0.0,0.0
211.14462162276646,214.05782204166363,210.72158010031478,213.4136505126953,627400,0.0,0.0
213.42328173399926,215.71154402073364,212.64450733775234,215.11544799804688,766900,0.0,0.0
215.84614902984197,217.1056498238774,211.57729634093045,211.9330291748047,952100,0.0,0.0
213.75135880007366,215.47297489843191,212.9775952735694,214.68954467773438,712000,1.31,0.0
213.86743780805185,213.86743780805185,211.0141983779055,213.0743408203125,635300,0.0,0.0
213.41285224396196,214.39940119981208,210.7047017899625,213.09368896484375,746000,0.0,0.0
214.51544163046955,215.8888796429711,211.30434290787522,213.5772705078125,929900,0.0,0.0
212.3682680714608,213.4418466971059,210.8497558649575,211.70089721679688,871500,0.0,0.0
214.62184351975563,220.221944205139,214.22530242303358,219.50621032714844,824800,0.0,0.0
219.81572954432198,222.43683544284931,218.73245461466013,219.51589965820312,1228400,0.0,0.0
219.37080659397213,221.3439044502185,219.26441391781853,220.01882934570312,803900,0.0,0.0
221.4019493474654,223.30733619602083,220.79260809141877,223.12356567382812,789600,0.0,0.0
223.7232062843448,226.07351181439762,221.69209353561467,224.70008850097656,843000,0.0,0.0
223.38471850888135,226.25729150330216,222.60127341042406,225.58993530273438,701800,0.0,0.0
226.2572749946732,227.42759445082044,224.1004213531564,224.69041442871094,992300,0.0,0.0
225.27075075510606,226.68285571414694,219.66098294218347,220.32835388183594,974500,0.0,0.0
219.95112626749534,219.95112626749534,213.17103955949682,213.74169921875,1651900,0.0,0.0
214.5735075304215,219.00327429272087,212.73581711991636,218.8582000732422,1084700,0.0,0.0
218.88718777400706,222.79468686163332,217.8135944080561,221.49862670898438,666300,0.0,0.0
221.7694549472805,224.39057549085263,219.10965286710876,221.82749938964844,1129800,0.0,0.0
219.06128877836602,221.53732017425003,216.76901311591877,220.88929748535156,668800,0.0,0.0
221.95323007237008,222.23372656222716,218.97424990957165,221.1697998046875,651000,0.0,0.0
219.46750262863029,224.0230094170725,219.46750262863029,223.1041717529297,656500,0.0,0.0
221.9629175506346,224.3228751125163,221.45030230580855,222.40782165527344,850000,0.0,0.0
223.17189795172524,228.61722793321843,222.262726919682,228.2980499267578,1723900,0.0,0.0
228.25938170279164,234.05291962764738,227.04071404567603,231.6929473876953,1861600,0.0,0.0
240.28166986208907,245.05964382150952,236.83843763046306,242.3224639892578,2288900,0.0,0.0
241.01675624175206,242.16772749074886,236.70303442120888,238.63743591308594,1864200,0.0,0.0
237.4477852891713,238.87923827386206,233.90782698482047,234.2270050048828,1153200,0.0,0.0
232.9696388590345,233.72405425990198,228.8783838376667,231.41244506835938,1639600,0.0,0.0
230.0003433578747,231.68326323260024,227.92085287179665,228.97511291503906,1186500,0.0,0.0
231.1996517967235,232.0121116114503,226.55710018388723,227.3018341064453,744600,0.0,0.0
226.9246459270726,228.36578042542072,225.49319288200016,227.79513549804688,840800,0.0,0.0
228.7429976641889,231.70262986037423,227.8048116728081,231.61558532714844,987400,0.0,0.0
230.67736382228014,232.23455751849883,228.220680571247,230.24212646484375,831000,0.0,0.0
229.44903097636276,232.3796480833483,228.89773422033505,232.17654418945312,910100,0.0,0.0
229.01377363936422,231.56718281981003,227.9595284502421,229.69081115722656,708600,0.0,0.0
229.55542891840315,232.8342389627751,228.57856144642477,232.45703125,902000,0.0,0.0
230.27115124947238,230.8417961373847,225.46416244738597,225.74464416503906,1148700,0.0,0.0
226.547414118491,227.70805199806716,224.50662006656427,225.8897247314453,816900,0.0,0.0
226.98266424988694,227.8628204717601,223.30731321748465,226.2185821533203,1253700,0.0,0.0
223.66517355774442,225.58022691144654,222.5045356087829,225.06761169433594,742400,0.0,0.0
227.2438282634541,228.03694001480514,224.72911500242031,225.1643524169922,598500,0.0,0.0
225.35777180584716,227.74675880780157,224.932201120077,225.5125274658203,1178600,0.0,0.0
224.70009588198565,226.10253408371966,223.23961323554207,224.69041442871094,1168500,0.0,0.0
223.54909891061618,229.12016953983257,222.93975775677757,228.21099853515625,939700,0.0,0.0
229.6134457928641,231.3640914989029,228.0272371970898,231.09326171875,677000,0.0,0.0
231.04491551745858,232.97931698091134,230.76441904060323,230.8804931640625,622600,0.0,0.0
230.9288419248469,230.9288419248469,228.42379556591197,228.73330688476562,650400,0.0,0.0
228.73330231363929,230.08737741078357,228.20133896893557,229.35231018066406,574800,0.0,0.0
230.67738695358227,231.72196557116206,226.80858381809242,227.0890655517578,667600,0.0,0.0
227.91119447294207,228.46250600942787,222.2433972306371,222.7173309326172,1231300,0.0,0.0
220.5798028820184,224.5840134365928,219.1676980375999,222.7076416015625,1189500,0.0,0.0
225.51252036436335,227.75641833006492,223.23959279980795,226.4603729248047,1322700,0.0,0.0
222.58190509582073,222.98812762481347,216.53690063168196,221.05372619628906,2232200,0.0,0.0
219.1386676823825,223.95532299208207,218.2101485252023,222.78500366210938,1332300,0.0,0.0
224.37120833620384,224.37120833620384,219.1289824514574,222.2723846435547,3897900,0.0,0.0
223.60714308776156,226.42170080387265,222.90109067469214,226.2185821533203,1292200,0.0,0.0
228.43344873709324,229.38131602623528,225.27071315029488,227.44691467285156,1392200,0.0,0.0
227.1857796070441,228.83969935429886,223.33632482164163,223.5394287109375,1172400,0.0,0.0
223.95534695528437,226.6248158355545,221.65340434133242,223.69419860839844,1148900,0.0,0.0
221.97257983294256,224.32287065306593,220.28964515651066,224.02304077148438,1049600,0.0,0.0
225.91876099562933,226.5474356021767,223.95534458392342,225.01925659179688,723000,0.0,0.0
225.2803947241804,227.3405370242691,224.86450548972212,226.43136596679688,1243300,0.0,0.0
228.78164177290543,231.6155474324349,227.77575956191524,231.58653259277344,1427700,0.0,0.0
232.63687976833495,235.51553516285608,232.3548402168814,233.28846740722656,991100,1.31,0.0
234.64999080330747,237.04240026826702,234.00812303959876,236.76036071777344,1043100,0.0,0.0
235.4377276237178,238.33585239354744,234.6013585356966,237.66481018066406,1111600,0.0,0.0
237.8009591942443,237.8690279820913,226.98651012074168,228.04656982421875,1240000,0.0,0.0
226.5099960534724,227.07406032893303,222.44484828877364,223.10617065429688,1105800,0.0,0.0
222.18227159981362,222.4837508948091,220.19831940129407,221.44314575195312,1061400,0.0,0.0
220.22749163535303,222.8824711864836,219.274424716396,222.44483947753906,963700,0.0,0.0
223.4854525714073,225.66389132091453,222.76578129051595,224.2245635986328,864800,0.0,0.0
224.46770153622458,227.08378693779392,224.16622222338972,225.96539306640625,1033100,0.0,0.0
224.8567199209068,225.42076937573515,220.29559135911083,224.87615966796875,1105800,0.0,0.0
224.48714319722956,228.17299321148957,224.07868594147124,224.96368408203125,838200,0.0,0.0
224.73999679114988,226.89899577476518,223.94253685314382,226.40301513671875,796400,0.0,0.0
227.1907415202032,229.49561265870886,226.23767463332112,228.853759765625,992000,0.0,0.0
228.231365455417,228.231365455417,226.06264640931101,226.7628631591797,635300,0.0,0.0
225.790327417625,229.86519510331684,225.32352122675258,229.18443298339844,857700,0.0,0.0
229.94298999854368,230.42925075734976,227.560315248294,229.69985961914062,562700,0.0,0.0
229.7095832030111,231.8783020672613,229.7095832030111,231.1586456298828,843100,0.0,0.0
230.20559080473208,231.63518388165738,228.5328524921712,228.57174682617188,612400,0.0,0.0
227.57003492170185,228.5328365655139,224.84697170687537,225.01229858398438,868100,0.0,0.0
227.01569987669814,234.31934626541295,226.5391738111557,233.9497833251953,1058500,0.0,0.0
234.28042418495073,236.1865728606019,234.08592285221093,235.29185485839844,1444300,0.0,0.0
236.25464475987778,240.30033782793436,235.74894425599624,239.05551147460938,1728800,0.0,0.0
230.4778720998358,231.89774515798487,223.44653107800772,227.94931030273438,2445500,0.0,0.0
227.47278747208708,229.495634102286,224.6913752105012,225.8195037841797,1731300,0.0,0.0
226.18904903026257,226.18904903026257,220.81100639899512,220.94715881347656,1334800,0.0,0.0
223.27149349550442,224.87614807599192,221.48205745094242,223.98143005371094,1079500,0.0,0.0
224.59411750472756,226.34465917200728,221.53066587711294,222.34759521484375,821700,0.0,0.0
220.94714176350837,222.66850881622585,220.09131817309532,221.97801208496094,732500,0.0,0.0
223.54377856569192,224.26344977278325,218.8659528183471,222.4642791748047,1164400,0.0,0.0
220.8401743985577,221.74461223127236,219.37167233962867,221.63763427734375,905600,0.0,0.0
223.03809106638036,223.65078439797864,219.63426560550346,222.24063110351562,858100,0.0,0.0
222.99917567759587,224.23428209755474,221.5403934749594,222.97000122070312,800700,0.0,0.0
221.9683248391179,221.9683248391179,219.30361043879415,219.7898712158203,875500,0.0,0.0
221.3167338915795,223.427103851789,220.23723438903446,223.04782104492188,937000,0.0,0.0
222.30868898230327,224.78862180709407,217.49471046329788,221.4042510986328,1484700,0.0,0.0
223.19369167756955,223.6799524437516,219.94547332095354,221.7738037109375,1971300,0.0,0.0
221.4334213196641,222.46429172887457,217.43635738616857,221.08331298828125,1054600,0.0,0.0
219.01185967700204,220.46092219213966,216.9306640625,216.9306640625,1090800,0.0,0.0
217.19323532016128,217.49471462048055,215.10230512460674,215.8803253173828,1086300,0.0,0.0
216.7166933855173,217.9906942108048,214.59660358088635,215.7928009033203,925300,0.0,0.0
216.38603436783313,219.17716633216236,216.17207845006223,218.8854217529297,894300,0.0,0.0
218.73952830045397,219.64398098843054,215.81224400393845,217.26129150390625,1001000,0.0,0.0
216.0553916511696,217.04735295021575,211.41645969097863,212.71963500976562,2594500,0.0,0.0
213.00166989546247,215.91923448874712,211.0955211651361,215.8803253173828,1136800,0.0,0.0
218.34080304871577,223.04781852526713,217.61141190224922,222.88247680664062,941600,0.0,0.0
222.2211701556491,222.2211701556491,219.03130071650492,219.40086364746094,899500,0.0,0.0
218.33108077715738,222.91166365602726,217.40718830301608,222.68797302246094,827700,0.0,0.0
223.34929837103965,230.5459517646425,222.00721390961877,229.9429931640625,1597300,0.0,0.0
229.2427834282495,230.78908914796438,228.03685135100886,230.49732971191406,906900,0.0,0.0
231.17808244749475,231.24615123305517,227.68671913318684,230.9835662841797,913100,0.0,0.0
231.79078972052872,233.2787465501575,230.1764003369113,233.18150329589844,692700,0.0,0.0
234.03731207070535,238.0052018941073,233.34683005967682,237.8787841796875,944500,0.0,0.0
239.5514899724896,239.90158344752578,236.00177778687694,237.7425994873047,971500,0.0,0.0
236.40052935892976,240.3684188824665,236.40052935892976,240.018310546875,1085600,0.0,0.0
242.59548649071286,243.58746258102167,239.26946472385438,241.1756134033203,2187600,0.0,0.0
239.64874322354763,240.43648325428188,236.68254971809756,237.3535919189453,1159000,0.0,0.0
236.06989720435743,239.64876954935676,234.82507075048795,238.19970703125,968900,0.0,0.0
238.94853069573975,238.94853069573975,234.77641997067548,235.33074951171875,892000,0.0,0.0
233.41488446759192,236.16712214751024,232.08253473500454,235.5933380126953,1361600,0.0,0.0
235.84619601195274,239.42508303649453,235.84619601195274,238.53036499023438,860800,0.0,0.0
240.19337734474854,243.57776315114032,239.3959173601402,242.76083374023438,1048500,0.0,0.0
242.6246773645518,243.26654516285652,240.7574377290756,241.25343322753906,728100,0.0,0.0
240.83301054457948,243.33588033080127,238.18347914099397,242.96435546875,847200,1.31,0.0
245.16414688402452,245.78009286030058,243.6389615316083,244.57754516601562,878700,0.0,0.0
243.1501225592654,245.36947046369582,241.39028754514175,245.301025390625,512800,0.0,0.0
242.33864506950098,243.1696828372203,240.4223918604473,240.608154296875,725400,0.0,0.0
238.77011010291756,239.66957805392718,236.20858148334054,237.07872009277344,1109300,0.0,0.0
236.10102723131106,241.62493850079156,235.70994449366682,238.36924743652344,986300,0.0,0.0
238.44745843801383,243.45319801718338,238.44745843801383,242.8079376220703,826800,0.0,0.0
243.72695476650765,246.3667147680124,243.15991090245043,245.58456420898438,892500,0.0,0.0
248.2438806135372,248.56651829605877,245.50636096770594,245.7703399658203,839200,0.0,0.0
245.61389838231258,245.6334562492004,243.2479037104531,243.57054138183594,880300,0.0,0.0
243.3554418408965,244.03981797733337,240.95033151195454,244.00071716308594,925100,0.0,0.0
243.79539596716467,245.98541451399603,242.99368755436964,245.56500244140625,910600,0.0,0.0
245.34991885747738,248.9771348657555,244.89040595544608,248.78160095214844,910400,0.0,0.0
248.41007964317163,249.94503655123975,246.43515277531358,249.27044677734375,931300,0.0,0.0
248.9086833312428,250.88359520118658,247.29550993799825,249.8081512451172,879100,0.0,0.0
250.43388043367185,250.8347346618221,248.78160614864092,249.86683654785156,2819300,0.0,0.0
250.17969010591816,252.04705619286304,248.62517530646596,248.66427612304688,675900,0.0,0.0
247.784357655985,250.92271649087974,246.21028504227462,250.26766967773438,701800,0.0,0.0
249.26063704071024,251.58751578923125,248.0287600561991,249.70059204101562,835100,0.0,0.0
250.4143296701871,251.69509394712108,248.7424826517931,249.9059295654297,908600,0.0,0.0
251.392027457397,254.34462399078114,250.80541077328675,254.207763671875,1294700,0.0,0.0
255.14631373438803,258.2944588768936,254.25661729883626,257.4438781738281,2141200,0.0,0.0
249.76904071799652,250.73693874899237,241.78136077289662,246.22982788085938,2058300,0.0,0.0
244.91972966771016,249.7690511724345,242.80794256369438,244.440673828125,1883600,0.0,0.0
242.99367653743448,247.4910307877867,242.99367653743448,244.64596557617188,1107600,0.0,0.0
244.4113420278855,244.67530608930525,240.74502532535783,241.13609313964844,1219300,0.0,0.0
242.40708639764085,245.31081042530445,242.36797066516516,244.15713500976562,1074300,0.0,0.0
242.41686041938985,243.82472843769366,239.01452265400965,243.18923950195312,887600,0.0,0.0
243.84427145637733,244.03003388057587,240.89166037101347,241.39027404785156,724800,0.0,0.0
241.14587461720376,243.35545112262136,236.18902198726437,236.40411376953125,1621500,0.0,0.0
235.6219631197827,236.32589714912174,231.66233793432093,232.13162231445312,1889700,0.0,0.0
232.1316065326589,233.6763497187824,230.61620760418754,233.61769104003906,1166600,0.0,0.0
231.83833279611378,232.84534664867212,230.88997762727237,232.15118408203125,626200,0.0,0.0
232.4933819169613,234.64428487802013,231.26148987365133,231.7307891845703,630400,0.0,0.0
232.17072307134677,233.01153227891297,230.71396789827264,231.5841064453125,843700,0.0,0.0
230.52821935029598,233.09953433303832,230.14692299589873,230.51844787597656,885800,0.0,0.0
230.73352633301297,231.20281068402937,228.89547482396802,230.48910522460938,659700,0.0,0.0
231.89698855599275,232.65958127126106,229.94161955924693,230.72377014160156,573600,0.0,0.0
230.94862739103533,235.68061665967102,230.7433070876745,235.3970947265625,628500,0.0,0.0
234.7322666586946,237.9292991322098,232.33694263128945,232.36627197265625,669500,0.0,0.0
234.39984494160726,235.9934753557274,232.42491819188368,235.20155334472656,667600,0.0,0.0
235.62196835174862,238.44747600620636,235.5046509836809,237.02005004882812,525900,0.0,0.0
236.4334469989478,241.15566497554644,236.4334469989478,240.14865112304688,758000,0.0,0.0
240.66682142503927,243.01325827064164,239.82601215368013,242.729736328125,1014200,0.0,0.0
242.95457708140427,244.6068661293656,241.8302459716797,241.8302459716797,1043400,0.0,0.0
243.33589234253955,244.06915571071204,240.66681785951045,241.8498077392578,631300,0.0,0.0
241.08722156088285,241.55652087038922,236.62898254854525,236.9418487548828,995400,0.0,0.0
236.35522530114707,239.22962008677064,236.35522530114707,238.75054931640625,871200,0.0,0.0
237.45022208095384,238.45723589000482,230.85085191885096,233.07997131347656,1246000,0.0,0.0
232.4347128494485,233.64703205279503,231.64277589200546,233.1288604736328,1031800,0.0,0.0
234.18476736222613,234.66383813836123,231.0757378094076,232.72801208496094,1065200,0.0,0.0
231.6329933750617,234.39007062855126,231.5645632224647,232.20982360839844,1011800,0.0,0.0
232.36627198163438,234.42918686144117,230.83131508301346,232.60092163085938,1152700,0.0,0.0
234.77136615618258,236.6582899389298,232.95287252579817,234.32162475585938,986300,0.0,0.0
233.6763499935644,234.90824192174514,231.53523362551212,232.99197387695312,1541000,0.0,0.0
233.40260766005784,234.17498674001615,231.91653801755447,232.40538024902344,1003900,0.0,0.0
231.8089940633115,232.99198391909584,230.45001324522437,232.21961975097656,958900,0.0,0.0
233.82302984792173,235.75884099113117,230.62599733874552,230.9290771484375,766900,0.0,0.0
229.99048533775843,229.99048533775843,226.73479447134181,226.93032836914062,1028400,0.0,0.0
226.90100594021064,229.90248940444098,226.85211873470212,228.29908752441406,994900,0.0,0.0
227.5365097547991,229.90250445717285,227.5365097547991,229.23768615722656,577100,0.0,0.0
227.77114983697606,228.83682231797607,224.95541381835938,224.95541381835938,837000,0.0,0.0
226.32418564858273,227.65383713813043,224.86743040278344,227.2138671875,801700,0.0,0.0
225.82698669732136,230.13520273539905,223.27944073333194,228.24667358398438,1078900,1.4,0.0
229.85977744837132,230.59748480121155,225.0007426162725,226.53517150878906,827100,0.0,0.0
226.05322679869246,227.48928879939257,224.65648758014402,226.3089599609375,1187800,0.0,0.0
225.46306200075395,227.34176050785848,225.07945474091497,226.63356018066406,1072600,0.0,0.0
226.79094256719085,229.07290973791373,225.32535840840737,228.266357421875,969300,0.0,0.0
227.87289445839383,230.83355473377566,226.83027040821605,229.01388549804688,1066200,0.0,0.0
228.13846732243857,232.59421867021388,227.76469078269835,231.19749450683594,1132000,0.0,0.0
230.00731587933566,231.20732105611464,227.57779843197952,230.63682556152344,917700,0.0,0.0
231.87618466150153,233.67619243540832,230.58764318837765,231.12863159179688,953700,0.0,0.0
231.62043444405847,233.0761877728123,231.069615350452,232.73191833496094,820500,0.0,0.0
232.13192268906178,232.13192268906178,228.60076695871754,229.8991241455078,1087300,0.0,0.0
230.1647131901323,231.0106182919481,226.84995267902283,227.7056884765625,1098200,0.0,0.0
229.73192917344613,231.70899470667663,227.7647093449238,229.78111267089844,1047300,0.0,0.0
228.55158973544167,232.06306916285442,227.88272722007534,231.4434051513672,801700,0.0,0.0
229.35813760573282,229.35813760573282,221.48925880618205,221.7154998779297,1145200,0.0,0.0
221.12533064323048,224.9909252048597,220.3286090565156,221.21385192871094,1309000,0.0,0.0
221.53845498951816,223.02371555356987,218.99090893433416,219.8958282470703,2513300,0.0,0.0
221.8040292669683,222.17780582638707,218.67615703402936,218.80401611328125,1586600,0.0,0.0
221.81386347361843,222.29583772846115,213.93515356610752,219.40402221679688,2174500,0.0,0.0
218.06630849309818,223.1810768931324,215.42039550117408,222.26632690429688,2168900,0.0,0.0
223.1319053877763,225.72863484859025,219.60073454193633,220.48599243164062,1304400,0.0,0.0
220.4859964311531,223.31878270698382,218.56796014837818,219.60073852539062,1118800,0.0,0.0
220.43680885726494,222.90566423109613,218.88270345956835,219.91549682617188,921400,0.0,0.0
219.64007252005354,221.06630373596604,218.18433421067832,220.44662475585938,1767500,0.0,0.0
221.30239292392238,221.74501436942248,218.20401278803027,220.85975646972656,931800,0.0,0.0
223.4466345859948,228.27616226547,222.17778455849012,227.9122314453125,1282000,0.0,0.0
230.548326124291,233.67621344152408,228.16799194396322,229.289306640625,1098400,0.0,0.0
229.18110397457303,230.1155303667216,226.7712627499701,227.36141967773438,1043600,0.0,0.0
226.9581446977082,227.55814731317994,225.3253487265956,226.1220703125,1093600,0.0,0.0
226.23024880935,227.18435149415453,224.22369146721422,225.2564697265625,1204200,0.0,0.0
225.73846215179242,226.40730965029064,223.9286236172375,224.75485229492188,1121200,0.0,0.0
225.69912198393536,228.8171633963276,224.69583573806085,228.67945861816406,1178300,0.0,0.0
227.7155074170202,229.0827244868379,227.42043647358076,228.30567932128906,747600,0.0,0.0
232.1319255723708,234.56144311274335,231.30569689699666,232.55487060546875,1021200,0.0,0.0
233.22373052235594,236.09586946346707,233.22373052235594,233.62701416015625,878900,0.0,0.0
233.8335671304239,236.39095876241097,233.8335671304239,235.10243225097656,792500,0.0,0.0
236.21389695909426,236.6663640891028,234.83684918723353,235.9876708984375,1251700,0.0,0.0
235.68276573980256,236.67620632302842,233.70571526909512,235.69259643554688,942800,0.0,0.0
235.77127756663683,238.07292100889708,235.27947264263105,237.84669494628906,1052600,0.0,0.0
238.43687759092282,238.74179425613985,235.88933157199136,236.75489807128906,931500,0.0,0.0
236.8630847181217,237.88604736328125,236.32209630084458,237.88604736328125,284800,0.0,0.0
236.7352150317562,238.2991661232373,234.77784100656885,237.8368682861328,777800,0.0,0.0
238.0335905875567,238.6631003094239,236.32210399590414,237.29588317871094,971100,0.0,0.0
239.17457952110377,239.73522934231758,236.55817366558458,236.8827667236328,698500,0.0,0.0
237.8270134872381,238.63358074962196,235.06307227451833,238.24014282226562,2014400,0.0,0.0
237.76802429909583,241.54509783885317,236.45982129047752,241.2205047607422,774300,0.0,0.0
239.60736626571455,243.73852464780714,239.09588493956738,243.51229858398438,807200,0.0,0.0
242.71556599991973,243.53196399266577,240.29589412576706,240.6106414794922,686600,0.0,0.0
241.81063624543535,244.89917050158454,241.81063624543535,242.8434295654297,1040400,0.0,0.0
243.96475071162993,244.5647533224866,242.77459119401445,243.51229858398438,582200,0.0,0.0
243.93523221436567,246.44344022476034,243.37456742002215,245.5188446044922,1781200,0.0,0.0
245.92213690344633,247.2500011849518,245.4991768668577,246.2958984375,1115400,0.0,0.0
247.71231584537446,248.76478565202947,246.45329636272854,247.62379455566406,982100,0.0,0.0
247.86968598874768,249.413960681026,245.06639186992058,248.45001220703125,913000,0.0,0.0
250.82050802531137,255.60083741697596,250.15166054141747,255.05001831054688,1019400,0.0,0.0
253.20085443745057,255.70904748502033,251.12542209701616,254.1057586669922,2269700,0.0,0.0
254.86315179744352,254.86315179744352,252.4238184085579,253.4369354248047,639800,0.0,0.0
254.50905049072534,254.97134832419638,252.99428290612371,254.35166931152344,831500,0.0,0.0
253.83035931554437,256.43691945385444,252.43365011723068,252.48281860351562,955900,0.0,0.0
254.44018859382192,256.3779011974944,253.66315842545382,256.22052001953125,855600,0.0,0.0
256.9287096622804,258.91562068649336,256.74182139728237,257.61724853515625,496900,0.0,0.0
257.69593861071365,260.4402185355778,257.69593861071365,259.4074401855469,924500,0.0,0.0
259.3975876743964,260.65660706632303,258.68938739035076,259.3484191894531,626200,0.0,0.0
259.09129470345886,259.7538141994768,258.151865355229,258.9627380371094,764900,1.4,0.0
258.62655660340624,259.89229670408093,258.0530006738489,259.0220947265625,634200,0.0,0.0
257.1926731189597,259.17039372905833,255.87750219139764,257.6871032714844,755700,0.0,0.0
256.4114830552351,256.49060878467014,254.24587642071455,255.42262268066406,876900,0.0,0.0
256.7180191511402,258.80453016715416,256.0851642240083,256.4906005859375,926200,0.0,0.0
256.4708089936857,257.6475552386325,254.13711302471017,255.08641052246094,723400,0.0,0.0
254.97764688211984,255.21496370890733,252.00116757646043,254.3546600341797,1155500,0.0,0.0
253.31636359795104,253.95911677587026,251.70450134546923,253.55368041992188,772500,0.0,0.0
250.02344140814282,252.77247190955674,250.02344140814282,251.15074157714844,1095000,0.0,0.0
251.48697630532533,251.7638560015609,248.79727489434129,251.140869140625,1065800,0.0,0.0
253.17791580188128,254.09754869055803,250.2113347331512,250.80465698242188,974000,0.0,0.0
249.74657064035614,251.20019657976317,248.06551104253106,250.87387084960938,726500,0.0,0.0
249.46969769189857,251.08154495414345,247.27442642154725,247.43264770507812,1177000,0.0,0.0
247.59086770153672,250.70577187469598,247.23487735984892,249.96412658691406,1047600,0.0,0.0
250.40909595445098,252.6636962890625,248.075384983157,252.6636962890625,895900,0.0,0.0
253.15813417587523,255.5214945922598,252.99991290711313,254.8194122314453,623400,0.0,0.0
255.4621920862932,258.1518935810992,254.84910346678123,258.0035705566406,1078300,0.0,0.0
259.40771372701107,259.6845934087159,255.65995485279632,255.7192840576172,1132800,0.0,0.0
258.03322223645876,259.7736261099271,256.62902726079716,259.2593994140625,1322100,0.0,0.0
259.74396027053695,261.24701713198357,258.73530340429335,259.4868469238281,1071900,0.0,0.0
259.03198230202776,261.23712158203125,258.4782229169272,261.23712158203125,1174000,0.0,0.0
260.2284946010575,263.3928296299722,260.0999379265086,262.8489685058594,1072400,0.0,0.0
264.14436476250336,264.14436476250336,257.9046585359572,257.99365234375,2665600,0.0,0.0
251.17054095406988,253.36581224352935,246.46357089414713,252.70327758789062,2916000,0.0,0.0
251.98140338072452,253.6327832772316,249.87512599216768,253.20758056640625,1391800,0.0,0.0
250.8343281178442,252.2879540864799,249.76635709463352,251.37820434570312,1195700,0.0,0.0
249.69712156287775,252.87136992566266,248.718159473153,252.84170532226562,1258300,0.0,0.0
253.56358298810315,254.77986189899062,250.66621433055644,251.259521484375,1134500,0.0,0.0
250.89365740093783,251.91218238758836,248.52039851897405,251.6748504638672,732400,0.0,0.0
251.57596226227002,252.92081292577177,250.80465240558047,252.90103149414062,685200,0.0,0.0
252.67360000872392,254.364557840625,251.6254104554522,253.56358337402344,786600,0.0,0.0
251.61550855477924,251.85284046652103,246.8096467358896,248.91592407226562,1026800,0.0,0.0
250.181681010361,251.3880919045515,248.95548868331804,251.28919982910156,904200,0.0,0.0
251.42763084999962,254.1173473374012,250.82442542409206,253.968994140625,903500,0.0,0.0
253.6426768899112,254.23599912868698,250.15200110122123,251.09141540527344,1202800,0.0,0.0
251.17053344032794,253.88989945198503,251.01231216015307,252.75271606445312,1095000,0.0,0.0
253.68224118113642,255.2050643834981,252.10005859470266,255.17539978027344,822100,0.0,0.0
255.17539443375955,256.4411344408618,254.29532443811968,255.78851318359375,1398300,0.0,0.0
255.85770844535315,258.08264415583443,255.85770844535315,257.23223876953125,990600,0.0,0.0
256.3423097686729,257.9046960286473,255.82808301206302,256.85650634765625,907200,0.0,0.0
257.92441486416175,258.85394594629224,255.74894034368575,258.59686279296875,1012300,0.0,0.0
259.14073702270855,260.73281785470994,258.83419273301297,259.74395751953125,844300,0.0,0.0
260.6932605191653,260.6932605191653,258.468324717837,259.229736328125,1370400,0.0,0.0
258.824286341733,259.0813996776413,255.38307179709707,257.29156494140625,1139800,0.0,0.0
251.22985163103309,257.52888706974807,251.1804055970453,256.1840515136719,1652400,0.0,0.0
256.2335014552094,257.99367175622757,254.3645709956906,255.00732421875,1383700,0.0,0.0
255.95658397278518,258.80450632659074,255.5907105080124,257.36077880859375,1107300,0.0,0.0
259.72418000194835,260.3867297531476,257.64756711061267,258.5672302246094,1160100,0.0,0.0
259.06164471469066,260.03070854160944,257.8651019662685,258.2705383300781,912900,0.0,0.0
258.7946336168901,258.99241775783855,256.54003322714397,258.8638610839844,1200400,0.0,0.0
259.4077383061169,260.61414921448676,257.3904847958262,259.9516296386719,1053000,0.0,0.0
260.663590388618,261.22724802229925,259.0616414740482,259.74395751953125,1588300,0.0,0.0
262.26554862794234,263.83783299546366,259.7143021506267,261.9689025878906,2400300,0.0,0.0
259.88239291943177,263.97628936002496,259.88239291943177,263.9466247558594,11556400,0.0,0.0
266.0034423590368,266.24075919352117,261.7117919289085,261.9095458984375,970600,0.0,0.0
260.8811704948946,264.1048350328702,260.8811704948946,263.3631896972656,1117500,0.0,0.0
263.8180374070829,265.8649552117808,262.02820274939023,265.7561950683594,818600,0.0,0.0
265.874875863118,267.52628591575365,265.3705474308382,267.318603515625,1164700,0.0,0.0
267.8229447383681,268.1294890454383,265.36069202105483,265.667236328125,1046200,0.0,0.0
264.9651517395414,266.1913289578237,262.7303176167536,262.8984069824219,969600,0.0,0.0
262.9972973224087,264.1443789806302,262.32487950892073,262.53253173828125,978400,0.0,0.0
264.2125729620997,266.697829322394,263.99386918888973,266.62823486328125,887000,1.4,0.0
267.43346127343705,268.0995233409274,265.7931981077344,266.7475280761719,1132500,0.0,0.0
266.5487238717377,267.0060025541312,263.5862873257917,263.66583251953125,919900,0.0,0.0
264.5306899651585,264.98796863557897,262.03548290055676,262.37347412109375,906700,0.0,0.0
261.9857932349998,263.31788700494604,261.77700985745145,262.6518249511719,856700,0.0,0.0
265.0376777119249,266.45926747624816,260.0075210192216,260.2361755371094,1064100,0.0,0.0
261.5682439124094,262.7015353199796,260.48467583220315,261.3893127441406,908500,0.0,0.0
262.2243575569278,263.148865605559,260.25602367548004,260.49462890625,771800,0.0,0.0
260.9817401132238,262.85065775318554,258.3573251680876,261.03143310546875,917200,0.0,0.0
258.8842050176198,259.7589897969502,256.19016520579066,257.7608642578125,761800,0.0,0.0
257.4327894136765,259.2122414834897,255.72293180380962,256.16033935546875,1104300,0.0,0.0
254.19201003037827,254.79841317122933,250.46412559944156,252.01492309570312,1132400,0.0,0.0
254.96743446333005,256.0609230047577,251.89564603725518,252.3330535888672,2036400,0.0,0.0
252.36286597292195,252.82015980574005,249.33085025749943,249.72850036621094,1032100,0.0,0.0
251.2494844171954,251.35883630465173,247.56135727553212,248.06834411621094,845300,0.0,0.0
249.05250483117294,249.34080305847968,246.61695667421955,247.36253356933594,810800,0.0,0.0
247.93911472864855,249.4402040826154,247.01459149139953,248.98292541503906,2118600,0.0,0.0
249.62908218163042,251.21965226699064,247.90928908460506,248.48587036132812,1004400,0.0,0.0
249.19168709769517,250.99101030575096,248.65487838913097,249.161865234375,891200,0.0,0.0
248.69463387705616,250.4541996432246,247.75023948541588,250.27525329589844,1252500,0.0,0.0
248.76422250892313,250.49395120268005,245.69243416366362,246.6964874267578,1144700,0.0,0.0
246.32866492792124,248.6151038335288,246.32866492792124,246.81578063964844,947200,0.0,0.0
246.5672555765926,249.46009765301662,246.5672555765926,247.77012634277344,1629700,0.0,0.0
248.95308435678305,250.2653069513157,241.19909691200118,242.6703643798828,2423700,0.0,0.0
243.44577616208682,244.39017056362567,240.5131766336025,240.8412322998047,1304300,0.0,0.0
241.27862611505685,241.86514295359407,238.04779296775123,240.61256408691406,1325900,0.0,0.0
241.72597861502203,243.07795868371406,239.81730354783343,242.4814910888672,929900,0.0,0.0
243.59487881417687,244.7381058321719,242.09378944517226,243.74400329589844,758700,0.0,0.0
245.4240339238802,246.5374238874201,244.7082788990901,245.6824951171875,728800,0.0,0.0
245.23515943218024,246.38832202573477,244.47963178939574,245.9409637451172,621400,0.0,0.0
246.020486743219,248.33674742886956,246.020486743219,248.25721740722656,574700,0.0,0.0
249.2513184086758,249.55948776016785,247.53152531140688,248.8536834716797,585400,0.0,0.0
249.59926857168367,250.4641329309609,248.24728850507046,248.8139190673828,628500,0.0,0.0
250.24543367715856,250.86178758036414,247.82977173259883,247.9093017578125,781000,0.0,0.0
248.95309598267417,250.21561047689335,247.00466346615445,247.62100219726562,1045200,0.0,0.0
246.9648881308739,248.74434018208765,245.14569382090826,248.2969970703125,1113200,0.0,0.0
248.74433701353283,249.23145271545698,247.00465758083342,249.12210083007812,961800,0.0,0.0
249.14197396233422,249.66884709554097,247.5712901273553,249.11215209960938,701400,0.0,0.0
248.87358400639536,249.16186707688917,247.08419634994695,247.31283569335938,901200,0.0,0.0
246.4976725212766,248.50574873077292,246.0801361058833,247.2730712890625,975000,0.0,0.0
244.20128976359118,244.20128976359118,238.85302826249423,240.02606201171875,1621100,0.0,0.0
240.5330585260603,241.09968908908354,237.43144827005563,238.65420532226562,997900,0.0,0.0
238.4355003202639,239.71788592277298,235.44324196640784,236.0098876953125,1224800,0.0,0.0
234.17079814163344,235.38360448628777,233.21646817230632,233.62403869628906,1075400,0.0,0.0
233.62402847405951,236.57651418093167,233.47491916312686,236.3975830078125,1053400,0.0,0.0
236.43734281489782,241.61662368624673,236.06952973169368,241.31838989257812,2501400,0.0,0.0
241.45756191757985,242.07390062964325,236.59640117251013,238.4553680419922,1022200,0.0,0.0
237.41157553292845,240.70205250845694,237.41157553292845,239.2506561279297,1260100,0.0,0.0
239.74770953831342,240.6921039245915,238.01796564505378,239.97634887695312,582100,0.0,0.0
239.28047722834373,240.54299169552021,238.047799792525,239.54888916015625,730200,0.0,0.0
239.40972192156252,240.68217198792252,238.22673744530567,239.00213623046875,670900,0.0,0.0
238.26648233940372,238.85301434865028,237.27237982930515,237.95831298828125,655200,0.0,0.0
236.95427890428263,237.07356635348717,235.11518316210874,236.83499145507812,845100,0.0,0.0
239.08165459715804,240.92075031542564,237.43144078354285,238.39572143554688,788400,0.0,0.0
237.41157475055536,239.3600072251261,235.6221871533367,239.1810760498047,842800,0.0,0.0
236.9940433226308,238.01796774197842,231.60600928846318,233.78309631347656,1019500,0.0,0.0
234.17079495408677,238.1670914643499,233.81291742826022,237.54080200195312,1170200,0.0,0.0
238.1273219946051,240.34418163840806,237.8887470867887,239.0717315673828,823400,0.0,0.0
238.73371977845255,242.41191132482004,237.9881428707512,241.8949737548828,1193100,0.0,0.0
241.9347244554398,242.47154830858713,238.41560822320972,238.98223876953125,1813700,0.0,0.0
239.94652595937862,242.78965983922305,238.5846103294311,241.15933227539062,1296100,0.0,0.0
240.09564517637088,240.3640419355683,235.68182755507146,236.54669189453125,793800,0.0,0.0
235.31402121125817,237.89867873917004,233.61409917701675,237.47122192382812,855800,0.0,0.0
237.20281182668964,237.82910129186465,234.45909422904884,235.99000549316406,1158300,0.0,0.0
236.74000549316406,238.72000122070312,235.35000610351562,236.9600067138672,3403600,1.4,0.0
238.49000549316406,238.83999633789062,232.77000427246094,233.41000366210938,913000,0.0,0.0
233.33999633789062,235.6699981689453,233.33999633789062,235.50999450683594,949400,0.0,0.0
236.61000061035156,237.47999572753906,235.02000427246094,235.99000549316406,475400,0.0,0.0
236.0,236.0,232.8000030517578,233.13999938964844,1312100,0.0,0.0
233.77999877929688,235.22000122070312,232.80999755859375,233.91000366210938,992800,0.0,0.0
232.97000122070312,235.41000366210938,232.97000122070312,234.05999755859375,804500,0.0,0.0
233.27000427246094,235.94000244140625,233.1699981689453,235.91000366210938,859200,0.0,0.0
236.85000610351562,241.63999938964844,236.00999450683594,240.19000244140625,909300,0.0,0.0
242.38999938964844,247.02000427246094,241.5800018310547,245.92999267578125,1072300,0.0,0.0
245.9199981689453,248.0,244.91000366210938,246.72999572753906,890800,0.0,0.0
247.8000030517578,253.58999633789062,247.8000030517578,253.49000549316406,983600,0.0,0.0
253.27999877929688,255.0,252.6199951171875,253.88999938964844,782200,0.0,0.0
251.02000427246094,254.94000244140625,249.0399932861328,249.2899932861328,1202700,0.0,0.0
250.07000732421875,250.27999877929688,241.82000732421875,242.6199951171875,2575400,0.0,0.0
244.11000061035156,245.74000549316406,240.47000122070312,245.38999938964844,763300,0.0,0.0
244.6199951171875,245.75,242.74000549316406,243.05999755859375,642900,0.0,0.0
241.82000732421875,244.2100067138672,238.58999633789062,239.3000030517578,893000,0.0,0.0
239.19000244140625,246.89999389648438,238.5,243.8300018310547,970500,0.0,0.0
245.47999572753906,248.7899932861328,243.69000244140625,247.49000549316406,882200,0.0,0.0
247.6999969482422,249.9199981689453,246.5800018310547,248.02000427246094,1312400,0.0,0.0
255.44000244140625,256.32000732421875,240.02000427246094,249.33999633789062,1814600,0.0,0.0
249.24000549316406,250.24000549316406,245.77999877929688,247.27999877929688,1813600,0.0,0.0
247.52999877929688,248.97999572753906,240.9199981689453,242.25999450683594,1217100,0.0,0.0
240.57000732421875,244.07000732421875,237.9199981689453,243.85000610351562,1281600,0.0,0.0
241.9499969482422,242.74000549316406,237.5500030517578,239.36000061035156,1190100,0.0,0.0
239.83999633789062,242.11000061035156,237.55999755859375,238.3699951171875,1059600,0.0,0.0
240.1999969482422,243.6300048828125,236.41000366210938,236.86000061035156,838300,0.0,0.0
238.0,240.13999938964844,237.02999877929688,239.77000427246094,800500,0.0,0.0
239.14999389648438,240.2100067138672,236.2899932861328,239.2100067138672,652500,0.0,0.0
239.1999969482422,240.0,236.35000610351562,236.6199951171875,870800,0.0,0.0
237.3800048828125,239.47000122070312,235.49000549316406,238.75999450683594,598800,0.0,0.0
238.61000061035156,240.5399932861328,237.9600067138672,238.66000366210938,554600,0.0,0.0
241.16000366210938,242.8000030517578,239.5,240.25999450683594,970000,0.0,0.0
239.5399932861328,242.7100067138672,239.5399932861328,241.94000244140625,895100,0.0,0.0
242.57000732421875,243.10000610351562,241.0500030517578,242.66000366210938,571600,0.0,0.0
242.5800018310547,243.92999267578125,241.85000610351562,243.3800048828125,569800,0.0,0.0
244.4199981689453,246.77000427246094,243.44000244140625,246.6300048828125,668600,0.0,0.0
246.6300048828125,247.05999755859375,244.57000732421875,245.83999633789062,595400,0.0,0.0
246.86000061035156,248.89999389648438,245.63999938964844,246.99000549316406,494800,0.0,0.0
247.83999633789062,250.2100067138672,247.25,248.60000610351562,620700,0.0,0.0
248.69000244140625,249.72999572753906,247.91000366210938,249.27000427246094,763300,0.0,0.0
249.42999267578125,250.7100067138672,247.75,248.55999755859375,725100,0.0,0.0
250.14999389648438,251.94000244140625,248.77000427246094,250.44000244140625,585600,0.0,0.0
250.6999969482422,253.75,249.52999877929688,253.17999267578125,822600,0.0,0.0
252.5,252.97999572753906,248.41000366210938,249.77999877929688,959100,0.0,0.0
249.5500030517578,250.0,242.75,244.72999572753906,1052300,0.0,0.0
244.85000610351562,244.85000610351562,241.19000244140625,243.05999755859375,866000,0.0,0.0
242.99000549316406,245.8300018310547,242.33999633789062,243.60000610351562,754300,0.0,0.0
245.16000366210938,247.3300018310547,244.38999938964844,246.74000549316406,971500,0.0,0.0
247.0,248.1999969482422,244.9499969482422,247.57000732421875,811400,0.0,0.0
247.6699981689453,248.10000610351562,241.47000122070312,247.02000427246094,1027000,0.0,0.0
247.52999877929688,248.4499969482422,244.44000244140625,248.1999969482422,629000,0.0,0.0
248.83999633789062,252.3000030517578,248.07000732421875,251.75,669600,0.0,0.0
253.41000366210938,255.39999389648438,252.2100067138672,255.1300048828125,690100,0.0,0.0
255.64999389648438,258.3800048828125,254.05999755859375,254.72000122070312,812900,0.0,0.0
254.97000122070312,256.6499938964844,252.6199951171875,252.97000122070312,826300,0.0,0.0
256.5400085449219,259.0299987792969,254.9600067138672,257.9599914550781,727600,0.0,0.0
256.5899963378906,256.5899963378906,253.36000061035156,254.32000732421875,1773000,0.0,0.0
254.50999450683594,256.92999267578125,253.02999877929688,256.6499938964844,716200,0.0,0.0
258.2099914550781,259.7099914550781,256.69000244140625,258.5199890136719,709900,0.0,0.0
259.05999755859375,259.7900085449219,257.5199890136719,258.05999755859375,1150200,0.0,0.0
260.0,263.2300109863281,259.1499938964844,262.0,730600,0.0,0.0
263.0,267.70001220703125,262.80999755859375,263.9700012207031,1066400,0.0,0.0
262.1499938964844,263.0299987792969,259.3299865722656,262.07000732421875,876500,0.0,0.0
262.0199890136719,262.1700134277344,258.6300048828125,261.3500061035156,754500,0.0,0.0
260.3699951171875,262.3999938964844,260.0,261.8900146484375,776200,0.0,0.0
260.3900146484375,262.05999755859375,257.6000061035156,259.989990234375,827700,0.0,0.0
260.9599914550781,261.4100036621094,256.489990234375,258.4100036621094,624300,0.0,0.0
256.4100036621094,258.1300048828125,255.1300048828125,256.0400085449219,521000,0.0,0.0
256.29998779296875,257.010009765625,253.1199951171875,255.72000122070312,529800,0.0,0.0
255.61000061035156,259.2900085449219,254.33999633789062,257.9800109863281,717400,0.0,0.0
257.3800048828125,257.8299865722656,255.25999450683594,256.8299865722656,582200,0.0,0.0
257.3900146484375,260.9200134277344,257.3900146484375,260.5899963378906,664200,0.0,0.0
259.8399963378906,261.8999938964844,258.94000244140625,261.5,513500,0.0,0.0
262.7200012207031,264.7699890136719,261.2900085449219,261.3500061035156,729600,0.0,0.0
260.989990234375,263.239990234375,259.3399963378906,260.8299865722656,682200,0.0,0.0
261.94000244140625,262.20001220703125,258.95001220703125,260.6600036621094,684100,0.0,0.0
261.8699951171875,261.95001220703125,259.6300048828125,261.0299987792969,699700,0.0,0.0
260.29998779296875,261.0199890136719,257.739990234375,258.3699951171875,559200,0.0,0.0
257.9700012207031,259.2900085449219,254.25,256.9800109863281,852500,0.0,0.0
256.4599914550781,257.989990234375,255.5500030517578,256.32000732421875,860800,0.0,0.0
256.1499938964844,257.1600036621094,254.05999755859375,255.52999877929688,666000,0.0,0.0
257.1400146484375,257.1600036621094,253.8300018310547,254.0800018310547,730700,0.0,0.0
255.72000122070312,258.5199890136719,255.72000122070312,256.8699951171875,753800,0.0,0.0
255.4499969482422,257.54998779296875,253.0,256.0400085449219,1304900,0.0,0.0
263.0,264.75,253.4600067138672,264.3299865722656,1655900,0.0,0.0
264.6400146484375,265.3900146484375,260.80999755859375,261.1300048828125,1267500,0.0,0.0
261.9800109863281,264.2799987792969,260.739990234375,263.0799865722656,882600,0.0,0.0
263.6199951171875,265.45001220703125,262.0,263.8800048828125,737100,0.0,0.0
263.3599853515625,266.9599914550781,262.1300048828125,266.42999267578125,794700,0.0,0.0
272.95001220703125,277.5799865722656,272.0400085449219,275.4700012207031,1151600,0.0,0.0
275.67999267578125,275.9599914550781,271.2900085449219,272.9100036621094,833500,0.0,0.0
272.6099853515625,275.7300109863281,271.82000732421875,271.95001220703125,833600,0.0,0.0
